1,0,0,10,0,0
2,0,0,10,0,0
3,0,0,10,0,0
4,0,0,10,0,0
5,0,2.4,10,2,2
6,0,2,10,2,2
7,0,1.71429,10,2,2
8,0,4.5,10,6,6
9,0,4,10,6,6
10,0,3.6,10,6,6
11,0,3.27273,10,6,6
12,0,3,10,6,6
13,0,2.76923,10,6,6
14,1,3.42857,10,8,8
15,1,3.2,10,8,8
16,1,3,10,8,8
17,1,2.82353,10,8,8
18,2,3,10,9,9
19,3,3.47368,10,11,11
20,4,3.6,10,12,12
21,4,4.57143,10,16,16
22,4,4.36364,10,16,16
23,4,4.17391,10,16,16
24,4,4.25,10,17,17
25,4,4.32,10,18,18
26,4,4.15385,10,18,18
27,4,4,10,18,18
28,4,3.85714,10,18,18
29,4,3.72414,10,18,18
30,4,4.4,10,22,22
31,4,4.25806,9,0,22
32,4,4.125,9,0,22
33,4,4.18182,9,1,23
34,4,4.05882,9,1,23
35,4,4.11429,9,2,24
36,4,4.66667,9,6,28
37,4,4.7027,9,7,29
38,4,4.89474,9,9,31
39,4,4.92308,9,10,32
40,4,4.95,9,11,33
41,4,4.82927,9,11,33
42,4,4.71429,9,11,33
43,4,4.74419,9,12,34
44,4,4.63636,9,12,34
45,4,4.66667,9,13,35
46,4,4.69565,9,14,36
47,4,4.85106,9,16,38
48,4,4.75,9,16,38
49,4,4.65306,9,16,38
50,4,4.68,9,17,39
51,4,4.58824,9,17,39
52,4,4.5,9,17,39
53,4,4.41509,9,17,39
54,4,4.33333,9,17,39
55,4,4.25455,9,17,39
56,4,4.17857,9,17,39
57,4,4.10526,9,17,39
58,4,4.03448,9,17,39
59,4,3.9661,9,17,39
60,4,4.3,9,21,43
61,4,4.22951,9,21,43
62,4,4.35484,9,23,45
63,4,4.28571,9,23,45
64,4,4.21875,9,23,45
65,4,4.15385,9,23,45
66,4,4.45455,9,27,49
67,4,4.47761,9,28,50
68,4,4.41176,9,28,50
69,4,4.34783,9,28,50
70,4,4.28571,9,28,50
71,4,4.22535,9,28,50
72,4,4.16667,9,28,50
73,4,4.10959,9,28,50
74,4,4.13514,9,29,51
75,4,4.08,9,29,51
76,5,4.10526,9,30,52
77,6,4.12987,9,31,53
78,6,4.07692,9,31,53
79,6,4.02532,9,31,53
80,6,4.05,9,32,54
81,6,4.07407,9,33,55
82,6,4.09756,9,34,56
83,6,4.12048,9,35,57
84,6,4.07143,9,35,57
85,6,4.02353,9,35,57
86,7,4.04651,9,36,58
87,7,4,9,36,58
88,7,3.95455,9,36,58
89,7,3.97753,9,37,59
90,7,4,9,38,60
91,7,3.95604,9,38,60
92,7,3.97826,9,39,61
93,7,3.93548,9,39,61
94,7,3.89362,9,39,61
95,7,3.91579,9,40,62
96,7,3.9375,9,41,63
97,7,3.89691,9,41,63
98,7,3.91837,9,42,64
99,8,3.93939,9,43,65
100,8,4.02,9,45,67
101,8,4.0396,9,46,68
102,8,4.05882,9,47,69
103,8,4.01942,9,47,69
104,8,3.98077,9,47,69
105,8,3.94286,9,47,69
106,8,3.96226,9,48,70
107,8,3.92523,9,48,70
108,8,3.88889,9,48,70
109,8,3.90826,9,49,71
110,8,3.92727,9,50,72
111,8,3.89189,9,50,72
112,8,3.85714,9,50,72
113,8,3.87611,9,51,73
114,8,3.89474,9,52,74
115,8,3.91304,9,53,75
116,8,3.87931,9,53,75
117,8,3.84615,9,53,75
118,8,3.86441,9,54,76
119,8,3.83193,9,54,76
120,8,3.8,9,54,76
121,8,3.81818,9,55,77
122,8,3.83607,9,56,78
123,8,3.80488,9,56,78
124,8,3.77419,9,56,78
125,8,3.936,9,60,82
126,8,3.90476,9,60,82
127,8,3.92126,9,61,83
128,8,3.89062,8,0,83
129,8,3.90698,8,1,84
130,8,3.92308,8,2,85
131,8,3.89313,8,2,85
132,8,3.90909,8,3,86
133,8,3.8797,8,3,86
134,8,3.89552,8,4,87
135,8,3.86667,8,4,87
136,8,3.83824,8,4,87
137,8,3.85401,8,5,88
138,8,3.86957,8,6,89
139,8,3.88489,8,7,90
140,8,3.85714,8,7,90
141,8,3.82979,8,7,90
142,8,3.80282,8,7,90
143,8,3.86014,8,9,92
144,8,3.83333,8,9,92
145,8,3.88966,8,11,94
146,8,3.90411,8,12,95
147,8,3.87755,8,12,95
148,8,3.89189,8,13,96
149,8,3.86577,8,13,96
150,8,3.88,8,14,97
151,8,3.89404,8,15,98
152,8,3.90789,8,16,99
153,8,3.92157,8,17,100
154,8,3.8961,8,17,100
155,8,3.90968,8,18,101
156,8,3.88462,8,18,101
157,8,3.89809,8,19,102
158,8,4.02532,8,23,106
159,8,4,8,23,106
160,8,4.125,8,27,110
161,8,4.09938,8,27,110
162,8,4.07407,8,27,110
163,8,4.04908,8,27,110
164,8,4.06098,8,28,111
165,9,4.07273,8,29,112
166,9,4.08434,8,30,113
167,9,4.05988,8,30,113
168,9,4.03571,8,30,113
169,9,4.01183,8,30,113
170,9,4.02353,8,31,114
171,9,4.03509,8,32,115
172,9,4.01163,8,32,115
173,9,4.0578,8,34,117
174,9,4.03448,8,34,117
175,9,4.04571,8,35,118
176,9,4.02273,8,35,118
177,9,4.13559,8,39,122
178,10,4.14607,8,40,123
179,10,4.15642,8,41,124
180,10,4.13333,7,0,124
181,10,4.1105,7,0,124
182,11,4.12088,7,1,125
183,11,4.09836,7,1,125
184,11,4.07609,7,1,125
185,11,4.05405,7,1,125
186,11,4.03226,7,1,125
187,11,4.0107,7,1,125
188,11,3.98936,7,1,125
189,11,4,7,2,126
190,11,4.10526,7,6,130
191,11,4.08377,7,6,130
192,11,4.15625,7,9,133
193,11,4.13472,7,9,133
194,11,4.14433,7,10,134
195,11,4.15385,7,11,135
196,11,4.13265,7,11,135
197,11,4.11168,7,11,135
198,11,4.12121,7,12,136
199,11,4.1005,7,12,136
200,11,4.08,7,12,136
201,11,4.08955,7,13,137
202,11,4.09901,7,14,138
203,11,4.07882,7,14,138
204,12,4.08824,7,15,139
205,12,4.09756,7,16,140
206,12,4.1068,7,17,141
207,12,4.11594,7,18,142
208,12,4.125,7,19,143
209,12,4.10526,7,19,143
210,12,4.11429,7,20,144
211,12,4.09479,7,20,144
212,12,4.07547,7,20,144
213,12,4.08451,7,21,145
214,12,4.06542,7,21,145
215,12,4.07442,7,22,146
216,12,4.05556,7,22,146
217,12,4.06452,7,23,147
218,12,4.07339,7,24,148
219,12,4.05479,7,24,148
220,12,4.06364,7,25,149
221,12,4.0724,7,26,150
222,12,4.05405,7,26,150
223,12,4.03587,7,26,150
224,12,4.04464,7,27,151
225,12,4.02667,7,27,151
226,12,4.00885,7,27,151
227,12,3.99119,7,27,151
228,12,4,7,28,152
229,12,4.00873,7,29,153
230,12,4.01739,7,30,154
231,12,4.02597,7,31,155
232,12,4.06034,7,33,157
233,12,4.04292,7,33,157
234,12,4.12821,7,37,161
235,12,4.11064,6,0,161
236,12,4.09322,6,0,161
237,12,4.10127,6,1,162
238,12,4.08403,6,1,162
239,12,4.09205,6,2,163
240,12,4.075,6,2,163
241,12,4.05809,6,2,163
242,12,4.06612,6,3,164
243,12,4.07407,6,4,165
244,12,4.08197,6,5,166
245,12,4.0898,6,6,167
246,12,4.09756,6,7,168
247,12,4.08097,6,7,168
248,12,4.06452,6,7,168
249,12,4.04819,5,0,168
250,12,4.032,5,0,168
251,12,4.15936,5,6,174
252,12,4.14286,5,6,174
253,12,4.12648,5,6,174
254,12,4.13386,5,7,175
255,12,4.11765,5,7,175
256,12,4.125,5,8,176
257,12,4.1323,5,9,177
258,12,4.13953,5,10,178
259,12,4.12355,4,0,178
260,12,4.13077,4,1,179
261,12,4.11494,4,1,179
262,12,4.09924,4,1,179
263,12,4.08365,4,1,179
264,12,4.15909,4,5,183
265,12,4.23396,4,9,187
266,12,4.2406,4,10,188
267,12,4.22472,4,10,188
268,12,4.25373,4,12,190
269,12,4.26022,4,13,191
270,12,4.24444,4,13,191
271,12,4.2952,4,16,194
272,12,4.36765,4,20,198
273,12,4.37363,4,21,199
274,12,4.44526,4,25,203
275,12,4.42909,4,25,203
276,12,4.45652,4,27,205
277,12,4.46209,4,28,206
278,12,4.44604,4,28,206
279,12,4.45161,4,29,207
280,12,4.45714,4,30,208
281,13,4.46263,4,31,209
282,14,4.46809,4,32,210
283,14,4.4735,4,33,211
284,14,4.54225,4,37,215
285,15,4.54737,4,38,216
286,15,4.55245,4,39,217
287,15,4.53659,4,39,217
288,15,4.54167,4,40,218
289,15,4.56747,4,42,220
290,15,4.57241,4,43,221
291,15,4.57732,4,44,222
292,15,4.58219,4,45,223
293,16,4.58703,3,0,224
294,16,4.57143,3,0,224
295,16,4.57627,3,1,225
296,16,4.60135,3,3,227
297,16,4.60606,3,4,228
298,16,4.61074,3,5,229
299,16,4.59532,2,0,229
300,16,4.6,2,1,230
301,16,4.66445,2,5,234
302,16,4.72848,2,9,238
303,16,4.79208,2,13,242
304,16,4.79605,2,14,243
305,16,4.78033,2,14,243
306,16,4.84314,2,18,247
307,16,4.84691,2,19,248
308,16,4.83117,2,19,248
309,16,4.8932,2,23,252
310,16,4.89677,2,24,253
311,16,4.88103,2,24,253
312,16,4.90385,2,26,255
313,16,4.90735,2,27,256
