1,0,0,10,0,0
2,0,0,10,0,0
3,0,2,10,1,1
4,0,7.5,10,5,5
5,0,6,10,5,5
6,0,5,10,5,5
7,0,4.28571,10,5,5
8,0,3.75,10,5,5
9,0,4,10,6,6
10,0,3.6,10,6,6
11,0,3.27273,10,6,6
12,0,4.5,10,9,9
13,0,4.15385,10,9,9
14,0,3.85714,10,9,9
15,0,3.6,10,9,9
16,0,3.375,10,9,9
17,1,3.52941,10,10,10
18,2,3.66667,10,11,11
19,2,4.73684,10,15,15
20,2,4.5,10,15,15
21,2,4.28571,10,15,15
22,2,5.18182,10,19,19
23,2,6,10,23,23
24,2,5.75,10,23,23
25,2,6.48,10,27,27
26,2,6.46154,10,28,28
27,2,6.44444,10,29,29
28,2,6.21429,10,29,29
29,2,6,10,29,29
30,2,5.8,10,29,29
31,2,5.6129,9,0,29
32,2,5.4375,9,0,29
33,2,5.27273,9,0,29
34,2,5.82353,9,4,33
35,2,5.82857,9,5,34
36,2,5.66667,9,5,34
37,2,5.67568,9,6,35
38,2,5.52632,9,6,35
39,3,5.53846,9,7,36
40,3,5.7,9,9,38
41,3,5.56098,9,9,38
42,3,5.57143,9,10,39
43,3,5.44186,9,10,39
44,3,5.31818,9,10,39
45,3,5.2,9,10,39
46,3,5.08696,9,10,39
47,3,5.10638,9,11,40
48,3,5,9,11,40
49,3,4.89796,9,11,40
50,3,5.28,9,15,44
51,3,5.29412,9,16,45
52,3,5.19231,9,16,45
53,3,5.54717,9,20,49
54,3,5.44444,9,20,49
55,3,5.45455,9,21,50
56,3,5.35714,9,21,50
57,3,5.68421,9,25,54
58,3,6,9,29,58
59,3,5.89831,9,29,58
60,3,5.8,9,29,58
61,3,5.80328,9,30,59
62,3,5.70968,9,30,59
63,3,5.61905,9,30,59
64,3,5.71875,9,32,61
65,3,5.72308,9,33,62
66,3,5.63636,9,33,62
67,3,5.64179,9,34,63
68,3,5.55882,9,34,63
69,3,5.56522,9,35,64
70,3,5.57143,9,36,65
71,3,5.57746,9,37,66
72,3,5.5,9,37,66
73,3,5.42466,9,37,66
74,3,5.43243,9,38,67
75,3,5.52,9,40,69
76,3,5.52632,9,41,70
77,3,5.45455,9,41,70
78,3,5.46154,9,42,71
79,3,5.39241,9,42,71
80,3,5.325,9,42,71
81,3,5.33333,9,43,72
82,3,5.34146,9,44,73
83,3,5.56627,9,48,77
84,3,5.5,9,48,77
85,3,5.50588,9,49,78
86,3,5.51163,9,50,79
87,3,5.51724,9,51,80
88,3,5.45455,9,51,80
89,3,5.39326,9,51,80
90,3,5.6,9,55,84
91,3,5.53846,9,55,84
92,3,5.47826,9,55,84
93,3,5.41935,9,55,84
94,3,5.3617,9,55,84
95,3,5.55789,9,59,88
96,3,5.5,9,59,88
97,3,5.50515,9,60,89
98,3,5.44898,9,60,89
99,3,5.39394,9,60,89
100,3,5.34,9,60,89
101,3,5.34653,9,61,90
102,3,5.35294,9,62,91
103,3,5.30097,9,62,91
104,3,5.25,9,62,91
105,3,5.2,9,62,91
106,3,5.20755,9,63,92
107,3,5.27103,9,65,94
108,3,5.22222,9,65,94
109,3,5.22936,9,66,95
110,3,5.18182,9,66,95
111,3,5.13514,9,66,95
112,3,5.08929,9,66,95
113,3,5.09735,9,67,96
114,3,5.05263,8,0,96
115,3,5.0087,8,0,96
116,3,4.96552,8,0,96
117,3,4.92308,8,0,96
118,3,4.9322,8,1,97
119,3,4.94118,8,2,98
120,3,4.95,8,3,99
121,3,4.90909,8,3,99
122,3,4.86885,8,3,99
123,3,4.87805,8,4,100
124,3,4.83871,8,4,100
125,3,4.8,8,4,100
126,3,4.7619,8,4,100
127,3,4.72441,8,4,100
128,3,4.73438,8,5,101
129,3,4.74419,8,6,102
130,3,4.70769,8,6,102
131,3,4.67176,8,6,102
132,3,4.63636,8,6,102
133,3,4.64662,8,7,103
134,3,4.61194,8,7,103
135,3,4.62222,8,8,104
136,3,4.58824,8,8,104
137,3,4.59854,8,9,105
138,3,4.56522,8,9,105
139,3,4.53237,8,9,105
140,3,4.54286,8,10,106
141,3,4.51064,8,10,106
142,3,4.47887,8,10,106
143,3,4.44755,8,10,106
144,3,4.45833,8,11,107
145,3,4.46897,8,12,108
146,3,4.47945,8,13,109
147,3,4.4898,8,14,110
148,3,4.45946,8,14,110
149,3,4.42953,8,14,110
150,3,4.44,8,15,111
151,3,4.4106,7,0,111
152,3,4.42105,7,1,112
153,3,4.39216,7,1,112
154,3,4.44156,7,3,114
155,3,4.45161,7,4,115
156,3,4.42308,7,4,115
157,3,4.47134,7,6,117
158,3,4.44304,7,6,117
159,3,4.45283,7,7,118
160,3,4.425,7,7,118
161,3,4.39752,7,7,118
162,3,4.40741,7,8,119
163,3,4.38037,7,8,119
164,3,4.39024,7,9,120
165,3,4.4,7,10,121
166,3,4.40964,7,11,122
167,3,4.41916,7,12,123
168,3,4.42857,7,13,124
169,3,4.40237,7,13,124
170,3,4.51765,7,17,128
171,3,4.52632,7,18,129
172,3,4.53488,7,19,130
173,4,4.54335,7,20,131
174,4,4.55172,7,21,132
175,4,4.52571,7,21,132
176,4,4.5,7,21,132
177,4,4.50847,7,22,133
178,4,4.48315,7,22,133
179,4,4.49162,7,23,134
180,4,4.5,7,24,135
181,4,4.47514,7,24,135
182,5,4.48352,7,25,136
183,5,4.4918,7,26,137
184,5,4.5,7,27,138
185,5,4.50811,7,28,139
186,5,4.48387,7,28,139
187,5,4.45989,7,28,139
188,5,4.43617,7,28,139
189,5,4.4127,7,28,139
190,5,4.42105,7,29,140
191,6,4.42932,7,30,141
192,6,4.40625,7,30,141
193,6,4.50777,7,34,145
194,6,4.48454,7,34,145
195,6,4.49231,7,35,146
196,6,4.46939,7,35,146
197,6,4.4467,6,0,146
198,6,4.42424,6,0,146
199,6,4.40201,6,0,146
200,6,4.38,6,0,146
201,6,4.35821,6,0,146
202,6,4.33663,6,0,146
203,6,4.31527,6,0,146
204,6,4.32353,6,1,147
205,6,4.30244,6,1,147
206,6,4.28155,6,1,147
207,6,4.28986,6,2,148
208,6,4.29808,6,3,149
209,6,4.27751,6,3,149
210,6,4.25714,6,3,149
211,6,4.23697,6,3,149
212,6,4.21698,6,3,149
213,6,4.22535,6,4,150
214,6,4.20561,6,4,150
215,6,4.21395,6,5,151
216,6,4.19444,6,5,151
217,6,4.17512,6,5,151
218,6,4.15596,6,5,151
219,6,4.16438,6,6,152
220,6,4.14545,6,6,152
221,6,4.15385,6,7,153
222,6,4.16216,6,8,154
223,6,4.25112,6,12,158
224,6,4.23214,6,12,158
225,6,4.24,6,13,159
226,6,4.22124,6,13,159
227,6,4.20264,6,13,159
228,6,4.18421,6,13,159
229,6,4.19214,6,14,160
230,6,4.27826,6,18,164
231,6,4.28571,6,19,165
232,6,4.26724,6,19,165
233,6,4.27468,6,20,166
234,6,4.28205,6,21,167
235,6,4.28936,6,22,168
236,6,4.32203,6,24,170
237,6,4.32911,6,25,171
238,6,4.33613,6,26,172
239,6,4.3431,6,27,173
240,6,4.325,6,27,173
241,6,4.30705,6,27,173
242,7,4.31405,5,0,174
243,7,4.32099,5,1,175
244,7,4.32787,5,2,176
245,7,4.3102,5,2,176
246,7,4.31707,5,3,177
247,7,4.2996,5,3,177
248,7,4.28226,5,3,177
249,7,4.26506,5,3,177
250,7,4.272,5,4,178
251,7,4.27888,5,5,179
252,7,4.28571,5,6,180
253,7,4.36364,5,10,184
254,7,4.37008,5,11,185
255,7,4.35294,5,11,185
256,7,4.42969,5,15,189
257,7,4.4358,5,16,190
258,7,4.4186,5,16,190
259,7,4.49421,5,20,194
260,7,4.5,5,21,195
261,7,4.57471,5,25,199
262,7,4.58015,5,26,200
263,7,4.56274,5,26,200
264,7,4.54545,4,0,200
265,7,4.57358,4,2,202
266,7,4.55639,3,0,202
267,7,4.53933,3,0,202
268,7,4.52239,3,0,202
269,7,4.5948,3,4,206
270,7,4.57778,2,0,206
271,7,4.56089,2,0,206
272,7,4.54412,2,0,206
273,7,4.57143,2,2,208
274,7,4.59854,2,4,210
275,7,4.60364,2,5,211
276,7,4.6087,2,6,212
277,7,4.59206,2,6,212
278,7,4.57554,1,0,212
279,7,4.55914,1,0,212
280,7,4.56429,1,1,213
281,8,4.5694,1,2,214
282,8,4.6383,1,6,218
283,8,4.64311,1,7,219
284,8,4.64789,1,8,220
285,8,4.63158,0,0,220