1,1,6,10,1,1
2,1,3,10,1,1
3,1,2,10,1,1
4,2,3,10,2,2
5,6,7.2,10,6,6
6,6,9,10,9,9
7,6,7.71429,10,9,9
8,6,6.75,10,9,9
9,7,6.66667,10,10,10
10,7,6,10,10,10
11,7,5.45455,10,10,10
12,8,5.5,10,11,11
13,8,5.07692,10,11,11
14,8,4.71429,10,11,11
15,8,4.4,10,11,11
16,8,4.125,10,11,11
17,8,3.88235,10,11,11
18,8,3.66667,10,11,11
19,8,3.47368,10,11,11
20,8,3.3,10,11,11
21,8,3.14286,10,11,11
22,8,3,10,11,11
23,8,2.86957,10,11,11
24,8,2.75,10,11,11
25,8,3.36,10,14,14
26,10,3.69231,10,16,16
27,10,4.44444,10,20,20
28,10,4.28571,10,20,20
29,10,4.13793,10,20,20
30,10,4,10,20,20
31,10,3.87097,10,20,20
32,10,3.9375,10,21,21
33,10,3.81818,10,21,21
34,11,3.88235,10,22,22
35,11,3.77143,10,22,22
36,11,4,10,24,24
37,11,3.89189,10,24,24
38,11,3.78947,10,24,24
39,11,3.69231,10,24,24
40,12,4.35,10,29,29
41,12,4.82927,10,33,33
42,13,4.85714,10,34,34
43,14,4.88372,10,35,35
44,14,4.77273,10,35,35
45,14,4.66667,10,35,35
46,14,4.56522,10,35,35
47,14,4.46809,10,35,35
48,14,4.375,10,35,35
49,14,4.28571,10,35,35
50,14,4.2,10,35,35
51,14,4.11765,10,35,35
52,14,4.15385,10,36,36
53,14,4.5283,10,40,40
54,14,4.55556,10,41,41
55,14,4.47273,10,41,41
56,14,4.39286,10,41,41
57,14,4.73684,10,45,45
58,14,4.75862,10,46,46
59,14,4.67797,10,46,46
60,14,4.6,10,46,46
61,14,4.52459,10,46,46
62,14,4.45161,10,46,46
63,14,4.38095,10,46,46
64,14,4.3125,10,46,46
65,14,4.24615,10,46,46
66,14,4.18182,10,46,46
67,14,4.1194,10,46,46
68,14,4.05882,10,46,46
69,14,4.08696,10,47,47
70,14,4.02857,10,47,47
71,14,3.97183,10,47,47
72,14,3.91667,10,47,47
73,14,3.86301,10,47,47
74,14,3.97297,10,49,49
75,14,3.92,10,49,49
76,14,3.86842,10,49,49
77,14,3.81818,10,49,49
78,14,3.92308,10,51,51
79,14,3.87342,10,51,51
80,14,4.125,10,55,55
81,14,4.07407,10,55,55
82,14,4.02439,10,55,55
83,14,3.9759,10,55,55
84,14,3.92857,10,55,55
85,14,3.95294,10,56,56
86,14,3.97674,10,57,57
87,14,4,10,58,58
88,14,3.95455,10,58,58
89,14,4.17978,10,62,62
90,14,4.13333,10,62,62
91,15,4.15385,10,63,63
92,15,4.36957,10,67,67
93,16,4.3871,10,68,68
94,16,4.40426,10,69,69
95,16,4.61053,10,73,73
96,16,4.5625,10,73,73
97,16,4.51546,10,73,73
98,16,4.59184,10,75,75
99,16,4.60606,10,76,76
100,16,4.62,10,77,77
101,16,4.63366,10,78,78
102,16,4.58824,10,78,78
103,16,4.60194,10,79,79
104,16,4.61538,10,80,80
105,16,4.62857,10,81,81
106,16,4.58491,10,81,81
107,16,4.54206,10,81,81
108,16,4.5,10,81,81
109,16,4.51376,10,82,82
110,16,4.52727,10,83,83
111,16,4.48649,10,83,83
112,16,4.44643,10,83,83
113,16,4.51327,10,85,85
114,16,4.47368,10,85,85
115,16,4.48696,10,86,86
116,16,4.5,10,87,87
117,16,4.51282,10,88,88
118,16,4.52542,10,89,89
119,16,4.48739,10,89,89
120,17,4.55,10,91,91
121,17,4.5124,10,91,91
122,17,4.47541,10,91,91
123,17,4.4878,10,92,92
124,17,4.45161,10,92,92
125,17,4.464,10,93,93
126,17,4.47619,10,94,94
127,17,4.44094,10,94,94
128,17,4.45312,10,95,95
129,17,4.46512,10,96,96
130,17,4.61538,10,100,100
131,17,4.58015,10,100,100
132,17,4.72727,10,104,104
133,17,4.73684,10,105,105
134,17,4.74627,10,106,106
135,17,4.71111,10,106,106
136,17,4.67647,9,0,106
137,17,4.64234,9,0,106
138,17,4.6087,9,0,106
139,17,4.57554,9,0,106
140,17,4.54286,9,0,106
141,17,4.51064,9,0,106
142,17,4.52113,9,1,107
143,17,4.48951,9,1,107
144,17,4.625,9,5,111
145,17,4.5931,9,5,111
146,17,4.60274,9,6,112
147,17,4.57143,9,6,112
148,17,4.58108,9,7,113
149,17,4.5906,9,8,114
150,17,4.56,9,8,114
151,17,4.5298,9,8,114
152,17,4.5,9,8,114
153,17,4.47059,9,8,114
154,17,4.44156,9,8,114
155,17,4.4129,9,8,114
156,17,4.38462,9,8,114
157,17,4.35669,9,8,114
158,17,4.36709,9,9,115
159,17,4.33962,9,9,115
160,17,4.3125,9,9,115
161,17,4.32298,9,10,116
162,17,4.44444,9,14,120
163,17,4.45399,9,15,121
164,17,4.46341,9,16,122
165,17,4.58182,9,20,126
166,17,4.59036,9,21,127
167,17,4.56287,9,21,127
168,17,4.53571,9,21,127
169,17,4.54438,9,22,128
170,17,4.51765,9,22,128
171,17,4.49123,9,22,128
172,17,4.46512,9,22,128
173,17,4.47399,9,23,129
174,17,4.44828,9,23,129
175,17,4.42286,8,0,129
176,17,4.39773,8,0,129
177,17,4.37288,8,0,129
178,17,4.34831,8,0,129
179,17,4.39106,8,2,131
180,17,4.36667,8,2,131
181,17,4.37569,8,3,132
182,17,4.38462,8,4,133
183,17,4.36066,8,4,133
184,17,4.33696,8,4,133
185,17,4.31351,8,4,133
186,17,4.29032,7,0,133
187,17,4.39572,7,4,137
188,17,4.37234,6,0,137
189,17,4.38095,6,1,138
190,19,4.42105,6,3,140
191,19,4.39791,6,3,140
192,19,4.375,6,3,140
193,19,4.35233,6,3,140
194,19,4.3299,6,3,140
195,19,4.30769,6,3,140
196,19,4.28571,6,3,140
197,19,4.29442,6,4,141
198,19,4.27273,6,4,141
199,19,4.25126,6,4,141
200,19,4.23,6,4,141
201,19,4.20896,6,4,141
202,19,4.18812,5,0,141
203,19,4.16749,5,0,141
204,19,4.14706,5,0,141
205,19,4.12683,5,0,141
206,19,4.1068,5,0,141
207,19,4.08696,5,0,141
208,19,4.18269,5,4,145
209,19,4.16268,5,4,145
210,19,4.14286,5,4,145
211,19,4.12322,5,4,145
212,19,4.10377,5,4,145
213,19,4.08451,5,4,145
214,19,4.17757,5,8,149
215,19,4.15814,5,8,149
216,19,4.25,5,12,153
217,19,4.23041,5,12,153
218,19,4.21101,5,12,153
219,19,4.19178,5,12,153
220,19,4.2,5,13,154
221,19,4.181,5,13,154
222,19,4.21622,5,15,156
223,19,4.19731,5,15,156
224,19,4.17857,5,15,156
225,19,4.18667,5,16,157
226,19,4.16814,5,16,157
227,19,4.17621,5,17,158
228,19,4.26316,5,21,162
229,19,4.24454,5,21,162
230,19,4.22609,4,0,162
231,19,4.20779,4,0,162
232,19,4.18966,4,0,162
233,19,4.17167,4,0,162
234,19,4.15385,4,0,162
235,19,4.1617,4,1,163
236,19,4.24576,4,5,167
237,19,4.22785,4,5,167
238,19,4.21008,4,5,167
239,19,4.24268,4,7,169
240,19,4.225,4,7,169
241,19,4.23237,4,8,170
242,19,4.21488,4,8,170
243,19,4.19753,4,8,170
244,19,4.18033,4,8,170
245,19,4.26122,4,12,174
246,19,4.2439,4,12,174
247,19,4.25101,4,13,175
248,19,4.23387,4,13,175
249,19,4.21687,4,13,175
250,20,4.224,4,14,176
251,20,4.20717,4,14,176
252,20,4.19048,4,14,176
253,20,4.17391,4,14,176
254,21,4.1811,4,15,177
