1,0,0,10,0,0
2,0,0,10,0,0
3,0,2,10,1,1
4,0,1.5,10,1,1
5,0,1.2,10,1,1
6,0,1,10,1,1
7,0,0.857143,10,1,1
8,0,0.75,10,1,1
9,0,3.33333,10,5,5
10,0,3,10,5,5
11,0,3.27273,10,6,6
12,0,3,10,6,6
13,0,2.76923,10,6,6
14,0,2.57143,10,6,6
15,0,2.8,10,7,7
16,0,3,10,8,8
17,0,3.52941,10,10,10
18,0,3.33333,10,10,10
19,0,3.47368,10,11,11
20,0,3.9,10,13,13
21,0,3.71429,10,13,13
22,0,3.54545,10,13,13
23,0,3.3913,10,13,13
24,0,3.25,10,13,13
25,0,3.12,10,13,13
26,0,3,10,13,13
27,0,2.88889,10,13,13
28,0,3,10,14,14
29,0,2.89655,10,14,14
30,0,2.8,10,14,14
31,0,3.48387,10,18,18
32,0,3.5625,10,19,19
33,0,3.45455,10,19,19
34,0,4.05882,10,23,23
35,1,4.11429,10,24,24
36,1,4.66667,10,28,28
37,1,4.54054,10,28,28
38,1,4.42105,10,28,28
39,1,4.30769,9,0,28
40,1,4.2,9,0,28
41,1,4.09756,9,0,28
42,1,4,9,0,28
43,1,3.90698,9,0,28
44,1,3.81818,9,0,28
45,1,3.73333,9,0,28
46,1,3.91304,9,2,30
47,1,3.82979,9,2,30
48,1,3.75,9,2,30
49,1,3.67347,9,2,30
50,1,3.6,9,2,30
51,1,3.52941,9,2,30
52,1,3.46154,9,2,30
53,1,3.39623,9,2,30
54,1,3.33333,9,2,30
55,1,3.27273,9,2,30
56,1,3.21429,9,2,30
57,1,3.15789,9,2,30
58,1,3.10345,9,2,30
59,1,3.15254,9,3,31
60,1,3.2,9,4,32
61,1,3.14754,9,4,32
62,1,3.19355,9,5,33
63,1,3.2381,9,6,34
64,1,3.1875,9,6,34
65,1,3.13846,9,6,34
66,1,3.45455,9,10,38
67,1,3.49254,9,11,39
68,1,3.44118,9,11,39
69,1,3.3913,9,11,39
70,1,3.42857,9,12,40
71,1,3.46479,9,13,41
72,1,3.75,9,17,45
73,2,3.78082,9,18,46
74,2,3.72973,9,18,46
75,2,3.68,9,18,46
76,2,3.63158,9,18,46
77,2,3.66234,9,19,47
78,2,3.61538,9,19,47
79,2,3.56962,9,19,47
80,2,3.525,9,19,47
81,2,3.48148,9,19,47
82,2,3.43902,9,19,47
83,2,3.46988,9,20,48
84,2,3.5,9,21,49
85,2,3.45882,9,21,49
86,2,3.4186,9,21,49
87,2,3.44828,9,22,50
88,2,3.40909,8,0,50
89,2,3.4382,8,1,51
90,2,3.4,8,1,51
91,2,3.36264,8,1,51
92,2,3.32609,8,1,51
93,2,3.35484,8,2,52
94,2,3.31915,8,2,52
95,2,3.28421,8,2,52
96,2,3.25,8,2,52
97,2,3.27835,8,3,53
98,2,3.30612,8,4,54
99,2,3.51515,8,8,58
100,2,3.48,8,8,58
101,2,3.44554,8,8,58
102,2,3.47059,8,9,59
103,2,3.43689,8,9,59
104,2,3.40385,8,9,59
105,2,3.37143,8,9,59
106,2,3.33962,8,9,59
107,2,3.30841,8,9,59
108,2,3.33333,8,10,60
109,2,3.3578,8,11,61
110,2,3.32727,8,11,61
111,2,3.35135,8,12,62
112,2,3.375,8,13,63
113,2,3.34513,8,13,63
114,2,3.31579,8,13,63
115,2,3.33913,8,14,64
116,2,3.41379,8,16,66
117,2,3.38462,8,16,66
118,2,3.35593,8,16,66
119,2,3.32773,8,16,66
120,2,3.5,8,20,70
121,2,3.47107,8,20,70
122,2,3.44262,8,20,70
123,2,3.46341,8,21,71
124,2,3.53226,8,23,73
125,2,3.504,8,23,73
126,2,3.52381,8,24,74
127,2,3.54331,8,25,75
128,2,3.5625,8,26,76
129,2,3.5814,8,27,77
130,2,3.73846,8,31,81
131,2,3.75573,8,32,82
132,2,3.77273,8,33,83
133,2,3.83459,8,35,85
134,2,3.85075,8,36,86
135,2,3.86667,8,37,87
136,2,3.83824,8,37,87
137,2,3.85401,8,38,88
138,2,3.86957,8,39,89
139,2,3.88489,8,40,90
140,2,3.85714,8,40,90
141,2,3.82979,8,40,90
142,2,3.88732,8,42,92
143,2,3.86014,8,42,92
144,2,3.83333,8,42,92
145,2,3.84828,8,43,93
146,2,3.82192,8,43,93
147,2,3.79592,8,43,93
148,2,3.81081,8,44,94
149,2,3.78523,8,44,94
150,2,3.8,8,45,95
151,2,3.77483,8,45,95
152,2,3.78947,8,46,96
153,2,3.76471,8,46,96
154,2,3.77922,8,47,97
155,2,3.79355,8,48,98
156,2,3.80769,8,49,99
157,2,3.82166,8,50,100
158,2,3.79747,8,50,100
159,2,3.84906,8,52,102
160,2,3.8625,8,53,103
161,2,3.91304,8,55,105
162,2,3.92593,8,56,106
163,2,4.04908,8,60,110
164,2,4.06098,8,61,111
165,2,4.03636,8,61,111
166,2,4.04819,8,62,112
167,2,4.05988,8,63,113
168,2,4.07143,8,64,114
169,2,4.08284,8,65,115
170,2,4.09412,8,66,116
171,2,4.10526,8,67,117
172,2,4.22093,8,71,121
173,2,4.19653,8,71,121
174,2,4.2069,8,72,122
175,2,4.21714,8,73,123
176,2,4.19318,8,73,123
177,2,4.20339,8,74,124
178,2,4.17978,8,74,124
179,2,4.22346,8,76,126
180,2,4.2,8,76,126
181,2,4.1768,8,76,126
182,2,4.21978,8,78,128
183,2,4.19672,8,78,128
184,2,4.20652,8,79,129
185,2,4.24865,8,81,131
186,2,4.22581,8,81,131
187,2,4.23529,8,82,132
188,2,4.24468,8,83,133
189,2,4.22222,8,83,133
190,2,4.26316,8,85,135
191,2,4.24084,8,85,135
192,2,4.25,8,86,136
193,2,4.25907,8,87,137
194,2,4.23711,8,87,137
195,2,4.24615,8,88,138
196,2,4.2551,8,89,139
197,2,4.2335,8,89,139
198,2,4.33333,8,93,143
199,2,4.34171,8,94,144
200,2,4.35,8,95,145
201,2,4.35821,8,96,146
202,2,4.33663,8,96,146
203,3,4.34483,8,97,147
204,4,4.38235,8,99,149
205,4,4.41951,8,101,151
206,4,4.42718,8,102,152
207,4,4.43478,8,103,153
208,4,4.44231,8,104,154
209,4,4.44976,8,105,155
210,4,4.45714,8,106,156
211,4,4.49289,8,108,158
212,4,4.5,8,109,159
213,4,4.50704,8,110,160
214,4,4.48598,8,110,160
215,4,4.49302,8,111,161
216,4,4.5,8,112,162
217,4,4.50691,8,113,163
218,4,4.51376,8,114,164
219,4,4.49315,7,0,164
220,4,4.52727,7,2,166
221,4,4.56109,7,4,168
222,4,4.54054,7,4,168
223,4,4.6278,7,8,172
224,4,4.63393,7,9,173
225,4,4.61333,7,9,173
226,4,4.59292,7,9,173
227,4,4.59912,7,10,174
228,4,4.57895,7,10,174
229,4,4.55895,7,10,174
230,4,4.53913,7,10,174
231,4,4.54545,7,11,175
232,4,4.55172,7,12,176
233,4,4.63519,7,16,180
234,4,4.64103,7,17,181
235,4,4.62128,7,17,181
236,4,4.62712,7,18,182
237,4,4.70886,7,22,186
238,4,4.71429,7,23,187
239,4,4.71967,7,24,188
240,4,4.75,7,26,190
241,4,4.75519,7,27,191
242,4,4.83471,7,31,195
243,4,4.81481,7,31,195
244,5,4.81967,7,32,196
245,6,4.82449,7,33,197
246,6,4.82927,7,34,198
247,6,4.80972,6,0,198
248,6,4.83871,6,2,200
249,6,4.81928,6,2,200
250,6,4.8,6,2,200
251,6,4.78088,6,2,200
252,6,4.78571,6,3,201
253,6,4.79051,6,4,202
254,6,4.77165,6,4,202
255,6,4.75294,6,4,202
256,6,4.75781,6,5,203
257,6,4.76265,6,6,204
258,6,4.76744,6,7,205
259,6,4.7722,6,8,206
260,6,4.77692,6,9,207
261,6,4.78161,6,10,208
262,6,4.78626,6,11,209
263,6,4.79087,6,12,210
264,7,4.79545,6,13,211
265,7,4.8,6,14,212
266,7,4.91729,6,20,218
267,8,5.01124,6,25,223
268,8,5.03731,6,27,225
269,8,5.04089,6,28,226
270,8,5.11111,6,32,230
271,8,5.09225,5,0,230
272,8,5.09559,5,1,231
273,9,5.0989,5,2,232
274,9,5.08029,5,2,232
275,9,5.08364,5,3,233
276,9,5.08696,5,4,234
277,9,5.09025,5,5,235
278,9,5.09353,5,6,236
279,9,5.07527,5,6,236
280,10,5.07857,5,7,237
281,10,5.08185,5,8,238
282,10,5.06383,5,8,238
283,10,5.13074,5,12,242
284,10,5.1338,5,13,243
285,10,5.13684,5,14,244
286,10,5.11888,5,14,244
287,10,5.14286,5,16,246
288,10,5.14583,5,17,247
289,10,5.14879,5,18,248
290,10,5.21379,5,22,252
291,10,5.31959,5,28,258
292,10,5.34247,5,30,260
293,10,5.34471,5,31,261
294,10,5.44898,5,37,267
295,10,5.55254,5,43,273
296,10,5.55405,5,44,274
297,10,5.55556,5,45,275
298,10,5.55705,5,46,276
299,10,5.55853,5,47,277
300,10,5.58,5,49,279
301,10,5.6412,5,53,283
302,10,5.62252,4,0,283
303,10,5.60396,4,0,283
304,10,5.58553,4,0,283
305,10,5.68525,4,6,289
306,10,5.66667,4,6,289