1,2,12,10,2,2
2,2,9,10,3,3
3,2,8,10,4,4
4,2,6,10,4,4
5,2,4.8,10,4,4
6,2,6,10,6,6
7,2,5.14286,10,6,6
8,2,4.5,10,6,6
9,2,4,10,6,6
10,2,5.4,10,9,9
11,2,4.90909,10,9,9
12,2,5,10,10,10
13,2,4.61538,10,10,10
14,2,6,10,14,14
15,2,5.6,10,14,14
16,2,5.25,10,14,14
17,2,4.94118,10,14,14
18,2,4.66667,10,14,14
19,2,4.42105,10,14,14
20,2,5.4,10,18,18
21,2,5.14286,10,18,18
22,2,5.18182,10,19,19
23,2,6,10,23,23
24,2,5.75,10,23,23
25,2,5.76,10,24,24
26,2,5.53846,10,24,24
27,2,5.55556,10,25,25
28,2,6.21429,10,29,29
29,2,6.2069,10,30,30
30,2,6,10,30,30
31,2,5.80645,10,30,30
32,2,6,10,32,32
33,2,5.81818,10,32,32
34,2,5.82353,10,33,33
35,3,5.82857,10,34,34
36,3,5.66667,10,34,34
37,3,5.51351,10,34,34
38,3,5.36842,10,34,34
39,3,5.23077,10,34,34
40,3,5.1,10,34,34
41,3,4.97561,10,34,34
42,3,4.85714,10,34,34
43,3,4.74419,10,34,34
44,3,4.63636,10,34,34
45,3,4.66667,10,35,35
46,3,4.69565,10,36,36
47,3,4.7234,10,37,37
48,3,4.625,10,37,37
49,3,5.02041,10,41,41
50,3,4.92,10,41,41
51,3,4.82353,10,41,41
52,3,4.84615,10,42,42
53,3,4.75472,10,42,42
54,3,4.66667,10,42,42
55,3,4.69091,10,43,43
56,3,4.60714,10,43,43
57,3,4.63158,10,44,44
58,3,4.55172,10,44,44
59,3,4.57627,10,45,45
60,3,4.6,10,46,46
61,3,4.52459,10,46,46
62,3,4.54839,10,47,47
63,3,4.47619,10,47,47
64,3,4.78125,10,51,51
65,3,4.8,10,52,52
66,3,4.72727,10,52,52
67,3,4.65672,10,52,52
68,3,5.11765,10,58,58
69,3,5.13043,10,59,59
70,3,5.14286,10,60,60
71,3,5.40845,10,64,64
72,3,5.41667,10,65,65
73,3,5.42466,10,66,66
74,3,5.43243,10,67,67
75,3,5.68,10,71,71
76,3,5.68421,10,72,72
77,3,5.92208,10,76,76
78,3,5.84615,10,76,76
79,3,5.92405,10,78,78
80,3,5.85,10,78,78
81,3,5.85185,10,79,79
82,4,5.85366,10,80,80
83,4,5.85542,10,81,81
84,4,5.85714,10,82,82
85,4,5.85882,10,83,83
86,4,5.7907,10,83,83
87,4,5.86207,10,85,85
88,4,5.86364,10,86,86
89,4,5.79775,10,86,86
90,4,5.8,10,87,87
91,4,5.73626,10,87,87
92,4,5.73913,10,88,88
93,4,5.67742,10,88,88
94,4,5.68085,10,89,89
95,4,5.62105,10,89,89
96,4,5.9375,10,95,95
97,4,6.24742,10,101,101
98,4,6.2449,10,102,102
99,4,6.18182,10,102,102
100,4,6.12,10,102,102
101,5,6.11881,10,103,103
102,6,6.11765,10,104,104
103,6,6.05825,10,104,104
104,6,6,10,104,104
105,6,6,10,105,105
106,6,6,10,106,106
107,6,5.94393,10,106,106
108,6,5.88889,10,106,106
109,6,6.05505,10,110,110
110,6,6.05455,10,111,111
111,6,6,10,111,111
112,6,6,10,112,112
113,6,5.9469,10,112,112
114,6,5.94737,10,113,113
115,6,6.10435,10,117,117
116,6,6.05172,10,117,117
117,6,6.05128,10,118,118
118,6,6,10,118,118
119,6,6,10,119,119
120,6,6.05,10,121,121
121,6,6.04959,10,122,122
122,6,6.04918,10,123,123
123,6,6,10,123,123
124,6,6.24194,10,129,129
125,6,6.192,10,129,129
126,6,6.14286,10,129,129
127,6,6.09449,9,0,129
128,6,6.04688,9,0,129
129,6,6,9,0,129
130,6,6,9,1,130
131,6,5.9542,9,1,130
132,6,5.90909,9,1,130
133,6,5.86466,9,1,130
134,6,5.86567,9,2,131
135,6,5.86667,9,3,132
136,6,5.86765,9,4,133
137,6,5.82482,9,4,133
138,6,5.78261,9,4,133
139,6,5.74101,9,4,133
140,6,5.7,9,4,133
141,6,5.70213,9,5,134
142,6,5.70423,9,6,135
143,6,5.74825,9,8,137
144,6,5.70833,8,0,137
145,6,5.66897,8,0,137
146,6,5.67123,8,1,138
147,6,5.67347,8,2,139
148,6,5.67568,8,3,140
149,6,5.63758,8,3,140
150,6,5.64,8,4,141
151,6,5.68212,8,6,143
152,6,5.68421,8,7,144
153,6,5.68627,8,8,145
154,6,5.64935,7,0,145
155,6,5.6129,7,0,145
156,6,5.57692,7,0,145
157,6,5.57962,7,1,146
158,6,5.5443,7,1,146
159,6,5.54717,7,2,147
160,6,5.55,7,3,148
161,6,5.51553,7,3,148
162,6,5.48148,7,3,148
163,6,5.48466,7,4,149
164,6,5.45122,7,4,149
165,6,5.45455,7,5,150
166,6,5.45783,7,6,151
167,6,5.42515,7,6,151
168,6,5.39286,7,6,151
169,6,5.36095,6,0,151
170,6,5.32941,6,0,151
171,6,5.29825,6,0,151
172,6,5.30233,6,1,152
173,6,5.27168,6,1,152
174,6,5.24138,6,1,152
175,6,5.24571,6,2,153
176,6,5.28409,6,4,155
177,6,5.25424,6,4,155
178,6,5.22472,6,4,155
179,6,5.22905,6,5,156
180,6,5.23333,6,6,157
181,6,5.27072,6,8,159
182,6,5.27473,6,9,160
183,7,5.27869,6,10,161
184,7,5.28261,6,11,162
185,7,5.25405,6,11,162
186,7,5.22581,6,11,162
187,7,5.19786,6,11,162
188,7,5.17021,6,11,162
189,7,5.14286,6,11,162
190,7,5.14737,6,12,163
191,7,5.12042,6,12,163
192,7,5.09375,6,12,163
193,7,5.12953,6,14,165
194,7,5.13402,6,15,166
195,7,5.13846,6,16,167
196,7,5.14286,6,17,168
197,7,5.11675,6,17,168
198,7,5.09091,6,17,168
199,7,5.09548,6,18,169
200,7,5.07,6,18,169
201,7,5.07463,6,19,170
202,7,5.07921,6,20,171
203,7,5.08374,6,21,172
204,7,5.08824,6,22,173
205,7,5.06341,6,22,173
206,7,5.03883,6,22,173
207,7,5.01449,6,22,173
208,7,5.01923,6,23,174
209,7,5.02392,6,24,175
210,7,5.02857,6,25,176
211,7,5.00474,6,25,176
212,7,5.00943,6,26,177
213,7,5.01408,6,27,178
214,7,4.99065,6,27,178
215,7,4.96744,6,27,178
216,7,5.05556,6,31,182
217,7,5.14286,6,35,186
218,7,5.17431,6,37,188
219,7,5.15068,5,0,188
220,7,5.12727,5,0,188
221,7,5.13122,5,1,189
222,7,5.13514,5,2,190
223,7,5.13901,5,3,191
224,7,5.14286,5,4,192
225,7,5.12,5,4,192
226,7,5.09735,5,4,192
227,7,5.10132,5,5,193
228,7,5.13158,5,7,195
229,7,5.13537,5,8,196
230,7,5.13913,5,9,197
231,7,5.11688,5,9,197
232,7,5.12069,5,10,198
233,7,5.12446,5,11,199
234,7,5.12821,5,12,200
235,7,5.13191,5,13,201
236,7,5.13559,5,14,202
237,7,5.11392,5,14,202
238,7,5.11765,5,15,203
239,7,5.09623,5,15,203
240,9,5.125,5,17,205
241,9,5.12863,5,18,206
242,10,5.13223,5,19,207
243,10,5.1358,5,20,208
244,10,5.13934,5,21,209
245,10,5.14286,5,22,210
246,10,5.21951,5,26,214
247,10,5.29555,5,30,218
248,10,5.27419,5,30,218
249,10,5.3494,5,34,222
250,10,5.424,5,38,226
251,10,5.40239,4,0,226
252,10,5.40476,4,1,227
253,10,5.40711,4,2,228
254,10,5.40945,4,3,229
255,10,5.41176,4,4,230
256,10,5.39062,4,4,230
257,10,5.393,4,5,231
258,10,5.46512,4,9,235
259,10,5.46718,4,10,236
260,10,5.46923,4,11,237
261,10,5.47126,4,12,238
262,10,5.47328,4,13,239
263,10,5.54373,4,17,243
264,10,5.54545,4,18,244
265,10,5.54717,4,19,245
266,10,5.52632,3,0,245
267,10,5.52809,3,1,246
268,10,5.52985,3,2,247
269,10,5.5316,3,3,248
270,11,5.53333,3,4,249
271,11,5.60148,3,8,253
272,11,5.625,3,10,255
273,11,5.6044,2,0,255
274,11,5.60584,2,1,256
275,11,5.58545,2,1,256
276,11,5.56522,1,0,256
277,11,5.54513,1,0,256
278,11,5.52518,1,0,256
279,11,5.50538,1,0,256
280,11,5.48571,0,0,256
