1,0,0,10,0,0
2,0,0,10,0,0
3,0,0,10,0,0
4,0,1.5,10,1,1
5,0,2.4,10,2,2
6,0,2,10,2,2
7,0,1.71429,10,2,2
8,0,3,10,4,4
9,0,2.66667,10,4,4
10,0,3,10,5,5
11,0,2.72727,10,5,5
12,0,2.5,10,5,5
13,0,2.30769,10,5,5
14,0,2.14286,10,5,5
15,0,2,10,5,5
16,0,1.875,10,5,5
17,0,1.76471,10,5,5
18,0,1.66667,10,5,5
19,0,1.57895,10,5,5
20,0,1.5,10,5,5
21,0,1.42857,10,5,5
22,0,1.63636,10,6,6
23,0,1.56522,10,6,6
24,0,2,10,8,8
25,0,1.92,10,8,8
26,0,2.30769,10,10,10
27,0,2.88889,10,13,13
28,0,3,10,14,14
29,0,2.89655,10,14,14
30,0,2.8,10,14,14
31,0,2.70968,10,14,14
32,0,2.8125,10,15,15
33,0,2.72727,10,15,15
34,0,2.64706,10,15,15
35,0,2.57143,10,15,15
36,0,2.5,10,15,15
37,0,2.43243,10,15,15
38,0,2.36842,10,15,15
39,0,2.30769,9,0,15
40,0,2.25,9,0,15
41,0,2.19512,9,0,15
42,0,2.14286,9,0,15
43,0,2.23256,9,1,16
44,0,2.18182,9,1,16
45,0,2.13333,9,1,16
46,0,2.21739,9,2,17
47,0,2.17021,9,2,17
48,0,2.125,9,2,17
49,0,2.08163,9,2,17
50,0,2.52,9,6,21
51,1,2.58824,9,7,22
52,1,2.53846,9,7,22
53,1,2.49057,9,7,22
54,1,2.44444,9,7,22
55,1,2.4,9,7,22
56,1,2.35714,9,7,22
57,1,2.31579,9,7,22
58,1,2.27586,9,7,22
59,1,2.64407,9,11,26
60,1,2.6,9,11,26
61,1,2.65574,9,12,27
62,1,2.70968,9,13,28
63,1,2.66667,9,13,28
64,1,2.625,9,13,28
65,1,2.58462,9,13,28
66,1,2.54545,9,13,28
67,1,2.59701,9,14,29
68,1,2.55882,9,14,29
69,1,2.86957,9,18,33
70,1,2.82857,9,18,33
71,1,3.12676,9,22,37
72,1,3.08333,9,22,37
73,1,3.12329,9,23,38
74,1,3.16216,9,24,39
75,1,3.12,9,24,39
76,2,3.15789,9,25,40
77,2,3.11688,9,25,40
78,2,3.15385,9,26,41
79,2,3.11392,9,26,41
80,2,3.225,9,28,43
81,2,3.25926,9,29,44
82,2,3.29268,9,30,45
83,2,3.3253,9,31,46
84,2,3.42857,9,33,48
85,2,3.45882,9,34,49
86,2,3.55814,9,36,51
87,2,3.51724,9,36,51
88,2,3.47727,9,36,51
89,2,3.50562,9,37,52
90,2,3.46667,8,0,52
91,2,3.42857,8,0,52
92,2,3.3913,8,0,52
93,2,3.41935,8,1,53
94,2,3.38298,8,1,53
95,2,3.41053,8,2,54
96,2,3.375,8,2,54
97,2,3.40206,8,3,55
98,2,3.4898,8,5,57
99,2,3.45455,8,5,57
100,2,3.42,8,5,57
101,2,3.62376,8,9,61
102,3,3.64706,8,10,62
103,3,3.6699,8,11,63
104,3,3.63462,8,11,63
105,3,3.6,8,11,63
106,3,3.56604,8,11,63
107,3,3.58879,8,12,64
108,3,3.61111,8,13,65
109,4,3.63303,8,14,66
110,4,3.70909,8,16,68
111,4,3.67568,8,16,68
112,4,3.64286,8,16,68
113,4,3.61062,8,16,68
114,4,3.57895,8,16,68
115,4,3.54783,8,16,68
116,4,3.56897,8,17,69
117,4,3.58974,8,18,70
118,4,3.55932,8,18,70
119,4,3.52941,8,18,70
120,4,3.55,8,19,71
121,4,3.52066,8,19,71
122,4,3.4918,8,19,71
123,4,3.5122,8,20,72
124,4,3.53226,8,21,73
125,4,3.552,8,22,74
126,4,3.57143,8,23,75
127,4,3.73228,8,27,79
128,4,3.75,8,28,80
129,4,3.76744,8,29,81
130,4,3.73846,8,29,81
131,4,3.75573,8,30,82
132,4,3.72727,8,30,82
133,4,3.69925,8,30,82
134,4,3.71642,8,31,83
135,4,3.73333,8,32,84
136,4,3.75,8,33,85
137,4,3.72263,8,33,85
138,4,3.73913,8,34,86
139,4,3.7554,8,35,87
140,4,3.72857,8,35,87
141,4,3.70213,8,35,87
142,4,3.67606,8,35,87
143,4,3.69231,8,36,88
144,4,3.70833,8,37,89
145,4,3.72414,8,38,90
146,4,3.73973,8,39,91
147,4,3.7551,8,40,92
148,4,3.72973,8,40,92
149,4,3.8255,8,43,95
150,4,3.8,8,43,95
151,4,3.77483,8,43,95
152,4,3.82895,8,45,97
153,4,3.80392,8,45,97
154,4,3.77922,8,45,97
155,4,3.79355,8,46,98
156,5,3.80769,8,47,99
157,5,3.78344,8,47,99
158,5,3.79747,8,48,100
159,5,3.77358,8,48,100
160,5,3.7875,8,49,101
161,5,3.76398,8,49,101
162,6,3.77778,8,50,102
163,6,3.79141,8,51,103
164,6,3.76829,8,51,103
165,6,3.74545,8,51,103
166,6,3.75904,8,52,104
167,6,3.80838,8,54,106
168,6,3.82143,8,55,107
169,8,3.86982,8,57,109
170,8,3.91765,8,59,111
171,8,3.92982,8,60,112
172,8,3.90698,8,60,112
173,8,3.91908,8,61,113
174,8,3.93103,8,62,114
175,8,3.90857,8,62,114
176,8,3.88636,8,62,114
177,8,3.86441,8,62,114
178,8,3.8764,8,63,115
179,8,3.88827,8,64,116
180,8,3.9,8,65,117
181,8,3.9116,8,66,118
182,8,3.92308,8,67,119
183,8,3.93443,8,68,120
184,8,3.94565,8,69,121
185,8,3.95676,8,70,122
186,8,3.96774,8,71,123
187,8,3.94652,8,71,123
188,8,3.95745,8,72,124
189,8,3.96825,8,73,125
190,8,3.97895,8,74,126
191,8,3.98953,8,75,127
192,8,3.96875,8,75,127
193,8,3.94819,8,75,127
194,8,3.92784,8,75,127
195,8,3.90769,8,75,127
196,8,3.91837,8,76,128
197,8,3.92893,8,77,129
198,8,3.93939,8,78,130
199,8,3.94975,8,79,131
200,8,4.02,8,82,134
201,8,4.02985,8,83,135
202,8,4.0396,8,84,136
203,8,4.0197,8,84,136
204,8,4,8,84,136
205,8,4.00976,8,85,137
206,8,4.01942,8,86,138
207,8,4.02899,8,87,139
208,8,4.00962,8,87,139
209,8,4.10526,8,91,143
210,8,4.11429,8,92,144
211,8,4.12322,8,93,145
212,8,4.10377,8,93,145
213,8,4.08451,7,0,145
214,8,4.1215,7,2,147
215,8,4.10233,7,2,147
216,8,4.08333,7,2,147
217,8,4.17512,7,6,151
218,8,4.18349,7,7,152
219,8,4.16438,7,7,152
220,8,4.25455,7,11,156
221,8,4.26244,6,0,157
222,8,4.27027,6,1,158
223,8,4.25112,6,1,158
224,8,4.23214,6,1,158
225,8,4.21333,6,1,158
226,8,4.19469,6,1,158
227,8,4.17621,6,1,158
228,8,4.18421,6,2,159
229,8,4.19214,6,3,160
230,8,4.17391,6,3,160
231,8,4.18182,6,4,161
232,8,4.18966,6,5,162
233,8,4.19742,6,6,163
234,8,4.17949,6,6,163
235,8,4.18723,6,7,164
236,8,4.19492,6,8,165
237,8,4.17722,6,8,165
238,8,4.18487,6,9,166
239,8,4.19247,6,10,167
240,8,4.175,6,10,167
241,8,4.15768,6,10,167
242,8,4.1405,6,10,167
243,8,4.12346,6,10,167
244,8,4.13115,6,11,168
245,8,4.13878,6,12,169
246,8,4.12195,6,12,169
247,8,4.12955,6,13,170
248,8,4.1371,6,14,171
249,8,4.12048,6,14,171
250,8,4.128,6,15,172
251,8,4.11155,5,0,172
252,8,4.11905,5,1,173
253,8,4.10277,5,1,173
254,8,4.11024,5,2,174
255,8,4.09412,5,2,174
256,8,4.07812,5,2,174
257,8,4.0856,5,3,175
258,8,4.06977,5,3,175
259,8,4.07722,5,4,176
260,8,4.08462,5,5,177
261,8,4.09195,5,6,178
262,8,4.09924,5,7,179
263,8,4.1749,5,11,183
264,9,4.18182,5,12,184
265,9,4.18868,5,13,185
266,9,4.17293,5,13,185
267,9,4.17978,5,14,186
268,9,4.20896,5,16,188
269,9,4.23792,5,18,190
270,9,4.24444,5,19,191
271,9,4.2952,5,22,194
272,9,4.27941,5,22,194
273,9,4.26374,5,22,194
274,9,4.24818,5,22,194
275,9,4.23273,5,22,194
276,9,4.23913,5,23,195
277,9,4.24549,5,24,196
278,9,4.23022,5,24,196
279,9,4.30108,5,28,200
280,10,4.30714,5,29,201
281,10,4.31317,5,30,202
282,10,4.29787,5,30,202
283,10,4.30389,5,31,203
284,10,4.30986,5,32,204
285,10,4.31579,5,33,205
286,10,4.3007,4,0,205
287,10,4.36934,4,4,209
288,10,4.39583,4,6,211
289,10,4.46367,4,10,215
290,10,4.48966,4,12,217
291,10,4.5567,4,16,221
292,10,4.58219,4,18,223
293,10,4.58703,4,19,224
294,10,4.59184,4,20,225
295,10,4.59661,4,21,226
296,10,4.60135,4,22,227
297,10,4.66667,4,26,231
298,10,4.67114,4,27,232
299,10,4.67559,4,28,233
300,10,4.7,4,30,235
301,10,4.68439,4,30,235
302,10,4.78808,4,36,241
303,10,4.79208,4,37,242
304,10,4.79605,4,38,243
305,10,4.8,4,39,244
