1,0,0,10,0,0
2,0,0,10,0,0
3,1,2,10,1,1
4,1,1.5,10,1,1
5,1,1.2,10,1,1
6,1,1,10,1,1
7,1,1.71429,10,2,2
8,1,1.5,10,2,2
9,1,1.33333,10,2,2
10,1,1.2,10,2,2
11,1,1.09091,10,2,2
12,1,1,10,2,2
13,1,0.923077,10,2,2
14,2,1.28571,10,3,3
15,2,1.2,10,3,3
16,2,1.125,10,3,3
17,2,1.76471,10,5,5
18,2,2.33333,10,7,7
19,2,2.21053,10,7,7
20,2,2.1,10,7,7
21,2,2.28571,10,8,8
22,2,3.27273,10,12,12
23,4,3.65217,10,14,14
24,4,4.5,10,18,18
25,4,5.04,10,21,21
26,4,4.84615,10,21,21
27,4,4.66667,10,21,21
28,4,4.5,9,0,21
29,4,4.75862,9,2,23
30,4,4.6,9,2,23
31,4,4.45161,9,2,23
32,4,4.3125,9,2,23
33,4,4.18182,9,2,23
34,4,4.05882,9,2,23
35,4,3.94286,9,2,23
36,4,3.83333,9,2,23
37,4,3.72973,9,2,23
38,4,3.63158,9,2,23
39,4,3.69231,9,3,24
40,4,3.75,9,4,25
41,4,3.65854,9,4,25
42,4,3.57143,9,4,25
43,4,3.48837,9,4,25
44,4,3.40909,9,4,25
45,4,3.73333,9,7,28
46,4,3.65217,9,7,28
47,4,3.82979,9,9,30
48,4,3.75,9,9,30
49,4,3.67347,9,9,30
50,4,3.6,9,9,30
51,4,3.52941,9,9,30
52,4,3.46154,9,9,30
53,4,3.39623,9,9,30
54,4,3.77778,9,13,34
55,4,3.70909,9,13,34
56,4,3.64286,9,13,34
57,4,4,9,17,38
58,4,3.93103,9,17,38
59,4,3.86441,9,17,38
60,4,4.2,9,21,42
61,4,4.13115,9,21,42
62,4,4.06452,9,21,42
63,4,4.19048,9,23,44
64,4,4.125,9,23,44
65,4,4.06154,9,23,44
66,4,4.09091,9,24,45
67,4,4.1194,9,25,46
68,4,4.14706,9,26,47
69,4,4.08696,9,26,47
70,4,4.11429,9,27,48
71,4,4.14085,9,28,49
72,4,4.08333,9,28,49
73,4,4.0274,9,28,49
74,4,4.05405,9,29,50
75,4,4.08,9,30,51
76,4,4.02632,9,30,51
77,4,3.97403,9,30,51
78,4,4,9,31,52
79,4,3.94937,9,31,52
80,4,3.975,9,32,53
81,4,4,9,33,54
82,4,3.95122,9,33,54
83,4,3.9759,9,34,55
84,4,3.92857,9,34,55
85,4,4.02353,9,36,57
86,4,3.97674,9,36,57
87,4,3.93103,9,36,57
88,4,4.15909,9,40,61
89,4,4.11236,9,40,61
90,4,4.06667,9,40,61
91,4,4.02198,9,40,61
92,4,3.97826,9,40,61
93,4,3.93548,9,40,61
94,4,3.89362,9,40,61
95,4,3.91579,9,41,62
96,4,3.875,8,0,62
97,4,3.89691,8,1,63
98,4,3.85714,8,1,63
99,4,3.81818,8,1,63
100,4,3.78,8,1,63
101,4,3.80198,8,2,64
102,4,3.76471,8,2,64
103,4,3.72816,8,2,64
104,4,3.75,8,3,65
105,4,3.71429,8,3,65
106,4,3.67925,8,3,65
107,4,3.70093,8,4,66
108,4,3.66667,8,4,66
109,4,3.63303,8,4,66
110,4,3.65455,8,5,67
111,4,3.62162,8,5,67
112,4,3.58929,8,5,67
113,4,3.55752,8,5,67
114,4,3.52632,8,5,67
115,4,3.65217,8,8,70
116,4,3.82759,8,12,74
117,4,3.79487,8,12,74
118,4,3.76271,8,12,74
119,4,3.78151,8,13,75
120,4,3.75,8,13,75
121,4,3.71901,8,13,75
122,4,3.68852,8,13,75
123,4,3.65854,8,13,75
124,4,3.67742,8,14,76
125,4,3.744,8,16,78
126,4,3.71429,8,16,78
127,4,3.73228,8,17,79
128,4,3.70312,8,17,79
129,4,3.67442,8,17,79
130,4,3.64615,8,17,79
131,4,3.61832,8,17,79
132,8,3.77273,8,21,83
133,8,3.78947,8,22,84
134,8,3.80597,8,23,85
135,8,3.86667,8,25,87
136,8,3.83824,8,25,87
137,8,3.81022,8,25,87
138,8,3.78261,8,25,87
139,8,3.79856,8,26,88
140,8,3.77143,8,26,88
141,8,3.74468,8,26,88
142,8,3.71831,8,26,88
143,8,3.69231,8,26,88
144,8,3.66667,8,26,88
145,8,3.64138,8,26,88
146,8,3.65753,8,27,89
147,8,3.63265,8,27,89
148,8,3.64865,8,28,90
149,10,3.7047,8,30,92
150,10,3.68,8,30,92
151,10,3.69536,8,31,93
152,10,3.67105,8,31,93
153,10,3.64706,8,31,93
154,10,3.7013,8,33,95
155,10,3.67742,8,33,95
156,10,3.69231,8,34,96
157,10,3.66879,8,34,96
158,10,3.64557,8,34,96
159,10,3.66038,8,35,97
160,10,3.7125,8,37,99
161,10,3.68944,8,37,99
162,10,3.7037,8,38,100
163,10,3.68098,8,38,100
164,10,3.65854,8,38,100
165,10,3.78182,8,42,104
166,10,3.75904,7,0,104
167,10,3.73653,7,0,104
168,10,3.71429,7,0,104
169,10,3.69231,7,0,104
170,10,3.67059,7,0,104
171,10,3.64912,7,0,104
172,10,3.69767,7,2,106
173,10,3.71098,7,3,107
174,10,3.75862,7,5,109
175,11,3.77143,7,6,110
176,11,3.75,7,6,110
177,11,3.76271,7,7,111
178,12,3.77528,7,8,112
179,12,3.75419,7,8,112
180,12,3.76667,7,9,113
181,12,3.77901,7,10,114
182,12,3.79121,7,11,115
183,12,3.77049,7,11,115
184,12,3.75,7,11,115
185,12,3.76216,7,12,116
186,12,3.80645,7,14,118
187,12,3.81818,7,15,119
188,12,3.82979,7,16,120
189,12,3.87302,7,18,122
190,13,3.88421,7,19,123
191,13,3.86387,7,19,123
192,13,3.84375,7,19,123
193,14,3.85492,7,20,124
194,14,3.83505,7,20,124
195,14,3.84615,7,21,125
196,14,3.85714,7,22,126
197,14,3.83756,7,22,126
198,14,3.84848,7,23,127
199,14,3.8593,7,24,128
200,14,3.87,7,25,129
201,14,3.8806,7,26,130
202,14,3.86139,7,26,130
203,14,3.87192,7,27,131
204,14,3.88235,7,28,132
205,14,3.86341,7,28,132
206,14,3.84466,7,28,132
207,14,3.88406,7,30,134
208,14,3.86538,7,30,134
209,14,3.84689,7,30,134
210,14,3.85714,7,31,135
211,14,3.83886,7,31,135
212,14,3.82075,7,31,135
213,14,3.83099,7,32,136
214,14,3.84112,7,33,137
215,14,3.85116,7,34,138
216,14,3.83333,7,34,138
217,14,3.92627,7,38,142
218,14,3.90826,7,38,142
219,14,3.91781,7,39,143
220,14,3.9,7,39,143
221,14,3.88235,7,39,143
222,14,3.89189,7,40,144
223,14,3.98206,7,44,148
224,14,3.96429,7,44,148
225,19,4.08,7,49,153
226,19,4.06195,7,49,153
227,19,4.04405,7,49,153
228,19,4.02632,7,49,153
229,19,4.00873,7,49,153
230,19,3.9913,7,49,153
231,19,3.97403,7,49,153
232,19,4.06034,7,53,157
233,19,4.14592,7,57,161
234,19,4.12821,7,57,161
235,19,4.11064,7,57,161
236,19,4.19492,7,61,165
237,19,4.17722,7,61,165
238,20,4.18487,7,62,166
239,20,4.16736,7,62,166
240,20,4.175,7,63,167
241,20,4.18257,7,64,168
242,20,4.16529,7,64,168
243,20,4.17284,7,65,169
244,20,4.18033,7,66,170
245,20,4.16327,7,66,170
246,20,4.14634,7,66,170
247,20,4.12955,7,66,170
248,20,4.1129,7,66,170
249,20,4.12048,7,67,171
250,20,4.128,7,68,172
251,20,4.11155,7,68,172
252,20,4.11905,7,69,173
253,20,4.1502,7,71,175
254,20,4.15748,7,72,176
255,20,4.14118,6,0,176
256,20,4.125,6,0,176
257,20,4.10895,6,0,176
258,20,4.09302,6,0,176
259,20,4.07722,6,0,176
260,20,4.08462,6,1,177
261,20,4.09195,6,2,178
262,20,4.09924,6,3,179
263,20,4.08365,6,3,179
264,20,4.15909,6,7,183
265,20,4.23396,6,11,187
266,20,4.21805,6,11,187
267,20,4.22472,6,12,188
268,20,4.20896,6,12,188
269,20,4.28253,6,16,192
270,20,4.26667,6,16,192
271,20,4.27306,6,17,193
272,20,4.27941,6,18,194
273,20,4.26374,6,18,194
274,20,4.33577,6,22,198
275,20,4.32,6,22,198
276,20,4.30435,6,22,198
277,20,4.31047,6,23,199
278,20,4.31655,6,24,200
279,20,4.32258,6,25,201
280,20,4.30714,6,25,201
281,20,4.31317,6,26,202
282,20,4.31915,6,27,203
283,20,4.38869,6,31,207
284,20,4.39437,6,32,208
285,20,4.42105,6,34,210
286,20,4.40559,6,34,210
287,20,4.41115,6,35,211
288,20,4.39583,6,35,211
289,20,4.40138,6,36,212
290,20,4.38621,6,36,212
291,20,4.43299,6,39,215
292,20,4.41781,6,39,215
293,20,4.42321,6,40,216
294,20,4.4898,6,44,220
295,20,4.49492,6,45,221
296,20,4.47973,6,45,221
297,20,4.48485,6,46,222
298,20,4.4698,6,46,222
299,20,4.53512,6,50,226
