1,0,0,10,0,0
2,0,0,10,0,0
3,0,2,10,1,1
4,1,3,10,2,2
5,1,3.6,10,3,3
6,1,3,10,3,3
7,1,2.57143,10,3,3
8,1,2.25,10,3,3
9,1,2,10,3,3
10,1,1.8,10,3,3
11,1,3.81818,10,7,7
12,1,4,10,8,8
13,1,3.69231,10,8,8
14,1,3.42857,10,8,8
15,1,3.2,10,8,8
16,1,3,10,8,8
17,1,2.82353,10,8,8
18,1,2.66667,9,0,8
19,2,2.84211,9,1,9
20,2,3,9,2,10
21,2,2.85714,9,2,10
22,2,3.81818,9,6,14
23,2,4.17391,9,8,16
24,2,4,9,8,16
25,2,3.84,9,8,16
26,2,3.69231,9,8,16
27,2,3.55556,9,8,16
28,2,3.42857,9,8,16
29,2,3.31034,9,8,16
30,2,3.2,9,8,16
31,2,3.09677,9,8,16
32,2,3,9,8,16
33,2,3.09091,9,9,17
34,2,3.35294,9,11,19
35,2,3.25714,9,11,19
36,2,3.33333,9,12,20
37,2,3.56757,9,14,22
38,2,3.78947,9,16,24
39,2,3.69231,9,16,24
40,2,3.6,9,16,24
41,2,3.95122,9,19,27
42,2,3.85714,9,19,27
43,2,3.76744,9,19,27
44,2,3.68182,9,19,27
45,2,4.13333,9,23,31
46,2,4.56522,9,27,35
47,2,4.46809,9,27,35
48,2,4.75,9,30,38
49,2,4.65306,9,30,38
50,2,4.56,9,30,38
51,2,4.47059,9,30,38
52,2,4.84615,9,34,42
53,2,4.75472,9,34,42
54,2,4.66667,9,34,42
55,2,4.58182,9,34,42
56,2,4.60714,9,35,43
57,2,4.52632,9,35,43
58,2,4.55172,9,36,44
59,2,4.57627,9,37,45
60,2,4.6,9,38,46
61,2,4.62295,9,39,47
62,2,4.54839,9,39,47
63,2,4.47619,9,39,47
64,3,4.5,9,40,48
65,3,4.8,9,44,52
66,3,4.81818,9,45,53
67,3,5.10448,9,49,57
68,3,5.02941,9,49,57
69,3,4.95652,9,49,57
70,3,4.88571,9,49,57
71,3,4.90141,9,50,58
72,3,4.83333,9,50,58
73,3,4.84932,9,51,59
74,3,4.78378,9,51,59
75,3,4.8,9,52,60
76,3,4.73684,9,52,60
77,3,4.67532,9,52,60
78,3,4.69231,9,53,61
79,3,4.70886,9,54,62
80,3,4.725,9,55,63
81,3,4.74074,9,56,64
82,3,4.68293,9,56,64
83,3,4.62651,9,56,64
84,3,4.57143,9,56,64
85,3,4.58824,9,57,65
86,3,4.81395,9,61,69
87,3,4.75862,9,61,69
88,3,4.77273,9,62,70
89,3,4.7191,9,62,70
90,3,4.8,9,64,72
91,3,5.01099,9,68,76
92,3,5.02174,9,69,77
93,3,4.96774,9,69,77
94,3,4.97872,9,70,78
95,3,4.92632,9,70,78
96,3,4.875,9,70,78
97,3,4.8866,9,71,79
98,3,4.89796,9,72,80
99,3,4.90909,9,73,81
100,3,4.92,9,74,82
101,3,4.93069,9,75,83
102,3,4.88235,9,75,83
103,3,4.8932,9,76,84
104,3,4.84615,9,76,84
105,3,4.85714,9,77,85
106,3,4.81132,9,77,85
107,3,4.76636,9,77,85
108,3,4.77778,9,78,86
109,3,4.78899,9,79,87
110,3,4.74545,9,79,87
111,3,4.75676,9,80,88
112,3,4.71429,9,80,88
113,3,4.72566,9,81,89
114,3,4.78947,9,83,91
115,3,4.8,9,84,92
116,3,4.86207,9,86,94
117,3,4.82051,9,86,94
118,3,4.83051,9,87,95
119,3,4.84034,9,88,96
120,3,4.85,9,89,97
121,3,4.80992,9,89,97
122,3,4.77049,9,89,97
123,3,4.73171,9,89,97
124,3,4.8871,9,93,101
125,3,4.896,9,94,102
126,3,4.85714,8,0,102
127,3,4.8189,8,0,102
128,3,4.78125,8,0,102
129,3,4.74419,8,0,102
130,3,4.70769,8,0,102
131,3,4.71756,8,1,103
132,3,4.68182,8,1,103
133,3,4.64662,8,1,103
134,3,4.65672,8,2,104
135,3,4.62222,8,2,104
136,3,4.63235,8,3,105
137,3,4.64234,8,4,106
138,3,4.6087,8,4,106
139,4,4.61871,8,5,107
140,4,4.67143,8,7,109
141,4,4.6383,8,7,109
142,4,4.60563,8,7,109
143,4,4.61538,8,8,110
144,4,4.58333,8,8,110
145,4,4.5931,8,9,111
146,4,4.64384,8,11,113
147,4,4.65306,8,12,114
148,4,4.62162,8,12,114
149,4,4.5906,8,12,114
150,4,4.56,8,12,114
151,4,4.68874,8,16,118
152,4,4.65789,8,16,118
153,4,4.86275,8,22,124
154,4,4.83117,8,22,124
155,4,4.83871,8,23,125
156,4,4.80769,8,23,125
157,4,4.81529,8,24,126
158,4,4.78481,8,24,126
159,4,4.83019,8,26,128
160,4,4.8,8,26,128
161,4,4.80745,8,27,129
162,4,4.77778,8,27,129
163,4,4.78528,8,28,130
164,4,4.7561,8,28,130
165,4,4.76364,8,29,131
166,4,4.73494,8,29,131
167,4,4.74251,8,30,132
168,4,4.78571,8,32,134
169,4,4.8284,8,34,136
170,4,4.83529,8,35,137
171,4,4.80702,8,35,137
172,4,4.77907,8,35,137
173,4,4.78613,8,36,138
174,4,4.75862,8,36,138
175,4,4.73143,8,36,138
176,4,4.73864,8,37,139
177,4,4.71186,8,37,139
178,4,4.7191,8,38,140
179,4,4.72626,8,39,141
180,4,4.8,8,42,144
181,4,4.77348,8,42,144
182,4,4.74725,8,42,144
183,5,4.7541,8,43,145
184,5,4.72826,8,43,145
185,5,4.7027,8,43,145
186,5,4.67742,8,43,145
187,5,4.65241,8,43,145
188,5,4.65957,8,44,146
189,5,4.63492,8,44,146
190,5,4.61053,8,44,146
191,5,4.58639,7,0,146
192,5,4.5625,7,0,146
193,5,4.56995,7,1,147
194,5,4.54639,7,1,147
195,5,4.52308,7,1,147
196,5,4.53061,7,2,148
197,5,4.53807,7,3,149
198,5,4.54545,7,4,150
199,5,4.58291,7,6,152
200,5,4.59,7,7,153
201,5,4.59701,7,8,154
202,5,4.60396,7,9,155
203,5,4.61084,7,10,156
204,5,4.61765,7,11,157
205,5,4.62439,7,12,158
206,5,4.63107,7,13,159
207,5,4.63768,7,14,160
208,5,4.64423,7,15,161
209,5,4.62201,7,15,161
210,6,4.62857,7,16,162
211,6,4.66351,7,18,164
212,6,4.64151,7,18,164
213,6,4.67606,7,20,166
214,6,4.68224,7,21,167
215,6,4.71628,7,23,169
216,6,4.69444,7,23,169
217,6,4.67281,7,23,169
218,6,4.6789,7,24,170
219,6,4.65753,7,24,170
220,6,4.63636,7,24,170
221,6,4.61538,7,24,170
222,6,4.59459,7,24,170
223,6,4.57399,7,24,170
224,6,4.66071,7,28,174
225,6,4.64,7,28,174
226,6,4.61947,6,0,174
227,6,4.62555,6,1,175
228,6,4.65789,6,3,177
229,6,4.63755,6,3,177
230,6,4.64348,6,4,178
231,6,4.62338,6,4,178
232,6,4.62931,6,5,179
233,6,4.63519,6,6,180
234,6,4.61538,6,6,180
235,6,4.62128,6,7,181
236,6,4.60169,6,7,181
237,6,4.58228,6,7,181
238,6,4.58824,6,8,182
239,6,4.56904,6,8,182
240,6,4.55,6,8,182
241,6,4.55602,6,9,183
242,6,4.53719,6,9,183
243,6,4.51852,6,9,183
244,6,4.52459,6,10,184
245,6,4.53061,6,11,185
246,6,4.53659,6,12,186
247,6,4.54251,6,13,187
248,6,4.54839,6,14,188
249,6,4.53012,6,14,188
250,6,4.512,6,14,188
251,6,4.58964,6,18,192
252,6,4.59524,6,19,193
253,6,4.60079,6,20,194
254,6,4.58268,6,20,194
255,6,4.58824,6,21,195
256,6,4.59375,6,22,196
257,6,4.59922,6,23,197
258,6,4.5814,6,23,197
259,6,4.58687,6,24,198
260,6,4.66154,6,28,202
261,6,4.66667,6,29,203
262,6,4.74046,6,33,207
263,6,4.74525,6,34,208
264,6,4.75,6,35,209
265,6,4.75472,6,36,210
266,6,4.82707,6,40,214
267,6,4.83146,6,41,215
268,6,4.83582,6,42,216
269,6,4.86245,6,44,218
270,6,4.84444,6,44,218
271,6,4.91513,6,48,222
272,6,4.91912,6,49,223
273,6,4.9011,5,0,223
274,6,4.9708,5,4,227
275,6,4.97455,5,5,228
276,6,4.97826,5,6,229
277,6,4.98195,5,7,230
278,6,4.98561,5,8,231
279,6,4.96774,4,0,231
280,6,5.03571,4,4,235
281,6,5.0605,4,6,237
282,6,5.04255,4,6,237
283,6,5.04594,4,7,238
284,6,5.02817,4,7,238
285,6,5.05263,4,9,240
286,6,5.07692,4,11,242
287,6,5.10105,4,13,244
288,11,5.1875,4,18,249
289,11,5.2526,4,22,253
290,11,5.25517,4,23,254
291,11,5.23711,4,23,254
292,11,5.21918,3,0,254
293,11,5.24232,3,2,256
294,11,5.22449,3,2,256
295,11,5.22712,3,3,257
296,11,5.22973,3,4,258
297,11,5.23232,3,5,259
298,11,5.21477,2,0,259
299,11,5.21739,2,1,260
300,11,5.28,2,5,264
301,11,5.30233,2,7,266
302,11,5.3245,2,9,268
303,12,5.32673,2,10,269
304,13,5.32895,2,11,270
305,14,5.33115,2,12,271