1,0,0,10,0,0
2,0,0,10,0,0
3,0,4,10,2,2
4,1,4.5,10,3,3
5,1,4.8,10,4,4
6,1,4,10,4,4
7,1,3.42857,10,4,4
8,1,3,10,4,4
9,1,2.66667,10,4,4
10,1,2.4,10,4,4
11,1,4.36364,10,8,8
12,1,4,10,8,8
13,1,4.15385,10,9,9
14,1,3.85714,10,9,9
15,1,4.4,10,11,11
16,1,4.5,10,12,12
17,1,4.58824,10,13,13
18,1,4.66667,10,14,14
19,1,5.68421,10,18,18
20,1,5.4,10,18,18
21,2,5.42857,10,19,19
22,2,5.18182,10,19,19
23,2,4.95652,10,19,19
24,2,4.75,10,19,19
25,2,4.56,10,19,19
26,2,4.38462,10,19,19
27,2,4.44444,10,20,20
28,2,5.14286,10,24,24
29,2,4.96552,10,24,24
30,2,5,10,25,25
31,2,4.83871,10,25,25
32,2,5.4375,10,29,29
33,2,5.27273,9,0,29
34,2,5.82353,9,4,33
35,2,5.65714,9,4,33
36,2,5.66667,9,5,34
37,2,5.83784,9,7,36
38,2,5.68421,9,7,36
39,2,5.53846,9,7,36
40,2,5.4,9,7,36
41,2,5.41463,9,8,37
42,2,5.28571,9,8,37
43,2,5.16279,9,8,37
44,2,5.86364,9,14,43
45,2,5.73333,9,14,43
46,2,5.6087,9,14,43
47,2,5.48936,9,14,43
48,6,5.875,9,18,47
49,6,6.2449,9,22,51
50,6,6.12,9,22,51
51,6,6.23529,9,24,53
52,6,6.11538,9,24,53
53,6,6.45283,9,28,57
54,6,6.44444,9,29,58
55,6,6.32727,9,29,58
56,6,6.21429,9,29,58
57,6,6.52632,9,33,62
58,6,6.41379,9,33,62
59,6,6.30508,9,33,62
60,6,6.2,9,33,62
61,6,6.19672,9,34,63
62,6,6.09677,9,34,63
63,6,6,9,34,63
64,6,5.90625,9,34,63
65,6,5.90769,9,35,64
66,6,5.90909,9,36,65
67,6,5.8209,9,36,65
68,6,5.73529,9,36,65
69,6,5.73913,9,37,66
70,6,5.65714,9,37,66
71,6,5.57746,9,37,66
72,7,5.58333,9,38,67
73,8,5.58904,9,39,68
74,8,5.83784,9,43,72
75,8,5.76,9,43,72
76,8,5.68421,9,43,72
77,8,5.61039,9,43,72
78,8,5.53846,9,43,72
79,8,5.5443,9,44,73
80,8,5.775,9,48,77
81,8,6,9,52,81
82,8,6,9,53,82
83,8,6.21687,9,57,86
84,8,6.42857,9,61,90
85,8,6.35294,9,61,90
86,8,6.4186,9,63,92
87,8,6.41379,9,64,93
88,9,6.40909,9,65,94
89,9,6.33708,9,65,94
90,9,6.33333,9,66,95
91,9,6.52747,9,70,99
92,9,6.58696,9,72,101
93,9,6.58065,9,73,102
94,9,6.57447,9,74,103
95,9,6.63158,9,76,105
96,9,6.5625,9,76,105
97,9,6.5567,9,77,106
98,9,6.4898,9,77,106
99,9,6.48485,9,78,107
100,9,6.48,9,79,108
101,9,6.47525,9,80,109
102,9,6.47059,9,81,110
103,9,6.46602,9,82,111
104,9,6.46154,9,83,112
105,10,6.45714,9,84,113
106,10,6.50943,9,86,115
107,11,6.50467,9,87,116
108,11,6.44444,9,87,116
109,11,6.38532,9,87,116
110,11,6.38182,9,88,117
111,11,6.37838,9,89,118
112,11,6.32143,9,89,118
113,11,6.31858,9,90,119
114,11,6.26316,9,90,119
115,11,6.26087,9,91,120
116,11,6.41379,9,95,124
117,11,6.41026,9,96,125
118,11,6.35593,8,0,125
119,11,6.30252,8,0,125
120,11,6.3,8,1,126
121,11,6.29752,8,2,127
122,11,6.2459,8,2,127
123,11,6.2439,8,3,128
124,11,6.3871,8,7,132
125,11,6.336,8,7,132
126,11,6.28571,8,7,132
127,11,6.23622,8,7,132
128,11,6.375,8,11,136
129,11,6.37209,8,12,137
130,11,6.32308,8,12,137
131,11,6.27481,8,12,137
132,11,6.31818,8,14,139
133,11,6.31579,8,15,140
134,11,6.26866,7,0,140
135,11,6.22222,7,0,140
136,11,6.17647,7,0,140
137,11,6.21898,7,2,142
138,12,6.21739,7,3,143
139,12,6.21583,7,4,144
140,12,6.17143,7,4,144
141,12,6.21277,7,6,146
142,12,6.16901,7,6,146
143,12,6.12587,7,6,146
144,12,6.125,7,7,147
145,12,6.08276,7,7,147
146,12,6.0411,7,7,147
147,12,6,7,7,147
148,12,5.95946,7,7,147
149,12,5.91946,7,7,147
150,12,5.92,7,8,148
151,12,5.88079,7,8,148
152,12,5.84211,7,8,148
153,12,5.84314,7,9,149
154,12,5.84416,7,10,150
155,12,5.80645,7,10,150
156,12,5.80769,7,11,151
157,12,5.7707,7,11,151
158,12,5.73418,7,11,151
159,12,5.73585,7,12,152
160,12,5.7,7,12,152
161,12,5.70186,7,13,153
162,12,5.74074,7,15,155
163,12,5.74233,7,16,156
164,12,5.70732,7,16,156
165,12,5.70909,7,17,157
166,12,5.71084,7,18,158
167,12,5.82036,7,22,162
168,12,5.78571,7,22,162
169,12,5.75148,7,22,162
170,12,5.71765,7,22,162
171,12,5.7193,7,23,163
172,12,5.68605,7,23,163
173,12,5.65318,6,0,163
174,12,5.62069,6,0,163
175,12,5.58857,5,0,163
176,12,5.55682,5,0,163
177,12,5.52542,5,0,163
178,12,5.5618,5,2,165
179,12,5.53073,5,2,165
180,12,5.5,5,2,165
181,12,5.53591,5,4,167
182,12,5.53846,5,5,168
183,12,5.5082,5,5,168
184,12,5.51087,5,6,169
185,12,5.51351,5,7,170
186,12,5.48387,5,7,170
187,12,5.45455,5,7,170
188,12,5.42553,5,7,170
189,12,5.39683,5,7,170
190,12,5.43158,5,9,172
191,12,5.43455,5,10,173
192,12,5.40625,5,10,173
193,12,5.37824,5,10,173
194,12,5.35052,5,10,173
195,12,5.32308,5,10,173
196,12,5.32653,5,11,174
197,12,5.32995,5,12,175
198,12,5.30303,5,12,175
199,12,5.27638,5,12,175
200,12,5.28,5,13,176
201,12,5.25373,5,13,176
202,12,5.25743,5,14,177
203,12,5.26108,5,15,178
204,12,5.23529,5,15,178
205,12,5.23902,5,16,179
206,12,5.21359,5,16,179
207,12,5.18841,5,16,179
208,12,5.16346,5,16,179
209,13,5.16746,5,17,180
210,13,5.14286,5,17,180
211,13,5.11848,5,17,180
212,13,5.09434,5,17,180
213,13,5.07042,5,17,180
214,13,5.04673,5,17,180
215,13,5.05116,5,18,181
216,13,5.05556,5,19,182
217,13,5.03226,5,19,182
218,13,5.11927,5,23,186
219,13,5.12329,5,24,187
220,13,5.12727,5,25,188
221,13,5.13122,5,26,189
222,13,5.10811,5,26,189
223,13,5.0852,5,26,189
224,13,5.0625,5,26,189
225,13,5.04,5,26,189
226,13,5.0177,5,26,189
227,13,4.99559,5,26,189
228,13,4.97368,5,26,189
229,13,4.97817,5,27,190
230,13,4.98261,5,28,191
231,13,5.01299,5,30,193
232,13,5.01724,5,31,194
233,13,5.02146,5,32,195
234,13,5.02564,5,33,196
235,13,5.02979,5,34,197
236,13,5.00847,5,34,197
237,13,4.98734,5,34,197
238,13,4.9916,5,35,198
239,13,4.97071,5,35,198
240,13,4.95,5,35,198
241,13,5.02905,5,39,202
242,13,5.03306,5,40,203
243,15,5.06173,5,42,205
244,15,5.09016,5,44,207
245,15,5.09388,5,45,208
246,15,5.09756,4,0,209
247,15,5.07692,4,0,209
248,15,5.05645,4,0,209
249,15,5.08434,4,2,211
250,15,5.16,4,6,215
251,15,5.23506,4,10,219
252,15,5.21429,4,10,219
253,15,5.28854,4,14,223
254,15,5.31496,4,16,225
255,15,5.29412,4,16,225
256,15,5.27344,4,16,225
257,15,5.27626,4,17,226
258,15,5.25581,4,17,226
259,15,5.25869,4,18,227
260,15,5.26154,4,19,228
261,15,5.24138,4,19,228
262,15,5.24427,4,20,229
263,15,5.24715,4,21,230
264,15,5.31818,4,25,234
265,15,5.32075,4,26,235
266,15,5.32331,4,27,236
267,15,5.32584,4,28,237
268,15,5.32836,4,29,238
269,15,5.30855,4,29,238
270,15,5.28889,4,29,238
271,16,5.31365,4,31,240
272,16,5.31618,4,32,241
273,16,5.31868,4,33,242
274,16,5.34307,4,35,244
275,16,5.34545,4,36,245
276,16,5.32609,4,36,245
277,16,5.32852,4,37,246
278,16,5.39568,4,41,250
279,16,5.39785,4,42,251
280,16,5.50714,4,48,257
281,16,5.57295,4,52,261
282,16,5.6383,4,56,265
283,16,5.61837,4,56,265
284,16,5.59859,3,0,265
285,16,5.57895,3,0,265
286,16,5.55944,3,0,265
287,17,5.56098,3,1,266
288,17,5.625,3,5,270
