1,0,0,10,0,0
2,0,0,10,0,0
3,0,2,10,1,1
4,1,3,10,2,2
5,1,2.4,10,2,2
6,1,2,10,2,2
7,1,1.71429,10,2,2
8,1,1.5,10,2,2
9,1,1.33333,10,2,2
10,1,1.2,10,2,2
11,1,1.09091,10,2,2
12,1,1.5,10,3,3
13,1,1.38462,10,3,3
14,1,3,10,7,7
15,1,4.4,10,11,11
16,1,4.125,10,11,11
17,1,3.88235,10,11,11
18,1,5,10,15,15
19,1,4.73684,10,15,15
20,1,4.5,10,15,15
21,1,4.28571,9,0,15
22,1,4.09091,9,0,15
23,1,4.43478,9,2,17
24,1,4.25,9,2,17
25,1,4.08,9,2,17
26,1,4.15385,9,3,18
27,1,4.22222,9,4,19
28,1,4.07143,9,4,19
29,1,4.75862,9,8,23
30,1,4.6,9,8,23
31,1,4.64516,9,9,24
32,1,4.5,8,0,24
33,1,4.36364,8,0,24
34,1,4.23529,8,0,24
35,1,4.11429,8,0,24
36,1,4,8,0,24
37,1,3.89189,8,0,24
38,1,4.42105,8,4,28
39,1,4.30769,8,4,28
40,1,4.2,8,4,28
41,1,4.09756,8,4,28
42,1,4,8,4,28
43,2,4.04651,8,5,29
44,2,3.95455,8,5,29
45,2,4.13333,8,7,31
46,2,4.17391,8,8,32
47,2,4.08511,8,8,32
48,2,4,8,8,32
49,2,3.91837,8,8,32
50,2,3.84,8,8,32
51,2,3.76471,8,8,32
52,2,3.69231,8,8,32
53,2,3.62264,8,8,32
54,2,3.66667,8,9,33
55,2,3.81818,8,11,35
56,2,3.75,8,11,35
57,2,3.68421,8,11,35
58,2,3.62069,8,11,35
59,2,3.9661,8,15,39
60,2,4,8,16,40
61,2,3.93443,8,16,40
62,2,3.96774,8,17,41
63,2,3.90476,8,17,41
64,2,3.9375,8,18,42
65,2,3.87692,8,18,42
66,2,3.81818,8,18,42
67,2,3.76119,8,18,42
68,2,3.70588,8,18,42
69,2,3.73913,8,19,43
70,2,3.68571,8,19,43
71,2,3.71831,8,20,44
72,2,3.75,8,21,45
73,2,3.69863,8,21,45
74,2,3.64865,8,21,45
75,2,3.6,8,21,45
76,2,3.55263,8,21,45
77,2,3.58442,8,22,46
78,2,3.84615,8,26,50
79,2,3.79747,8,26,50
80,2,3.825,8,27,51
81,2,3.77778,8,27,51
82,2,3.80488,8,28,52
83,2,3.83133,8,29,53
84,2,3.78571,8,29,53
85,2,3.74118,8,29,53
86,2,3.69767,8,29,53
87,2,3.65517,8,29,53
88,2,3.68182,8,30,54
89,2,3.91011,8,34,58
90,2,3.86667,8,34,58
91,2,3.82418,8,34,58
92,2,3.78261,8,34,58
93,2,3.80645,8,35,59
94,2,3.76596,8,35,59
95,2,3.78947,8,36,60
96,2,3.8125,8,37,61
97,2,3.7732,8,37,61
98,2,3.73469,8,37,61
99,2,3.69697,8,37,61
100,2,3.72,8,38,62
101,2,3.74257,8,39,63
102,2,3.70588,8,39,63
103,2,3.6699,8,39,63
104,2,3.69231,8,40,64
105,2,3.65714,8,40,64
106,2,3.67925,8,41,65
107,2,3.70093,8,42,66
108,2,3.66667,8,42,66
109,2,3.74312,8,44,68
110,2,3.70909,8,44,68
111,2,3.67568,8,44,68
112,2,3.69643,8,45,69
113,2,3.71681,8,46,70
114,2,3.68421,8,46,70
115,2,3.70435,8,47,71
116,2,3.72414,8,48,72
117,2,3.69231,8,48,72
118,2,3.71186,8,49,73
119,2,3.73109,8,50,74
120,2,3.9,8,54,78
121,2,3.91736,8,55,79
122,2,3.93443,8,56,80
123,2,3.90244,8,56,80
124,2,3.87097,8,56,80
125,2,3.84,8,56,80
126,2,3.85714,8,57,81
127,2,3.87402,8,58,82
128,2,3.89062,8,59,83
129,2,3.86047,8,59,83
130,2,3.83077,8,59,83
131,2,3.80153,8,59,83
132,2,3.81818,8,60,84
133,2,4.06015,8,66,90
134,2,4.07463,8,67,91
135,2,4.31111,8,73,97
136,2,4.32353,8,74,98
137,2,4.33577,8,75,99
138,2,4.30435,8,75,99
139,2,4.27338,8,75,99
140,2,4.28571,8,76,100
141,2,4.29787,8,77,101
142,2,4.30986,8,78,102
143,2,4.32168,8,79,103
144,2,4.33333,8,80,104
145,2,4.34483,8,81,105
146,2,4.31507,8,81,105
147,2,4.32653,8,82,106
148,2,4.2973,8,82,106
149,2,4.26846,8,82,106
150,2,4.32,8,84,108
151,2,4.33113,8,85,109
152,2,4.34211,8,86,110
153,2,4.31373,8,86,110
154,2,4.44156,8,90,114
155,2,4.56774,8,94,118
156,2,4.57692,8,95,119
157,2,4.54777,8,95,119
158,2,4.55696,8,96,120
159,2,4.56604,8,97,121
160,2,4.5375,8,97,121
161,2,4.50932,8,97,121
162,2,4.48148,8,97,121
163,2,4.45399,8,97,121
164,2,4.42683,8,97,121
165,2,4.4,8,97,121
166,2,4.40964,8,98,122
167,2,4.41916,8,99,123
168,2,4.42857,8,100,124
169,2,4.40237,8,100,124
170,2,4.37647,8,100,124
171,2,4.38596,8,101,125
172,2,4.39535,8,102,126
173,2,4.40462,8,103,127
174,2,4.41379,8,104,128
175,2,4.38857,8,104,128
176,2,4.39773,8,105,129
177,2,4.37288,8,105,129
178,2,4.34831,8,105,129
179,2,4.35754,8,106,130
180,2,4.33333,8,106,130
181,2,4.34254,8,107,131
182,2,4.35165,8,108,132
183,2,4.32787,8,108,132
184,2,4.30435,8,108,132
185,2,4.31351,8,109,133
186,2,4.29032,8,109,133
187,2,4.29947,8,110,134
188,2,4.30851,8,111,135
189,2,4.31746,8,112,136
190,2,4.35789,8,114,138
191,2,4.36649,8,115,139
192,2,4.40625,8,117,141
193,2,4.41451,8,118,142
194,2,4.42268,8,119,143
195,2,4.43077,8,120,144
196,2,4.43878,8,121,145
197,2,4.4467,8,122,146
198,2,4.45455,8,123,147
199,2,4.43216,8,123,147
200,2,4.44,8,124,148
201,4,4.47761,8,126,150
202,4,4.48515,8,127,151
203,8,4.58128,8,131,155
204,8,4.55882,8,131,155
205,8,4.53659,8,131,155
206,8,4.54369,8,132,156
207,8,4.52174,8,132,156
208,8,4.52885,8,133,157
209,8,4.50718,8,133,157
210,8,4.48571,7,0,157
211,8,4.46445,7,0,157
212,8,4.4434,7,0,157
213,8,4.42254,7,0,157
214,8,4.51402,7,4,161
215,8,4.49302,7,4,161
216,8,4.52778,7,6,163
217,8,4.53456,7,7,164
218,8,4.54128,7,8,165
219,8,4.54795,7,9,166
220,8,4.63636,7,13,170
221,8,4.61538,7,13,170
222,8,4.7027,7,17,174
223,9,4.70852,7,18,175
224,9,4.6875,7,18,175
225,9,4.72,7,20,177
226,10,4.72566,7,21,178
227,10,4.81057,7,25,182
228,11,4.81579,7,26,183
229,11,4.79476,7,26,183
230,11,4.87826,7,30,187
231,12,4.88312,7,31,188
232,13,4.88793,7,32,189
233,14,4.8927,7,33,190
234,14,4.87179,7,33,190
235,14,4.85106,7,33,190
236,14,4.83051,7,33,190
237,14,4.86076,7,35,192
238,14,4.89076,7,37,194
239,14,4.8954,7,38,195
240,15,4.925,7,40,197
241,16,4.92946,7,41,198
242,16,4.95868,7,43,200
243,16,4.96296,7,44,201
244,16,5.04098,7,48,205
245,16,5.0449,7,49,206
246,16,5.02439,6,0,206
247,16,5.00405,6,0,206
248,16,5.00806,6,1,207
249,16,5.01205,6,2,208
250,16,5.04,6,4,210
251,16,5.06773,6,6,212
252,16,5.04762,6,6,212
253,16,5.05138,6,7,213
254,16,5.0315,6,7,213
255,16,5.01176,6,7,213
256,16,4.99219,6,7,213
257,16,4.97276,6,7,213
258,16,4.97674,6,8,214
259,16,4.98069,6,9,215
260,16,4.96154,6,9,215
261,16,4.96552,6,10,216
262,16,4.96947,6,11,217
263,16,4.9962,6,13,219
264,16,5,6,14,220
265,16,5.00377,6,15,221
266,16,5.00752,6,16,222
267,16,5.01124,6,17,223
268,16,5.12687,6,23,229
269,16,5.10781,6,23,229
270,16,5.11111,6,24,230
271,16,5.11439,6,25,231
272,16,5.11765,6,26,232
273,16,5.12088,6,27,233
274,16,5.12409,6,28,234
275,16,5.12727,6,29,235
276,16,5.1087,6,29,235
277,16,5.11191,6,30,236
278,16,5.11511,6,31,237
279,16,5.09677,6,31,237
280,16,5.07857,5,0,237
281,16,5.0605,5,0,237
282,16,5.04255,5,0,237
283,16,5.02473,5,0,237
284,16,5.02817,5,1,238
285,16,5.01053,4,0,238
286,16,4.99301,4,0,238
287,16,4.97561,4,0,238
288,16,5,4,2,240
289,16,5.00346,4,3,241
290,16,5.06897,4,7,245
291,16,5.05155,4,7,245
292,16,5.05479,4,8,246
293,16,5.05802,4,9,247
294,16,5.12245,4,13,251
295,16,5.12542,4,14,252
296,16,5.12838,4,15,253
297,16,5.13131,4,16,254
298,16,5.15436,4,18,256
299,16,5.13712,3,0,256
300,16,5.12,2,0,256
301,16,5.12292,2,1,257
302,16,5.12583,2,2,258
303,16,5.14851,2,4,260
304,16,5.15132,2,5,261
305,16,5.1541,2,6,262
306,16,5.15686,2,7,263
307,16,5.14007,2,7,263
308,16,5.14286,2,8,264