1,0,0,10,0,0
2,0,0,10,0,0
3,0,0,10,0,0
4,0,0,10,0,0
5,0,0,10,0,0
6,0,0,10,0,0
7,0,0,10,0,0
8,0,0,10,0,0
9,0,0,10,0,0
10,0,0,10,0,0
11,0,0,10,0,0
12,0,0.5,10,1,1
13,0,0.461538,10,1,1
14,0,0.428571,10,1,1
15,0,1.2,10,3,3
16,0,1.125,10,3,3
17,0,1.05882,10,3,3
18,0,1,10,3,3
19,0,0.947368,10,3,3
20,0,2.7,10,9,9
21,0,2.57143,10,9,9
22,0,2.45455,10,9,9
23,0,2.34783,10,9,9
24,0,3.25,10,13,13
25,0,4.08,10,17,17
26,0,3.92308,10,17,17
27,0,3.77778,10,17,17
28,0,3.64286,10,17,17
29,0,4.75862,10,23,23
30,0,4.6,10,23,23
31,0,5.6129,10,29,29
32,0,5.4375,10,29,29
33,0,5.27273,10,29,29
34,0,5.11765,10,29,29
35,0,4.97143,10,29,29
36,0,4.83333,10,29,29
37,0,5.02703,10,31,31
38,0,4.89474,10,31,31
39,0,4.76923,10,31,31
40,0,4.8,10,32,32
41,0,4.68293,10,32,32
42,0,5.14286,10,36,36
43,0,5.02326,10,36,36
44,0,4.90909,10,36,36
45,0,5.33333,10,40,40
46,0,5.21739,10,40,40
47,0,5.10638,10,40,40
48,0,5.125,10,41,41
49,0,5.02041,10,41,41
50,0,4.92,10,41,41
51,0,4.94118,10,42,42
52,0,5.30769,10,46,46
53,0,5.32075,10,47,47
54,0,5.22222,10,47,47
55,0,5.78182,10,53,53
56,0,5.67857,10,53,53
57,0,5.57895,10,53,53
58,0,5.48276,10,53,53
59,0,5.49153,10,54,54
60,0,5.4,10,54,54
61,0,5.90164,10,60,60
62,0,5.80645,10,60,60
63,0,5.80952,10,61,61
64,0,6.09375,10,65,65
65,0,6,10,65,65
66,0,5.90909,10,65,65
67,0,5.8209,10,65,65
68,0,5.73529,10,65,65
69,0,5.65217,10,65,65
70,0,5.57143,10,65,65
71,0,5.57746,10,66,66
72,0,5.5,10,66,66
73,0,5.42466,10,66,66
74,0,5.35135,10,66,66
75,0,5.76,10,72,72
76,0,5.68421,9,0,72
77,0,5.61039,9,0,72
78,0,5.53846,9,0,72
79,0,5.62025,9,2,74
80,0,5.625,9,3,75
81,0,5.55556,9,3,75
82,0,5.4878,9,3,75
83,0,5.49398,8,0,76
84,0,5.57143,8,2,78
85,0,5.50588,8,2,78
86,0,5.44186,8,2,78
87,0,5.37931,8,2,78
88,0,5.31818,8,2,78
89,0,5.25843,8,2,78
90,0,5.26667,8,3,79
91,0,5.47253,8,7,83
92,0,5.41304,8,7,83
93,0,5.35484,8,7,83
94,0,5.29787,8,7,83
95,0,5.24211,7,0,83
96,0,5.4375,7,4,87
97,0,5.4433,7,5,88
98,0,5.44898,7,6,89
99,0,5.39394,7,6,89
100,0,5.34,7,6,89
101,0,5.40594,7,8,91
102,0,5.35294,7,8,91
103,0,5.35922,7,9,92
104,0,5.36538,7,10,93
105,0,5.37143,7,11,94
106,0,5.37736,7,12,95
107,0,5.3271,7,12,95
108,0,5.33333,7,13,96
109,0,5.50459,7,17,100
110,0,5.50909,7,18,101
111,0,5.51351,7,19,102
112,0,5.51786,7,20,103
113,0,5.52212,7,21,104
114,0,5.52632,7,22,105
115,0,5.47826,7,22,105
116,0,5.48276,7,23,106
117,0,5.48718,7,24,107
118,0,5.44068,7,24,107
119,0,5.39496,7,24,107
120,0,5.35,7,24,107
121,0,5.35537,7,25,108
122,0,5.31148,7,25,108
123,0,5.31707,7,26,109
124,0,5.27419,7,26,109
125,0,5.28,7,27,110
126,0,5.28571,7,28,111
127,0,5.24409,7,28,111
128,0,5.20312,7,28,111
129,0,5.2093,7,29,112
130,0,5.16923,7,29,112
131,0,5.12977,7,29,112
132,0,5.13636,7,30,113
133,0,5.09774,7,30,113
134,0,5.10448,7,31,114
135,0,5.06667,7,31,114
136,0,5.11765,7,33,116
137,0,5.25547,7,37,120
138,0,5.21739,7,37,120
139,0,5.17986,7,37,120
140,0,5.14286,7,37,120
141,0,5.14894,7,38,121
142,0,5.15493,7,39,122
143,0,5.11888,7,39,122
144,0,5.125,7,40,123
145,0,5.08966,7,40,123
146,0,5.05479,7,40,123
147,0,5.02041,7,40,123
148,0,5.02703,7,41,124
149,0,4.99329,7,41,124
150,0,4.96,7,41,124
151,0,4.92715,7,41,124
152,0,4.89474,7,41,124
153,0,4.86275,7,41,124
154,0,4.83117,7,41,124
155,0,4.8,7,41,124
156,0,4.80769,7,42,125
157,0,4.81529,7,43,126
158,0,4.78481,6,0,126
159,0,4.75472,6,0,126
160,0,4.725,6,0,126
161,0,4.69565,6,0,126
162,0,4.66667,6,0,126
163,0,4.67485,6,1,127
164,0,4.64634,6,1,127
165,0,4.65455,6,2,128
166,0,4.66265,6,3,129
167,0,4.67066,6,4,130
168,0,4.67857,6,5,131
169,0,4.65089,6,5,131
170,0,4.62353,6,5,131
171,0,4.63158,6,6,132
172,0,4.60465,6,6,132
173,0,4.61272,6,7,133
174,0,4.62069,6,8,134
175,0,4.62857,6,9,135
176,0,4.60227,6,9,135
177,0,4.61017,6,10,136
178,0,4.58427,6,10,136
179,0,4.55866,6,10,136
180,0,4.53333,6,10,136
181,0,4.50829,6,10,136
182,0,4.51648,6,11,137
183,0,4.4918,6,11,137
184,0,4.46739,6,11,137
185,0,4.47568,6,12,138
186,0,4.48387,6,13,139
187,1,4.49198,6,14,140
188,1,4.46809,6,14,140
189,2,4.47619,6,15,141
190,2,4.45263,6,15,141
191,2,4.46073,6,16,142
192,2,4.4375,6,16,142
193,2,4.4456,6,17,143
194,2,4.42268,6,17,143
195,2,4.4,6,17,143
196,2,4.37755,5,0,143
197,2,4.35533,5,0,143
198,2,4.33333,5,0,143
199,2,4.31156,5,0,143
200,2,4.29,5,0,143
201,2,4.26866,5,0,143
202,2,4.24752,5,0,143
203,2,4.2266,5,0,143
204,2,4.20588,5,0,143
205,2,4.21463,5,1,144
206,2,4.19417,5,1,144
207,2,4.17391,5,1,144
208,2,4.18269,5,2,145
209,2,4.16268,5,2,145
210,2,4.14286,4,0,145
211,2,4.12322,4,0,145
212,2,4.10377,4,0,145
213,2,4.11268,4,1,146
214,2,4.09346,4,1,146
215,2,4.07442,4,1,146
216,2,4.08333,4,2,147
217,2,4.06452,4,2,147
218,2,4.04587,4,2,147
219,2,4.0274,4,2,147
220,2,4.03636,4,3,148
221,2,4.0181,4,3,148
222,2,4,4,3,148
223,2,4.00897,4,4,149
224,2,3.99107,4,4,149
225,2,4.08,4,8,153
226,2,4.06195,4,8,153
227,2,4.14978,4,12,157
228,2,4.18421,4,14,159
229,2,4.19214,4,15,160
230,2,4.17391,4,15,160
231,2,4.15584,4,15,160
232,2,4.16379,4,16,161
233,2,4.17167,4,17,162
234,2,4.17949,4,18,163
235,2,4.1617,4,18,163
236,2,4.16949,4,19,164
237,2,4.17722,4,20,165
238,2,4.18487,4,21,166
239,2,4.19247,4,22,167
240,2,4.175,4,22,167
241,2,4.15768,4,22,167
242,2,4.16529,4,23,168
243,2,4.24691,4,27,172
244,2,4.22951,4,27,172
245,2,4.23673,4,28,173
246,2,4.21951,3,0,173
247,2,4.20243,3,0,173
248,2,4.18548,3,0,173
249,2,4.19277,3,1,174
250,2,4.2,3,2,175
251,2,4.18327,3,2,175
252,7,4.28571,3,7,180
253,7,4.26877,3,7,180
254,7,4.27559,3,8,181
255,7,4.35294,3,12,185
256,8,4.5,3,19,192
257,8,4.48249,3,19,192
258,8,4.55814,3,23,196
259,8,4.56371,3,24,197
260,8,4.56923,3,25,198
261,8,4.55172,3,25,198
262,8,4.55725,3,26,199
263,9,4.58555,3,28,201
264,9,4.56818,3,28,201
265,9,4.55094,3,28,201
266,9,4.53383,3,28,201
267,9,4.53933,3,29,202
268,9,4.52239,3,29,202
269,9,4.52788,3,30,203
270,9,4.51111,3,30,203
271,9,4.58303,3,34,207
272,9,4.69853,3,40,213
273,9,4.7033,3,41,214
274,9,4.68613,3,41,214
275,9,4.66909,3,41,214
276,9,4.73913,3,45,218
277,9,4.80866,3,49,222
278,9,4.79137,3,49,222
279,9,4.7957,3,50,223
280,9,4.77857,3,50,223
281,9,4.76157,3,50,223
282,9,4.74468,3,50,223
283,9,4.74912,3,51,224
284,9,4.73239,3,51,224
285,9,4.71579,3,51,224
286,9,4.6993,2,0,224
287,9,4.70383,2,1,225
288,9,4.6875,2,1,225
289,9,4.67128,1,0,225
290,9,4.67586,1,1,226
291,9,4.68041,1,2,227
292,9,4.66438,1,2,227
293,9,4.66894,1,3,228
294,9,4.65306,1,3,228
295,9,4.63729,1,3,228
296,9,4.62162,1,3,228
297,9,4.62626,1,4,229
298,9,4.63087,1,5,230
299,9,4.61538,1,5,230
300,9,4.6,1,5,230
301,9,4.60465,1,6,231
302,9,4.5894,1,6,231
303,9,4.65347,1,10,235
304,9,4.71711,1,14,239
305,9,4.70164,1,14,239