1,0,0,10,0,0
2,0,0,10,0,0
3,0,2,10,1,1
4,0,1.5,10,1,1
5,0,6,10,5,5
6,0,5,10,5,5
7,0,4.28571,10,5,5
8,0,3.75,10,5,5
9,0,3.33333,10,5,5
10,0,3.6,10,6,6
11,0,3.27273,10,6,6
12,0,3.5,10,7,7
13,0,3.23077,10,7,7
14,0,4.71429,10,11,11
15,0,4.4,10,11,11
16,0,4.125,10,11,11
17,0,3.88235,10,11,11
18,0,4,10,12,12
19,0,3.78947,10,12,12
20,0,3.6,10,12,12
21,0,3.42857,10,12,12
22,1,3.54545,10,13,13
23,1,4.43478,10,17,17
24,1,4.25,10,17,17
25,1,4.08,10,17,17
26,1,4.15385,10,18,18
27,1,4,10,18,18
28,1,3.85714,9,0,18
29,1,4.55172,9,4,22
30,1,4.4,9,4,22
31,1,4.25806,9,4,22
32,1,4.3125,9,5,23
33,1,4.54545,9,7,25
34,2,4.58824,9,8,26
35,2,4.45714,9,8,26
36,6,5,9,12,30
37,6,4.86486,9,12,30
38,6,4.89474,9,13,31
39,6,4.76923,9,13,31
40,6,4.65,9,13,31
41,6,4.53659,9,13,31
42,6,4.57143,9,14,32
43,6,4.46512,9,14,32
44,6,4.36364,9,14,32
45,6,4.8,9,18,36
46,6,4.69565,8,0,36
47,6,4.59574,8,0,36
48,6,4.5,8,0,36
49,6,4.40816,8,0,36
50,6,4.32,8,0,36
51,6,4.23529,8,0,36
52,6,4.15385,8,0,36
53,6,4.07547,8,0,36
54,6,4.11111,8,1,37
55,6,4.47273,8,5,41
56,6,4.82143,8,9,45
57,6,4.73684,8,9,45
58,6,5.06897,8,13,49
59,6,5.38983,8,17,53
60,6,5.5,8,19,55
61,6,5.40984,8,19,55
62,6,5.32258,8,19,55
63,6,5.33333,8,20,56
64,6,5.25,8,20,56
65,6,5.16923,8,20,56
66,6,5.45455,8,24,60
67,6,5.46269,8,25,61
68,6,5.38235,8,25,61
69,7,5.3913,8,26,62
70,7,5.4,8,27,63
71,7,5.40845,8,28,64
72,7,5.41667,8,29,65
73,7,5.34247,8,29,65
74,7,5.35135,8,30,66
75,7,5.28,8,30,66
76,8,5.28947,8,31,67
77,8,5.22078,8,31,67
78,8,5.15385,8,31,67
79,8,5.16456,8,32,68
80,8,5.175,8,33,69
81,8,5.11111,8,33,69
82,8,5.12195,8,34,70
83,8,5.06024,8,34,70
84,8,5.07143,8,35,71
85,8,5.08235,8,36,72
86,8,5.02326,8,36,72
87,8,4.96552,8,36,72
88,8,4.97727,8,37,73
89,8,4.92135,8,37,73
90,8,4.86667,8,37,73
91,8,4.81319,8,37,73
92,8,4.76087,8,37,73
93,8,4.70968,8,37,73
94,8,4.65957,8,37,73
95,8,4.61053,8,37,73
96,8,4.625,8,38,74
97,8,4.57732,8,38,74
98,8,4.53061,8,38,74
99,8,4.48485,8,38,74
100,8,4.5,8,39,75
101,8,4.51485,8,40,76
102,8,4.47059,8,40,76
103,8,4.48544,8,41,77
104,8,4.44231,8,41,77
105,8,4.45714,8,42,78
106,8,4.4717,8,43,79
107,8,4.42991,8,43,79
108,9,4.44444,8,44,80
109,9,4.40367,8,44,80
110,9,4.41818,8,45,81
111,9,4.43243,8,46,82
112,9,4.44643,8,47,83
113,9,4.46018,8,48,84
114,9,4.42105,8,48,84
115,9,4.43478,8,49,85
116,9,4.39655,8,49,85
117,9,4.35897,8,49,85
118,9,4.37288,8,50,86
119,9,4.33613,8,50,86
120,9,4.3,8,50,86
121,9,4.26446,7,0,86
122,9,4.27869,7,1,87
123,9,4.29268,7,2,88
124,9,4.25806,6,0,88
125,9,4.224,6,0,88
126,9,4.28571,6,2,90
127,9,4.29921,6,3,91
128,9,4.26562,6,3,91
129,9,4.23256,6,3,91
130,9,4.2,6,3,91
131,10,4.21374,6,4,92
132,10,4.18182,6,4,92
133,11,4.19549,6,5,93
134,11,4.20896,6,6,94
135,11,4.17778,6,6,94
136,11,4.19118,6,7,95
137,11,4.20438,6,8,96
138,11,4.21739,6,9,97
139,11,4.18705,6,9,97
140,11,4.15714,6,9,97
141,11,4.12766,6,9,97
142,11,4.09859,6,9,97
143,11,4.06993,5,0,97
144,11,4.08333,5,1,98
145,11,4.05517,5,1,98
146,11,4.0274,5,1,98
147,11,4.04082,5,2,99
148,11,4.05405,5,3,100
149,11,4.18792,5,7,104
150,11,4.16,5,7,104
151,11,4.17219,5,8,105
152,11,4.18421,5,9,106
153,11,4.15686,5,9,106
154,11,4.12987,5,9,106
155,11,4.10323,5,9,106
156,11,4.11538,5,10,107
157,11,4.08917,5,10,107
158,11,4.10127,5,11,108
159,11,4.15094,5,13,110
160,11,4.1625,5,14,111
161,11,4.17391,5,15,112
162,11,4.14815,5,15,112
163,11,4.1227,5,15,112
164,11,4.13415,5,16,113
165,11,4.14545,5,17,114
166,11,4.12048,5,17,114
167,11,4.13174,5,18,115
168,11,4.14286,5,19,116
169,11,4.15385,5,20,117
170,11,4.2,5,22,119
171,11,4.21053,5,23,120
172,11,4.22093,5,24,121
173,11,4.19653,5,24,121
174,11,4.2069,5,25,122
175,11,4.18286,5,25,122
176,11,4.19318,5,26,123
177,11,4.16949,5,26,123
178,12,4.17978,5,27,124
179,12,4.15642,5,27,124
180,12,4.16667,5,28,125
181,12,4.14365,5,28,125
182,12,4.12088,5,28,125
183,12,4.16393,5,30,127
184,12,4.1413,5,30,127
185,12,4.15135,5,31,128
186,12,4.12903,5,31,128
187,12,4.10695,5,31,128
188,12,4.11702,5,32,129
189,12,4.12698,5,33,130
190,12,4.13684,5,34,131
191,13,4.1466,5,35,132
192,13,4.125,5,35,132
193,13,4.10363,5,35,132
194,14,4.1134,5,36,133
195,14,4.12308,5,37,134
196,14,4.13265,5,38,135
197,14,4.11168,5,38,135
198,14,4.12121,5,39,136
199,14,4.13065,5,40,137
200,14,4.14,5,41,138
201,14,4.1194,5,41,138
202,14,4.12871,5,42,139
203,14,4.13793,5,43,140
204,14,4.14706,5,44,141
205,14,4.1561,5,45,142
206,14,4.19417,5,47,144
207,14,4.17391,5,47,144
208,14,4.15385,5,47,144
209,14,4.16268,5,48,145
210,14,4.17143,5,49,146
211,14,4.18009,5,50,147
212,14,4.16038,5,50,147
213,14,4.14085,5,50,147
214,14,4.14953,5,51,148
215,14,4.15814,5,52,149
216,14,4.16667,5,53,150
217,14,4.14747,5,53,150
218,14,4.15596,5,54,151
219,14,4.16438,5,55,152
220,14,4.14545,5,55,152
221,14,4.1267,5,55,152
222,14,4.16216,5,57,154
223,14,4.1435,5,57,154
224,14,4.17857,5,59,156
225,14,4.16,4,0,156
226,14,4.16814,4,1,157
227,14,4.17621,4,2,158
228,14,4.15789,4,2,158
229,14,4.24454,4,6,162
230,14,4.22609,4,6,162
231,14,4.23377,4,7,163
232,14,4.24138,4,8,164
233,14,4.24893,4,9,165
234,14,4.25641,4,10,166
235,14,4.26383,4,11,167
236,14,4.27119,4,12,168
237,14,4.25316,3,0,168
238,14,4.33613,3,4,172
239,14,4.31799,3,4,172
240,14,4.35,3,6,174
241,14,4.38174,3,8,176
242,14,4.36364,3,8,176
243,15,4.37037,3,9,177
244,15,4.37705,3,10,178
245,15,4.35918,3,10,178
246,15,4.34146,3,10,178
247,15,4.32389,3,10,178
248,15,4.33065,3,11,179
249,15,4.33735,3,12,180
250,16,4.344,3,13,181
251,16,4.42231,3,17,185
252,16,4.40476,2,0,185
253,17,4.41107,2,1,186
254,17,4.41732,2,2,187
255,18,4.42353,2,3,188
256,18,4.42969,2,4,189
257,18,4.4358,2,5,190
258,18,4.4186,2,5,190
259,18,4.42471,2,6,191
260,18,4.43077,2,7,192
261,18,4.45977,2,9,194
262,18,4.46565,2,10,195
263,18,4.44867,2,10,195
264,18,4.47727,2,12,197
265,18,4.48302,2,13,198
266,18,4.51128,2,15,200
267,18,4.53933,2,17,202
268,18,4.61194,2,21,206
269,18,4.6171,2,22,207
270,18,4.62222,2,23,208
271,18,4.62731,2,24,209
272,18,4.63235,2,25,210
273,19,4.63736,2,26,211
274,19,4.64234,2,27,212
275,19,4.64727,2,28,213
276,19,4.65217,2,29,214
277,19,4.65704,2,30,215
278,19,4.66187,2,31,216
279,19,4.66667,2,32,217
280,19,4.69286,2,34,219
281,20,4.69751,2,35,220
282,20,4.70213,2,36,221
283,20,4.68551,2,36,221
284,20,4.69014,2,37,222
285,20,4.69474,2,38,223
286,20,4.72028,2,40,225
287,20,4.78746,2,44,229
288,20,4.77083,2,44,229
289,20,4.75433,1,0,229
290,20,4.77931,1,2,231
291,20,4.78351,1,3,232
292,20,4.76712,1,3,232
293,20,4.77133,1,4,233
294,20,4.7551,1,4,233
295,22,4.77966,1,6,235
296,22,4.84459,1,10,239
297,23,4.84848,1,11,240
298,23,4.85235,1,12,241
299,23,4.85619,1,13,242
300,24,4.86,1,14,243
301,24,4.84385,0,0,243
