1,1,6,10,1,1
2,1,3,10,1,1
3,1,4,10,2,2
4,1,3,10,2,2
5,1,2.4,10,2,2
6,1,2,10,2,2
7,1,1.71429,10,2,2
8,2,2.25,10,3,3
9,2,4.66667,10,7,7
10,7,7.2,10,12,12
11,7,6.54545,10,12,12
12,7,6,10,12,12
13,8,6,10,13,13
14,8,5.57143,10,13,13
15,8,5.2,10,13,13
16,8,4.875,10,13,13
17,8,4.58824,10,13,13
18,8,4.33333,10,13,13
19,8,4.10526,10,13,13
20,9,4.2,10,14,14
21,9,4,10,14,14
22,9,3.81818,10,14,14
23,9,3.65217,10,14,14
24,9,4,10,16,16
25,9,3.84,10,16,16
26,9,3.69231,10,16,16
27,10,3.77778,10,17,17
28,10,3.85714,10,18,18
29,10,3.72414,10,18,18
30,10,3.6,10,18,18
31,10,3.48387,10,18,18
32,10,3.375,10,18,18
33,10,3.27273,10,18,18
34,10,3.17647,10,18,18
35,10,3.08571,10,18,18
36,10,3,10,18,18
37,10,3.08108,10,19,19
38,10,3,10,19,19
39,10,2.92308,10,19,19
40,10,3,10,20,20
41,10,2.92683,10,20,20
42,14,3.42857,10,24,24
43,14,3.90698,10,28,28
44,14,4.36364,10,32,32
45,14,4.26667,10,32,32
46,14,4.17391,10,32,32
47,14,4.08511,10,32,32
48,14,4,10,32,32
49,14,3.91837,10,32,32
50,14,3.84,10,32,32
51,14,3.76471,10,32,32
52,14,3.69231,10,32,32
53,14,3.73585,10,33,33
54,14,4.11111,10,37,37
55,14,4.03636,10,37,37
56,14,3.96429,10,37,37
57,14,3.89474,10,37,37
58,15,3.93103,10,38,38
59,15,3.86441,10,38,38
60,15,3.8,9,0,38
61,15,3.7377,9,0,38
62,15,3.67742,9,0,38
63,15,3.61905,9,0,38
64,15,3.65625,9,1,39
65,15,3.6,9,1,39
66,15,3.54545,9,1,39
67,15,3.49254,9,1,39
68,15,3.44118,9,1,39
69,15,3.56522,9,3,41
70,15,3.6,9,4,42
71,15,3.5493,9,4,42
72,15,3.5,9,4,42
73,15,3.45205,9,4,42
74,15,3.40541,9,4,42
75,15,3.44,9,5,43
76,15,3.39474,9,5,43
77,15,3.42857,9,6,44
78,15,3.46154,9,7,45
79,15,3.41772,9,7,45
80,15,3.375,9,7,45
81,15,3.33333,9,7,45
82,15,3.29268,9,7,45
83,15,3.25301,9,7,45
84,15,3.5,9,11,49
85,15,3.52941,9,12,50
86,15,3.48837,9,12,50
87,15,3.51724,9,13,51
88,15,3.47727,9,13,51
89,15,3.4382,9,13,51
90,15,3.4,9,13,51
91,15,3.36264,9,13,51
92,15,3.32609,9,13,51
93,15,3.29032,9,13,51
94,15,3.31915,9,14,52
95,15,3.28421,9,14,52
96,15,3.25,9,14,52
97,15,3.21649,9,14,52
98,15,3.18367,8,0,52
99,15,3.15152,8,0,52
100,15,3.12,8,0,52
101,15,3.08911,8,0,52
102,15,3.05882,8,0,52
103,15,3.02913,8,0,52
104,15,3,8,0,52
105,15,2.97143,8,0,52
106,15,2.9434,8,0,52
107,15,2.91589,8,0,52
108,15,2.88889,8,0,52
109,15,2.86239,8,0,52
110,15,2.83636,8,0,52
111,15,2.91892,8,2,54
112,15,2.89286,8,2,54
113,15,2.86726,8,2,54
114,15,3.05263,8,6,58
115,15,3.23478,8,10,62
116,15,3.2069,8,10,62
117,15,3.17949,8,10,62
118,15,3.15254,8,10,62
119,15,3.12605,8,10,62
120,15,3.15,8,11,63
121,15,3.12397,8,11,63
122,15,3.09836,8,11,63
123,15,3.12195,8,12,64
124,15,3.09677,8,12,64
125,15,3.072,8,12,64
126,15,3.04762,8,12,64
127,15,3.02362,8,12,64
128,15,3,7,0,64
129,15,2.97674,7,0,64
130,15,3,7,1,65
131,15,3.16031,7,5,69
132,15,3.13636,7,5,69
133,15,3.11278,7,5,69
134,15,3.08955,7,5,69
135,15,3.06667,7,5,69
136,15,3.22059,7,9,73
137,15,3.19708,7,9,73
138,15,3.34783,7,13,77
139,15,3.36691,7,14,78
140,15,3.34286,7,14,78
141,15,3.31915,7,14,78
142,15,3.29577,7,14,78
143,15,3.27273,7,14,78
144,15,3.29167,7,15,79
145,15,3.26897,7,15,79
146,15,3.41096,7,19,83
147,15,3.55102,7,23,87
148,15,3.52703,7,23,87
149,15,3.50336,7,23,87
150,15,3.48,7,23,87
151,15,3.49669,7,24,88
152,15,3.47368,7,24,88
153,15,3.4902,7,25,89
154,15,3.46753,7,25,89
155,15,3.44516,7,25,89
156,15,3.42308,6,0,89
157,15,3.40127,6,0,89
158,15,3.41772,6,1,90
159,15,3.39623,6,1,90
160,15,3.375,6,1,90
161,15,3.35404,6,1,90
162,15,3.40741,6,3,92
163,15,3.42331,6,4,93
164,15,3.40244,6,4,93
165,15,3.38182,6,4,93
166,15,3.36145,6,4,93
167,15,3.34132,6,4,93
168,15,3.32143,6,4,93
169,15,3.30178,6,4,93
170,15,3.31765,6,5,94
171,15,3.29825,6,5,94
172,15,3.27907,6,5,94
173,15,3.2948,6,6,95
174,15,3.27586,6,6,95
175,15,3.29143,6,7,96
176,15,3.30682,6,8,97
177,15,3.28814,6,8,97
178,15,3.40449,6,12,101
179,15,3.38547,6,12,101
180,15,3.4,6,13,102
181,15,3.41436,6,14,103
182,15,3.42857,6,15,104
183,15,3.44262,6,16,105
184,15,3.42391,6,16,105
185,15,3.40541,6,16,105
186,15,3.45161,6,18,107
187,15,3.46524,6,19,108
188,15,3.47872,6,20,109
189,15,3.46032,6,20,109
190,15,3.44211,6,20,109
191,15,3.42408,6,20,109
192,15,3.40625,6,20,109
193,15,3.3886,6,20,109
194,15,3.40206,6,21,110
195,15,3.38462,6,21,110
196,15,3.39796,6,22,111
197,15,3.41117,6,23,112
198,15,3.42424,6,24,113
199,15,3.40704,6,24,113
200,15,3.51,6,28,117
201,15,3.49254,6,28,117
202,15,3.59406,6,32,121
