1,0,0,10,0,0
2,0,0,10,0,0
3,0,0,10,0,0
4,0,0,10,0,0
5,0,0,10,0,0
6,0,0,10,0,0
7,5,4.28571,10,5,5
8,5,3.75,10,5,5
9,5,3.33333,10,5,5
10,5,5.4,10,9,9
11,5,4.90909,10,9,9
12,5,5,10,10,10
13,5,5.07692,10,11,11
14,5,4.71429,10,11,11
15,5,4.4,10,11,11
16,5,4.5,10,12,12
17,5,5.29412,10,15,15
18,5,5.33333,10,16,16
19,5,5.05263,10,16,16
20,5,4.8,10,16,16
21,5,4.85714,10,17,17
22,5,4.63636,10,17,17
23,5,4.43478,10,17,17
24,5,4.25,10,17,17
25,5,4.08,10,17,17
26,5,3.92308,10,17,17
27,5,3.77778,10,17,17
28,5,3.85714,10,18,18
29,5,3.72414,10,18,18
30,5,3.8,10,19,19
31,5,3.67742,10,19,19
32,5,3.9375,10,21,21
33,5,4.54545,10,25,25
34,5,4.41176,10,25,25
35,5,4.28571,10,25,25
36,5,4.16667,10,25,25
37,5,4.05405,10,25,25
38,6,4.10526,10,26,26
39,6,4.15385,10,27,27
40,6,4.05,10,27,27
41,7,4.09756,10,28,28
42,7,4.14286,10,29,29
43,7,4.04651,10,29,29
44,7,4.09091,10,30,30
45,7,4,10,30,30
46,7,3.91304,10,30,30
47,7,4.21277,10,33,33
48,7,4.125,10,33,33
49,7,4.53061,10,37,37
50,7,4.92,10,41,41
51,8,4.94118,10,42,42
52,8,4.84615,10,42,42
53,8,4.86792,10,43,43
54,8,4.88889,10,44,44
55,8,4.8,10,44,44
56,8,4.71429,10,44,44
57,8,5.05263,10,48,48
58,8,4.96552,10,48,48
59,8,4.88136,10,48,48
60,8,4.8,10,48,48
61,8,4.72131,10,48,48
62,8,4.83871,10,50,50
63,8,4.7619,10,50,50
64,8,4.6875,10,50,50
65,8,4.61538,10,50,50
66,8,4.54545,10,50,50
67,8,4.56716,10,51,51
68,8,4.58824,10,52,52
69,8,4.6087,10,53,53
70,8,4.88571,10,57,57
71,8,4.8169,10,57,57
72,8,4.75,10,57,57
73,8,4.76712,10,58,58
74,8,4.7027,10,58,58
75,8,4.72,10,59,59
76,8,4.73684,10,60,60
77,8,4.98701,10,64,64
78,8,5,10,65,65
79,8,5.01266,10,66,66
80,8,5.025,10,67,67
81,8,4.96296,10,67,67
82,8,5.19512,10,71,71
83,8,5.42169,10,75,75
84,8,5.35714,10,75,75
85,8,5.29412,10,75,75
86,8,5.23256,10,75,75
87,8,5.24138,10,76,76
88,8,5.18182,10,76,76
89,8,5.25843,10,78,78
90,8,5.26667,10,79,79
91,9,5.27473,10,80,80
92,9,5.21739,10,80,80
93,9,5.22581,10,81,81
94,9,5.17021,9,0,81
95,9,5.11579,9,0,81
96,9,5.125,9,1,82
97,9,5.07216,9,1,82
98,9,5.02041,9,1,82
99,9,5.21212,9,5,86
100,9,5.28,9,7,88
101,9,5.22772,9,7,88
102,9,5.17647,9,7,88
103,9,5.18447,9,8,89
104,9,5.19231,9,9,90
105,9,5.25714,9,11,92
106,9,5.26415,9,12,93
107,9,5.27103,9,13,94
108,9,5.27778,9,14,95
109,9,5.2844,9,15,96
110,9,5.29091,9,16,97
111,9,5.35135,9,18,99
112,9,5.30357,9,18,99
113,9,5.25664,9,18,99
114,9,5.21053,9,18,99
115,10,5.21739,9,19,100
116,10,5.22414,9,20,101
117,10,5.23077,9,21,102
118,10,5.23729,9,22,103
119,10,5.2437,9,23,104
120,10,5.25,9,24,105
121,10,5.20661,9,24,105
122,10,5.36066,9,28,109
123,10,5.36585,9,29,110
124,10,5.32258,9,29,110
125,10,5.472,9,33,114
126,10,5.47619,9,34,115
127,10,5.43307,9,34,115
128,10,5.39062,9,34,115
129,10,5.48837,9,37,118
130,10,5.49231,9,38,119
131,10,5.45038,9,38,119
132,10,5.40909,9,38,119
133,10,5.36842,9,38,119
134,10,5.32836,9,38,119
135,10,5.33333,9,39,120
136,10,5.29412,9,39,120
137,10,5.29927,9,40,121
138,10,5.26087,9,40,121
139,10,5.30935,9,42,123
140,10,5.27143,9,42,123
141,10,5.2766,9,43,124
142,10,5.28169,9,44,125
143,10,5.37063,9,47,128
144,10,5.375,9,48,129
145,10,5.33793,8,0,129
146,10,5.30137,8,0,129
147,10,5.30612,8,1,130
148,10,5.27027,8,1,130
149,10,5.2349,8,1,130
150,10,5.24,8,2,131
151,10,5.2053,8,2,131
152,10,5.28947,8,5,134
153,10,5.29412,8,6,135
154,10,5.2987,8,7,136
155,10,5.26452,8,7,136
156,10,5.30769,8,9,138
157,10,5.3121,8,10,139
158,10,5.27848,8,10,139
159,10,5.24528,8,10,139
160,10,5.25,8,11,140
161,10,5.25466,8,12,141
162,10,5.25926,8,13,142
163,10,5.2638,8,14,143
164,10,5.26829,8,15,144
165,10,5.23636,8,15,144
166,10,5.3494,8,19,148
167,10,5.35329,8,20,149
168,10,5.35714,8,21,150
169,11,5.36095,8,22,151
170,11,5.32941,8,22,151
171,11,5.36842,8,24,153
172,11,5.33721,8,24,153
173,11,5.34104,8,25,154
174,11,5.34483,8,26,155
175,11,5.34857,8,27,156
176,11,5.35227,8,28,157
177,11,5.32203,8,28,157
178,11,5.32584,8,29,158
179,11,5.36313,8,31,160
180,11,5.33333,8,31,160
181,11,5.33702,8,32,161
182,11,5.34066,8,33,162
183,11,5.34426,8,34,163
184,11,5.34783,8,35,164
185,11,5.35135,8,36,165
186,11,5.35484,8,37,166
187,11,5.3262,8,37,166
188,11,5.32979,8,38,167
189,11,5.39683,8,41,170
190,11,5.4,8,42,171
191,11,5.40314,8,43,172
192,11,5.40625,8,44,173
193,11,5.40933,8,45,174
194,11,5.41237,8,46,175
195,11,5.41538,8,47,176
196,11,5.5102,8,51,180
197,11,5.51269,8,52,181
198,11,5.51515,8,53,182
199,11,5.48744,8,53,182
200,11,5.46,8,53,182
201,11,5.43284,8,53,182
202,11,5.43564,8,54,183
203,11,5.43842,8,55,184
204,12,5.44118,8,56,185
205,12,5.41463,8,56,185
206,12,5.41748,8,57,186
207,12,5.42029,8,58,187
208,12,5.39423,8,58,187
209,12,5.36842,8,58,187
210,12,5.4,8,60,189
211,12,5.37441,8,60,189
212,12,5.37736,8,61,190
213,12,5.38028,8,62,191
214,12,5.35514,8,62,191
215,12,5.35814,8,63,192
216,12,5.33333,8,63,192
217,12,5.30876,8,63,192
218,12,5.31193,8,64,193
219,12,5.28767,8,64,193
220,12,5.37273,8,68,197
221,12,5.34842,8,68,197
222,12,5.35135,8,69,198
223,12,5.35426,8,70,199
224,12,5.35714,8,71,200
225,12,5.36,8,72,201
226,12,5.33628,8,72,201
227,12,5.36564,8,74,203
228,12,5.36842,8,75,204
229,13,5.37118,8,76,205
230,13,5.37391,8,77,206
231,13,5.45455,8,81,210
232,13,5.53448,8,85,214
233,13,5.51073,8,85,214
234,14,5.51282,8,86,215
235,14,5.59149,8,90,219
236,14,5.61864,8,92,221
237,14,5.59494,8,92,221
238,14,5.59664,8,93,222
239,14,5.59833,8,94,223
240,14,5.625,8,96,225
241,14,5.62656,8,97,226
242,14,5.60331,8,97,226
243,14,5.60494,8,98,227
244,14,5.72951,8,104,233
245,14,5.73061,8,105,234
246,14,5.80488,8,109,238
247,14,5.80567,8,110,239
248,14,5.83065,8,112,241
249,14,5.90361,8,116,245
250,14,5.904,8,117,246
251,14,5.92829,8,119,248
252,14,5.92857,8,120,249
253,14,5.92885,8,121,250
254,14,5.92913,8,122,251
255,14,5.95294,8,124,253
256,14,5.95312,8,125,254
257,15,5.95331,8,126,255
258,15,5.95349,8,127,256
259,15,5.9305,8,127,256
260,15,5.93077,8,128,257
261,15,5.93103,8,129,258
262,15,5.9542,8,131,260
263,15,5.95437,8,132,261
264,15,5.95455,8,133,262
265,15,5.95472,8,134,263
266,15,5.95489,8,135,264
267,19,6.02247,8,139,268
268,19,6.04478,8,141,270
269,20,6.06691,8,143,272
270,20,6.17778,8,149,278
271,20,6.15498,7,0,278
272,20,6.15441,7,1,279
273,20,6.13187,6,0,279
274,20,6.13139,6,1,280
275,20,6.10909,6,1,280
276,20,6.1087,6,2,281
277,20,6.17329,6,6,285
278,20,6.21583,6,9,288
279,20,6.21505,6,10,289
280,20,6.19286,5,0,289
281,20,6.19217,5,1,290
282,20,6.17021,5,1,290
283,20,6.16961,5,2,291
284,20,6.14789,5,2,291
285,20,6.16842,5,4,293
286,20,6.16783,5,5,294
287,20,6.16725,5,6,295
288,20,6.1875,5,8,297
289,20,6.18685,5,9,298
290,20,6.24828,5,13,302
291,20,6.35052,5,19,308
292,20,6.32877,5,19,308
293,20,6.30717,4,0,308
294,20,6.28571,4,0,308
295,20,6.28475,4,1,309
296,20,6.34459,4,5,313
297,20,6.32323,4,5,313
298,20,6.38255,4,9,317
299,20,6.3612,4,9,317
300,20,6.34,3,0,317
301,20,6.3588,3,2,319
302,20,6.35762,3,3,320
303,20,6.35644,3,4,321
304,20,6.39474,3,7,324
305,20,6.39344,3,8,325
306,20,6.37255,3,8,325
307,21,6.37134,3,9,326
308,21,6.38961,3,11,328