1,0,0,10,0,0
2,0,0,10,0,0
3,0,0,10,0,0
4,0,0,10,0,0
5,0,0,10,0,0
6,0,0,10,0,0
7,0,0,10,0,0
8,0,0,10,0,0
9,0,0,10,0,0
10,0,0,10,0,0
11,0,0,10,0,0
12,0,0,10,0,0
13,0,0.461538,10,1,1
14,0,0.857143,10,2,2
15,0,0.8,10,2,2
16,0,0.75,10,2,2
17,0,0.705882,10,2,2
18,0,0.666667,10,2,2
19,0,0.631579,10,2,2
20,0,1.8,10,6,6
21,0,1.71429,10,6,6
22,0,1.63636,10,6,6
23,0,1.82609,10,7,7
24,0,1.75,10,7,7
25,0,1.92,10,8,8
26,0,2.76923,10,12,12
27,0,2.88889,10,13,13
28,0,2.78571,10,13,13
29,0,2.68966,10,13,13
30,0,2.8,10,14,14
31,0,2.70968,10,14,14
32,0,2.625,10,14,14
33,0,2.54545,10,14,14
34,0,2.47059,10,14,14
35,0,2.74286,10,16,16
36,0,2.83333,10,17,17
37,0,2.91892,10,18,18
38,0,2.84211,10,18,18
39,0,2.76923,10,18,18
40,0,2.7,10,18,18
41,0,2.78049,10,19,19
42,0,2.85714,10,20,20
43,0,2.7907,10,20,20
44,0,2.72727,10,20,20
45,0,2.66667,10,20,20
46,0,2.73913,10,21,21
47,0,2.68085,10,21,21
48,0,2.75,10,22,22
49,0,2.69388,10,22,22
50,0,2.76,10,23,23
51,0,2.70588,10,23,23
52,0,2.65385,10,23,23
53,1,2.71698,10,24,24
54,1,2.77778,10,25,25
55,1,2.72727,10,25,25
56,1,2.67857,10,25,25
57,1,2.73684,10,26,26
58,1,2.7931,10,27,27
59,1,2.94915,10,29,29
60,1,2.9,10,29,29
61,1,3.2459,10,33,33
62,1,3.3871,10,35,35
63,1,3.42857,10,36,36
64,1,3.375,10,36,36
65,1,3.41538,10,37,37
66,1,3.45455,10,38,38
67,1,3.58209,10,40,40
68,1,3.61765,10,41,41
69,1,3.56522,10,41,41
70,1,3.51429,10,41,41
71,1,3.46479,10,41,41
72,1,3.5,10,42,42
73,1,3.53425,10,43,43
74,1,3.56757,10,44,44
75,1,3.68,10,46,46
76,1,3.63158,10,46,46
77,1,3.74026,10,48,48
78,1,3.84615,10,50,50
79,1,3.79747,10,50,50
80,1,3.75,10,50,50
81,2,3.77778,10,51,51
82,2,3.73171,10,51,51
83,2,3.68675,10,51,51
84,2,3.64286,10,51,51
85,2,4.02353,10,57,57
86,2,4.25581,10,61,61
87,2,4.48276,10,65,65
88,7,4.77273,10,70,70
89,8,4.78652,10,71,71
90,8,4.73333,10,71,71
91,8,4.94505,10,75,75
92,9,4.95652,10,76,76
93,9,4.90323,9,0,76
94,9,4.91489,9,1,77
95,9,4.86316,9,1,77
96,9,4.8125,9,1,77
97,9,4.76289,9,1,77
98,9,4.89796,9,4,80
99,9,4.84848,9,4,80
100,9,4.98,9,7,83
101,9,4.93069,9,7,83
102,9,5,9,9,85
103,9,4.95146,9,9,85
104,9,4.96154,9,10,86
105,9,5.14286,9,14,90
106,9,5.15094,9,15,91
107,9,5.1028,9,15,91
108,9,5.05556,9,15,91
109,9,5.22936,9,19,95
110,9,5.23636,9,20,96
111,9,5.24324,9,21,97
112,9,5.35714,9,24,100
113,9,5.36283,9,25,101
114,9,5.31579,9,25,101
115,9,5.32174,9,26,102
116,9,5.27586,9,26,102
117,9,5.23077,9,26,102
118,9,5.23729,9,27,103
119,9,5.2437,9,28,104
120,9,5.25,9,29,105
121,9,5.20661,9,29,105
122,9,5.16393,9,29,105
123,9,5.12195,9,29,105
124,9,5.12903,9,30,106
125,9,5.184,9,32,108
126,9,5.19048,9,33,109
127,9,5.24409,9,35,111
128,9,5.20312,9,35,111
129,9,5.2093,9,36,112
130,9,5.21538,9,37,113
131,9,5.22137,9,38,114
132,9,5.22727,9,39,115
133,9,5.23308,9,40,116
134,9,5.19403,9,40,116
135,9,5.15556,9,40,116
136,9,5.11765,9,40,116
137,9,5.08029,9,40,116
138,9,5.13043,9,42,118
139,9,5.09353,9,42,118
140,9,5.05714,9,42,118
141,9,5.06383,9,43,119
142,9,5.02817,9,43,119
143,9,5.03497,9,44,120
144,9,5.08333,9,46,122
145,9,5.08966,9,47,123
146,9,5.09589,9,48,124
147,9,5.10204,9,49,125
148,9,5.10811,9,50,126
149,9,5.07383,9,50,126
150,9,5.04,9,50,126
151,9,5.00662,9,50,126
152,9,5.09211,9,53,129
153,9,5.09804,9,54,130
154,9,5.1039,9,55,131
155,9,5.07097,9,55,131
156,9,5.07692,9,56,132
157,9,5.0828,9,57,133
158,9,5.08861,9,58,134
159,9,5.0566,9,58,134
160,9,5.0625,9,59,135
161,9,5.03106,9,59,135
162,9,5.07407,9,61,137
163,9,5.11656,9,63,139
164,9,5.12195,9,64,140
165,9,5.12727,9,65,141
166,9,5.16867,9,67,143
167,9,5.17365,9,68,144
168,9,5.14286,9,68,144
169,9,5.14793,9,69,145
170,9,5.15294,9,70,146
171,9,5.15789,9,71,147
172,9,5.19767,9,73,149
173,9,5.16763,9,73,149
174,9,5.17241,9,74,150
175,14,5.31429,9,79,155
176,14,5.31818,9,80,156
177,14,5.35593,9,82,158
178,15,5.35955,9,83,159
179,15,5.32961,9,83,159
180,15,5.43333,9,87,163
181,15,5.43646,9,88,164
182,15,5.43956,9,89,165
183,15,5.47541,9,91,167
184,15,5.47826,9,92,168
185,15,5.44865,9,92,168
186,15,5.45161,9,93,169
187,15,5.45455,9,94,170
188,15,5.45745,9,95,171
189,15,5.42857,9,95,171
190,15,5.4,9,95,171
191,15,5.40314,9,96,172
192,15,5.4375,9,98,174
193,15,5.44041,9,99,175
194,15,5.4433,9,100,176
195,15,5.41538,9,100,176
196,15,5.41837,9,101,177
197,15,5.48223,9,104,180
198,15,5.45455,9,104,180
199,15,5.42714,8,0,180
200,15,5.43,8,1,181
201,15,5.40299,8,1,181
202,15,5.37624,8,1,181
203,15,5.37931,8,2,182
204,15,5.38235,8,3,183
205,15,5.3561,8,3,183
206,15,5.35922,8,4,184
207,15,5.33333,8,4,184
208,15,5.33654,8,5,185
209,15,5.33971,8,6,186
210,15,5.37143,8,8,188
211,15,5.34597,8,8,188
212,15,5.34906,8,9,189
213,15,5.35211,8,10,190
214,15,5.35514,8,11,191
215,15,5.33023,8,11,191
216,15,5.30556,8,11,191
217,15,5.30876,8,12,192
218,15,5.36697,8,15,195
219,15,5.34247,8,15,195
220,15,5.34545,8,16,196
221,15,5.34842,8,17,197
222,15,5.35135,8,18,198
223,15,5.35426,8,19,199
224,15,5.4375,8,23,203
225,15,5.41333,8,23,203
226,15,5.38938,8,23,203
227,15,5.36564,8,23,203
228,15,5.44737,8,27,207
229,15,5.47598,8,29,209
230,15,5.47826,8,30,210
231,15,5.45455,8,30,210
232,16,5.4569,8,31,211
233,16,5.48498,8,33,213
234,16,5.48718,8,34,214
235,16,5.48936,8,35,215
236,16,5.4661,8,35,215
237,16,5.46835,8,36,216
238,16,5.47059,8,37,217
239,16,5.4728,8,38,218
240,16,5.55,8,42,222
241,16,5.55187,8,43,223
242,16,5.52893,8,43,223
243,16,5.53086,8,44,224
244,16,5.53279,8,45,225
245,16,5.53469,8,46,226
246,16,5.53659,8,47,227
247,16,5.53846,8,48,228
248,16,5.58871,8,51,231
249,16,5.56627,8,51,231
250,16,5.568,8,52,232
251,16,5.54582,8,52,232
252,16,5.54762,8,53,233
253,16,5.52569,8,53,233
254,16,5.50394,8,53,233
255,16,5.48235,8,53,233
256,16,5.48438,8,54,234
257,16,5.48638,8,55,235
258,16,5.46512,8,55,235
259,16,5.46718,8,56,236
260,16,5.46923,8,57,237
261,16,5.44828,7,0,237
262,16,5.51908,7,4,241
263,16,5.4981,7,4,241
264,16,5.47727,7,4,241
265,16,5.47925,7,5,242
266,16,5.4812,7,6,243
267,16,5.48315,7,7,244
268,16,5.48507,7,8,245
269,17,5.48699,7,9,246
270,17,5.55556,7,13,250
271,17,5.5572,7,14,251
272,17,5.53676,7,14,251
273,17,5.6044,7,18,255
274,17,5.60584,7,19,256
275,17,5.67273,7,23,260
276,17,5.71739,7,26,263
277,17,5.69675,7,26,263
278,17,5.69784,7,27,264
279,17,5.69892,7,28,265
280,17,5.76429,7,32,269
281,17,5.82918,7,36,273
282,17,5.82979,7,37,274
283,17,5.85159,7,39,276
284,18,5.85211,7,40,277
285,18,5.85263,7,41,278
286,18,5.85315,7,42,279
287,18,5.91638,7,46,283
288,18,5.91667,7,47,284
289,18,5.89619,6,0,284
290,18,5.87586,6,0,284
291,18,5.85567,5,0,284
292,18,5.83562,5,0,284
293,18,5.89761,5,4,288
294,18,5.95918,5,8,292
295,18,5.93898,5,8,292
296,18,5.93919,5,9,293
297,18,5.93939,5,10,294
298,18,5.95973,5,12,296
299,18,5.95987,5,13,297
300,18,5.96,5,14,298
301,18,5.9402,5,14,298
302,18,6,5,18,302
303,18,6,5,19,303
304,19,6,5,20,304
305,19,6,5,21,305
306,19,6.05882,5,25,309