1,0,6,10,1,1
2,0,3,10,1,1
3,0,2,10,1,1
4,0,7.5,10,5,5
5,0,7.2,10,6,6
6,0,6,9,0,6
7,0,5.14286,9,0,6
8,0,4.5,9,0,6
9,0,6.66667,9,4,10
10,0,6,9,4,10
11,0,5.45455,9,4,10
12,0,5,9,4,10
13,0,6.46154,9,8,14
14,0,6,9,8,14
15,0,5.6,9,8,14
16,0,5.25,9,8,14
17,0,4.94118,9,8,14
18,0,4.66667,8,0,14
19,0,4.73684,8,1,15
20,0,4.8,8,2,16
21,0,4.57143,8,2,16
22,0,4.63636,8,3,17
23,0,4.43478,7,0,17
24,0,4.25,7,0,17
25,0,4.08,7,0,17
26,0,3.92308,7,0,17
27,0,3.77778,7,0,17
28,1,3.85714,7,1,18
29,1,3.72414,7,1,18
30,1,3.6,7,1,18
31,1,3.67742,7,2,19
32,1,3.5625,7,2,19
33,1,3.45455,7,2,19
34,1,3.35294,7,2,19
35,1,3.25714,7,2,19
36,1,3.33333,7,3,20
37,1,3.40541,7,4,21
38,1,3.31579,7,4,21
39,1,3.23077,7,4,21
40,1,3.15,7,4,21
41,1,3.07317,7,4,21
42,1,3,7,4,21
43,1,3.2093,7,6,23
44,1,3.40909,7,8,25
45,1,3.33333,7,8,25
46,1,3.78261,7,12,29
47,1,3.70213,7,12,29
48,1,3.625,7,12,29
49,1,3.67347,7,13,30
50,1,3.6,7,13,30
51,1,3.52941,7,13,30
52,1,3.46154,7,13,30
53,1,3.39623,7,13,30
54,1,3.33333,7,13,30
55,1,3.38182,7,14,31
56,1,3.75,7,18,35
57,1,4.10526,7,22,39
58,1,4.03448,7,22,39
59,1,3.9661,7,22,39
60,1,3.9,7,22,39
61,1,3.83607,7,22,39
62,1,3.77419,7,22,39
63,1,3.71429,7,22,39
64,1,4.21875,7,28,45
65,1,4.15385,7,28,45
66,1,4.09091,7,28,45
67,1,4.38806,7,32,49
68,1,4.67647,7,36,53
69,1,4.6087,7,36,53
70,1,4.62857,7,37,54
71,1,4.56338,7,37,54
72,1,4.66667,7,39,56
73,1,4.68493,7,40,57
74,1,4.94595,7,44,61
75,1,4.88,7,44,61
76,1,4.81579,7,44,61
77,1,4.83117,7,45,62
78,1,4.76923,7,45,62
79,1,4.78481,7,46,63
80,1,4.8,7,47,64
81,1,4.74074,7,47,64
82,1,4.7561,7,48,65
83,1,4.77108,7,49,66
84,1,4.71429,7,49,66
85,1,4.94118,7,53,70
86,1,4.88372,7,53,70
87,1,4.82759,7,53,70
88,1,4.84091,7,54,71
89,1,4.78652,7,54,71
90,1,4.86667,7,56,73
91,1,4.94505,7,58,75
92,1,4.95652,7,59,76
93,1,4.96774,7,60,77
94,1,4.91489,7,60,77
95,1,4.92632,7,61,78
96,1,4.875,7,61,78
97,1,4.8866,7,62,79
98,1,4.89796,7,63,80
99,1,4.90909,7,64,81
100,1,4.92,7,65,82
101,1,4.93069,7,66,83
102,1,4.94118,7,67,84
103,1,4.95146,7,68,85
104,1,5.01923,7,70,87
105,1,5.02857,7,71,88
106,1,5.03774,7,72,89
107,2,5.04673,7,73,90
108,2,5.05556,7,74,91
109,3,5.06422,7,75,92
110,3,5.07273,7,76,93
111,3,5.08108,7,77,94
112,3,5.08929,7,78,95
113,3,5.09735,7,79,96
114,3,5.05263,7,79,96
115,3,5.21739,7,83,100
116,3,5.17241,7,83,100
117,3,5.12821,7,83,100
118,3,5.13559,7,84,101
119,3,5.14286,7,85,102
120,3,5.1,7,85,102
121,3,5.15702,7,87,104
122,3,5.16393,7,88,105
123,3,5.12195,7,88,105
124,3,5.12903,7,89,106
125,3,5.088,7,89,106
126,3,5.09524,7,90,107
127,3,5.14961,7,92,109
128,3,5.15625,7,93,110
129,3,5.16279,7,94,111
130,3,5.16923,7,95,112
131,3,5.17557,7,96,113
132,3,5.18182,7,97,114
133,3,5.18797,7,98,115
134,3,5.19403,7,99,116
135,3,5.33333,7,103,120
136,3,5.33824,7,104,121
137,3,5.29927,7,104,121
138,3,5.30435,7,105,122
139,3,5.30935,7,106,123
140,3,5.27143,7,106,123
141,3,5.2766,7,107,124
142,3,5.23944,7,107,124
143,3,5.2028,7,107,124
144,3,5.20833,7,108,125
145,3,5.17241,7,108,125
146,3,5.13699,6,0,125
147,3,5.10204,6,0,125
148,3,5.06757,6,0,125
149,3,5.03356,6,0,125
150,3,5,6,0,125
151,3,4.96689,5,0,125
152,3,4.93421,5,0,125
153,3,4.94118,5,1,126
154,3,4.90909,5,1,126
155,3,4.91613,5,2,127
156,3,4.88462,5,2,127
157,3,4.89172,5,3,128
158,3,4.86076,5,3,128
159,3,4.86792,5,4,129
160,3,4.9125,5,6,131
161,3,4.88199,5,6,131
162,8,5.03704,5,11,136
163,8,5.07975,5,13,138
164,8,5.04878,5,13,138
165,8,5.05455,5,14,139
166,9,5.06024,5,15,140
167,9,5.06587,5,16,141
168,9,5.07143,5,17,142
169,9,5.04142,5,17,142
170,9,5.01176,5,17,142
171,9,5.01754,5,18,143
172,9,5.02326,5,19,144
173,9,5.0289,5,20,145
174,9,5,4,0,145
175,9,5.00571,4,1,146
176,9,4.97727,4,1,146
177,9,5.08475,4,5,150
178,9,5.05618,3,0,150
179,9,5.02793,3,0,150
180,9,5,3,0,150
181,9,4.97238,3,0,150
182,9,4.94505,3,0,150
183,9,4.91803,3,0,150
184,9,4.8913,3,0,150
185,9,4.86486,3,0,150
186,9,4.87097,3,1,151
187,9,4.84492,2,0,151
188,9,4.85106,2,1,152
189,9,4.85714,2,2,153
190,9,4.83158,1,0,153
191,9,4.80628,1,0,153
192,9,4.78125,1,0,153
193,10,4.78756,1,1,154
194,10,4.76289,1,1,154
195,10,4.73846,1,1,154
196,10,4.71429,1,1,154
197,10,4.69036,1,1,154
198,10,4.66667,1,1,154
199,10,4.64322,1,1,154
200,10,4.62,1,1,154
201,10,4.59701,1,1,154
202,10,4.57426,1,1,154
203,10,4.55172,1,1,154
204,12,4.58824,1,3,156
205,12,4.68293,1,7,160
206,12,4.66019,1,7,160
207,12,4.63768,1,7,160
208,12,4.61538,1,7,160
209,12,4.5933,1,7,160
210,12,4.57143,1,7,160
211,12,4.54976,1,7,160
212,12,4.5566,1,8,161
213,12,4.53521,0,0,161
