1,0,0,10,0,0
2,0,0,10,0,0
3,1,2,10,1,1
4,1,3,10,2,2
5,1,2.4,10,2,2
6,2,3,10,3,3
7,2,6,10,7,7
8,2,5.25,10,7,7
9,2,4.66667,9,0,7
10,2,4.2,9,0,7
11,2,4.36364,9,1,8
12,2,4,9,1,8
13,2,3.69231,9,1,8
14,2,3.42857,9,1,8
15,4,4,9,3,10
16,4,3.75,9,3,10
17,4,3.52941,9,3,10
18,4,3.66667,9,4,11
19,4,3.47368,9,4,11
20,4,3.6,9,5,12
21,4,4,9,7,14
22,4,3.81818,9,7,14
23,4,3.65217,8,0,14
24,4,3.5,8,0,14
25,4,3.6,8,1,15
26,4,3.69231,8,2,16
27,4,4.44444,8,6,20
28,4,4.28571,8,6,20
29,4,4.13793,8,6,20
30,4,4,8,6,20
31,4,3.87097,8,6,20
32,4,3.75,8,6,20
33,5,3.81818,8,7,21
34,5,3.70588,8,7,21
35,5,3.6,8,7,21
36,5,3.5,8,7,21
37,5,3.56757,8,8,22
38,5,3.47368,8,8,22
39,5,3.38462,8,8,22
40,5,3.3,8,8,22
41,5,3.21951,8,8,22
42,5,3.14286,7,0,22
43,5,3.06977,7,0,22
44,5,3,7,0,22
45,5,2.93333,7,0,22
46,6,3,7,1,23
47,6,2.93617,7,1,23
48,6,2.875,7,1,23
49,6,2.81633,7,1,23
50,6,2.76,7,1,23
51,7,2.82353,7,2,24
52,7,2.76923,7,2,24
53,7,2.71698,7,2,24
54,7,2.66667,6,0,24
55,7,2.61818,6,0,24
56,7,2.57143,6,0,24
57,7,2.52632,6,0,24
58,7,2.48276,6,0,24
59,7,2.44068,6,0,24
60,7,2.4,6,0,24
61,7,2.7541,6,4,28
62,7,2.70968,6,4,28
63,7,2.66667,6,4,28
64,7,2.625,6,4,28
65,7,2.58462,6,4,28
66,7,2.54545,6,4,28
67,7,2.50746,6,4,28
68,7,2.47059,6,4,28
69,7,2.43478,6,4,28
70,7,2.4,6,4,28
71,7,2.70423,6,8,32
72,7,2.66667,6,8,32
73,7,2.63014,6,8,32
74,7,2.59459,6,8,32
75,7,2.56,6,8,32
76,7,2.52632,6,8,32
77,7,2.49351,6,8,32
78,7,2.46154,6,8,32
79,7,2.43038,6,8,32
80,7,2.4,6,8,32
81,8,2.51852,6,10,34
82,8,2.56098,6,11,35
83,8,2.60241,6,12,36
84,8,2.57143,6,12,36
85,8,2.61176,6,13,37
86,8,2.5814,6,13,37
87,8,2.82759,6,17,41
88,8,2.79545,6,17,41
89,8,2.76404,6,17,41
90,8,2.73333,6,17,41
91,8,2.7033,6,17,41
92,8,2.67391,6,17,41
93,8,2.70968,6,18,42
94,8,2.68085,6,18,42
95,8,2.90526,6,22,46
96,8,3.25,6,28,52
97,8,3.21649,6,28,52
98,8,3.18367,6,28,52
99,8,3.15152,6,28,52
100,8,3.12,6,28,52
101,8,3.20792,6,30,54
102,8,3.17647,6,30,54
103,8,3.14563,6,30,54
104,8,3.11538,6,30,54
105,8,3.08571,6,30,54
106,8,3.0566,6,30,54
107,8,3.08411,6,31,55
108,8,3.05556,6,31,55
109,8,3.08257,6,32,56
110,8,3.10909,6,33,57
111,8,3.08108,6,33,57
112,8,3.05357,6,33,57
113,8,3.07965,6,34,58
114,8,3.10526,6,35,59
115,8,3.07826,6,35,59
116,8,3.05172,6,35,59
117,8,3.02564,6,35,59
118,8,3.05085,6,36,60
119,8,3.02521,6,36,60
120,8,3,6,36,60
121,8,2.97521,6,36,60
122,8,2.95082,6,36,60
123,9,2.97561,6,37,61
124,9,3.14516,6,41,65
125,9,3.12,6,41,65
126,9,3.19048,6,43,67
127,9,3.2126,6,44,68
128,9,3.1875,6,44,68
129,9,3.16279,6,44,68
130,9,3.13846,6,44,68
131,9,3.1145,6,44,68
132,9,3.09091,6,44,68
133,9,3.06767,6,44,68
134,9,3.04478,5,0,68
135,9,3.02222,5,0,68
136,9,3,5,0,68
137,9,3.0219,5,1,69
138,9,3,5,1,69
139,9,2.97842,5,1,69
140,9,2.95714,5,1,69
141,9,2.93617,5,1,69
142,9,2.91549,5,1,69
143,9,2.8951,5,1,69
144,9,2.875,5,1,69
145,9,2.85517,5,1,69
146,9,3,5,5,73
147,9,2.97959,5,5,73
148,9,2.95946,5,5,73
149,9,3.10067,5,9,77
150,9,3.08,5,9,77
151,9,3.09934,5,10,78
152,9,3.11842,5,11,79
153,9,3.09804,5,11,79
154,13,3.23377,5,15,83
155,13,3.2129,5,15,83
156,13,3.23077,5,16,84
157,13,3.21019,5,16,84
158,13,3.22785,5,17,85
159,13,3.35849,5,21,89
160,13,3.3375,5,21,89
161,13,3.31677,5,21,89
162,13,3.44444,5,25,93
163,13,3.46012,5,26,94
164,13,3.43902,5,26,94
165,13,3.41818,5,26,94
166,13,3.46988,5,28,96
167,13,3.4491,5,28,96
168,13,3.5,5,30,98
169,13,3.51479,5,31,99
170,13,3.49412,5,31,99
171,13,3.47368,5,31,99
172,13,3.45349,5,31,99
173,13,3.43353,5,31,99
174,13,3.41379,5,31,99
175,13,3.39429,5,31,99
176,13,3.40909,5,32,100
177,13,3.38983,5,32,100
178,13,3.37079,5,32,100
179,13,3.38547,5,33,101
180,13,3.36667,5,33,101
181,13,3.34807,5,33,101
182,13,3.32967,5,33,101
183,13,3.31148,5,33,101
184,13,3.29348,5,33,101
185,13,3.30811,5,34,102
186,13,3.29032,5,34,102
187,13,3.27273,5,34,102
188,13,3.28723,5,35,103
189,13,3.26984,5,35,103
190,13,3.25263,5,35,103
191,13,3.36126,5,39,107
192,13,3.375,5,40,108
193,13,3.35751,5,40,108
194,13,3.34021,5,40,108
195,13,3.32308,5,40,108
196,13,3.30612,5,40,108
197,13,3.3198,5,41,109
198,13,3.30303,5,41,109
199,13,3.28643,5,41,109
200,13,3.3,5,42,110
201,13,3.40299,5,46,114
202,13,3.38614,5,46,114
203,13,3.42857,5,48,116
204,13,3.41176,5,48,116
205,13,3.39512,5,48,116
206,14,3.40777,5,49,117
207,14,3.3913,5,49,117
208,14,3.375,5,49,117
209,14,3.38756,5,50,118
210,14,3.4,5,51,119
211,14,3.38389,5,51,119
212,14,3.36792,5,51,119
213,14,3.35211,5,51,119
214,14,3.33645,5,51,119
215,14,3.37674,5,53,121
216,14,3.36111,5,53,121
217,14,3.37327,5,54,122
218,14,3.3578,5,54,122
219,14,3.34247,5,54,122
220,14,3.32727,5,54,122
221,14,3.42081,5,58,126
222,15,3.43243,5,59,127
223,15,3.41704,5,59,127
224,15,3.50893,5,63,131
225,15,3.49333,5,63,131
226,15,3.47788,5,63,131
227,15,3.46256,5,63,131
228,15,3.44737,5,63,131
229,15,3.43231,5,63,131
230,15,3.44348,5,64,132
231,15,3.42857,5,64,132
232,15,3.41379,5,64,132
233,16,3.42489,5,65,133
234,16,3.4359,5,66,134
235,16,3.42128,5,66,134
236,16,3.4322,5,67,135
237,16,3.44304,5,68,136
238,16,3.42857,5,68,136
239,16,3.43933,5,69,137
240,16,3.425,5,69,137
241,16,3.48548,5,72,140
242,16,3.47107,5,72,140
243,16,3.45679,5,72,140
244,16,3.46721,5,73,141
245,16,3.45306,5,73,141
246,16,3.43902,5,73,141
247,16,3.44939,5,74,142
248,16,3.48387,5,76,144
249,16,3.46988,5,76,144
250,16,3.456,5,76,144
251,16,3.44223,5,76,144
252,17,3.45238,5,77,145
253,17,3.46245,5,78,146
254,17,3.59055,5,84,152
255,17,3.6,5,85,153
256,17,3.58594,5,85,153
257,18,3.59533,5,86,154
258,18,3.5814,4,0,154
259,18,3.56757,4,0,154
260,18,3.55385,4,0,154
261,18,3.56322,4,1,155
262,18,3.59542,4,3,157
263,18,3.58175,4,3,157
264,19,3.59091,4,4,158
265,19,3.6,4,5,159
266,19,3.58647,4,5,159
267,19,3.57303,4,5,159
268,19,3.5597,4,5,159
269,21,3.59108,4,7,161
270,21,3.66667,4,11,165
271,21,3.69742,4,13,167
272,21,3.68382,4,13,167
273,21,3.67033,4,13,167
274,21,3.65693,4,13,167
275,21,3.66545,4,14,168
276,21,3.69565,4,16,170
277,21,3.70397,4,17,171
278,22,3.71223,4,18,172
279,22,3.74194,4,20,174
280,22,3.77143,4,22,176
281,22,3.75801,4,22,176
282,22,3.74468,3,0,176
283,22,3.75265,3,1,177
284,22,3.76056,3,2,178
285,22,3.78947,3,4,180
286,22,3.7972,3,5,181
287,22,3.78397,3,5,181
288,22,3.77083,3,5,181
289,22,3.77855,3,6,182
290,22,3.84828,3,10,186
291,23,3.85567,3,11,187
292,23,3.86301,3,12,188
293,23,3.87031,3,13,189
294,23,3.87755,3,14,190
295,25,3.90508,3,16,192
296,25,3.89189,3,16,192
297,25,3.89899,3,17,193
298,25,3.90604,3,18,194
299,25,3.91304,3,19,195
300,25,3.92,3,20,196
301,25,3.92691,3,21,197
302,25,4.03311,3,27,203
303,25,4.13861,3,33,209
304,25,4.14474,3,34,210
305,25,4.24918,3,40,216
306,25,4.2549,3,41,217
307,25,4.31922,3,45,221
308,25,4.32468,3,46,222
309,25,4.42718,3,52,228
310,25,4.4129,3,52,228
311,25,4.41801,3,53,229
312,25,4.40385,3,53,229
313,25,4.42812,3,55,231
314,25,4.43312,3,56,232