1,0,0,10,0,0
2,0,0,10,0,0
3,0,0,10,0,0
4,0,0,10,0,0
5,0,4.8,10,4,4
6,0,5,10,5,5
7,0,4.28571,10,5,5
8,0,3.75,10,5,5
9,0,3.33333,10,5,5
10,0,3,9,0,5
11,0,3.27273,9,1,6
12,0,3,9,1,6
13,0,2.76923,9,1,6
14,0,2.57143,9,1,6
15,0,2.4,9,1,6
16,0,2.25,9,1,6
17,0,2.11765,9,1,6
18,0,2,9,1,6
19,0,1.89474,9,1,6
20,0,1.8,9,1,6
21,0,1.71429,9,1,6
22,0,1.63636,9,1,6
23,0,1.56522,9,1,6
24,0,1.5,9,1,6
25,0,1.44,9,1,6
26,0,1.38462,9,1,6
27,0,2.22222,9,5,10
28,0,2.14286,9,5,10
29,0,2.06897,9,5,10
30,0,2.2,9,6,11
31,0,2.12903,9,6,11
32,0,2.0625,9,6,11
33,0,2,9,6,11
34,0,2.11765,9,7,12
35,1,2.91429,9,12,17
36,1,3.5,9,16,21
37,1,3.40541,9,16,21
38,1,3.31579,9,16,21
39,1,3.23077,9,16,21
40,1,3.15,9,16,21
41,1,3.07317,9,16,21
42,1,3.57143,9,20,25
43,1,3.48837,9,20,25
44,1,3.40909,9,20,25
45,1,3.33333,9,20,25
46,1,3.26087,9,20,25
47,5,3.70213,9,24,29
48,5,3.625,9,24,29
49,5,3.55102,9,24,29
50,5,3.48,9,24,29
51,5,3.41176,9,24,29
52,5,3.34615,9,24,29
53,5,3.28302,9,24,29
54,5,3.22222,9,24,29
55,5,3.16364,9,24,29
56,5,3.53571,9,28,33
57,5,3.47368,9,28,33
58,5,3.41379,9,28,33
59,5,3.35593,9,28,33
60,5,3.3,9,28,33
61,5,3.2459,9,28,33
62,5,3.19355,9,28,33
63,5,3.14286,8,0,33
64,5,3.09375,8,0,33
65,5,3.13846,8,1,34
66,5,3.09091,8,1,34
67,5,3.04478,8,1,34
68,5,3,8,1,34
69,5,2.95652,8,1,34
70,5,3,8,2,35
71,5,3.04225,8,3,36
72,5,3.08333,8,4,37
73,5,3.20548,8,6,39
74,5,3.16216,8,6,39
75,5,3.2,8,7,40
76,5,3.15789,8,7,40
77,5,3.19481,8,8,41
78,5,3.15385,8,8,41
79,5,3.18987,8,9,42
80,5,3.45,8,13,46
81,5,3.48148,8,14,47
82,5,3.43902,8,14,47
83,5,3.46988,8,15,48
84,5,3.64286,8,18,51
85,5,3.6,8,18,51
86,5,3.55814,8,18,51
87,5,3.51724,8,18,51
88,5,3.47727,8,18,51
89,5,3.50562,8,19,52
90,5,3.6,8,21,54
91,5,3.56044,8,21,54
92,5,3.58696,8,22,55
93,5,3.54839,8,22,55
94,5,3.51064,8,22,55
95,5,3.47368,8,22,55
96,5,3.4375,8,22,55
97,5,3.40206,8,22,55
98,5,3.61224,8,26,59
99,5,3.57576,8,26,59
100,5,3.54,8,26,59
101,5,3.50495,8,26,59
102,5,3.47059,8,26,59
103,5,3.43689,8,26,59
104,5,3.46154,8,27,60
105,5,3.65714,8,31,64
106,5,3.62264,8,31,64
107,5,3.58879,8,31,64
108,5,3.55556,8,31,64
109,5,3.52294,8,31,64
110,5,3.49091,8,31,64
111,5,3.45946,8,31,64
112,5,3.48214,8,32,65
113,5,3.45133,8,32,65
114,5,3.47368,8,33,66
115,5,3.44348,8,33,66
116,5,3.41379,8,33,66
117,5,3.38462,8,33,66
118,5,3.55932,8,37,70
119,5,3.52941,8,37,70
120,5,3.7,8,41,74
121,5,3.66942,8,41,74
122,5,3.63934,8,41,74
123,5,3.60976,8,41,74
124,5,3.72581,8,44,77
125,5,3.888,8,48,81
126,5,3.85714,8,48,81
127,5,3.82677,7,0,81
128,5,3.79688,7,0,81
129,5,3.76744,7,0,81
130,5,3.78462,7,1,82
131,5,3.75573,7,1,82
132,5,3.72727,7,1,82
133,5,3.69925,7,1,82
134,5,3.67164,7,1,82
135,5,3.64444,7,1,82
136,5,3.61765,7,1,82
137,5,3.63504,7,2,83
138,5,3.65217,7,3,84
139,5,3.6259,7,3,84
140,5,3.6,7,3,84
141,5,3.57447,7,3,84
142,5,3.5493,7,3,84
143,5,3.52448,7,3,84
144,5,3.5,7,3,84
145,5,3.47586,7,3,84
146,5,3.45205,7,3,84
147,5,3.42857,7,3,84
148,5,3.44595,7,4,85
149,5,3.46309,7,5,86
150,5,3.44,7,5,86
151,5,3.45695,7,6,87
152,5,3.51316,7,8,89
153,5,3.4902,7,8,89
154,5,3.46753,7,8,89
155,5,3.44516,7,8,89
156,5,3.46154,7,9,90
157,5,3.43949,7,9,90
158,5,3.41772,7,9,90
159,5,3.39623,7,9,90
160,5,3.375,7,9,90
161,5,3.50311,7,13,94
162,5,3.48148,7,13,94
163,5,3.46012,7,13,94
164,5,3.43902,7,13,94
165,5,3.41818,7,13,94
166,5,3.39759,7,13,94
167,5,3.37725,7,13,94
168,5,3.35714,7,13,94
169,5,3.47929,7,17,98
170,5,3.45882,7,17,98
171,5,3.47368,7,18,99
172,5,3.45349,7,18,99
173,5,3.43353,7,18,99
174,5,3.41379,7,18,99
175,5,3.39429,7,18,99
176,5,3.375,7,18,99
177,5,3.35593,7,18,99
178,5,3.33708,6,0,99
179,5,3.31844,6,0,99
180,5,3.33333,6,1,100
181,5,3.38122,6,3,102
182,5,3.49451,6,7,106
183,5,3.60656,6,11,110
184,5,3.58696,6,11,110
185,5,3.63243,6,13,112
186,5,3.6129,6,13,112
187,5,3.59358,6,13,112
188,5,3.57447,6,13,112
189,5,3.55556,6,13,112
190,5,3.53684,6,13,112
191,5,3.51832,6,13,112
192,5,3.5,6,13,112
193,5,3.51295,6,14,113
194,5,3.49485,6,14,113
195,5,3.47692,6,14,113
196,5,3.45918,6,14,113
197,5,3.44162,6,14,113
198,5,3.45455,6,15,114
199,5,3.43719,6,15,114
200,5,3.45,6,16,115
201,5,3.43284,6,16,115
202,5,3.44554,6,17,116
203,5,3.42857,6,17,116
204,5,3.41176,6,17,116
205,5,3.5122,6,21,120
206,5,3.61165,6,25,124
207,5,3.71014,6,29,128
208,6,3.72115,6,30,129
209,11,3.84689,6,35,134
210,11,3.94286,6,39,138
211,11,3.92417,5,0,138
212,12,3.93396,5,1,139
213,12,3.91549,5,1,139
214,12,3.92523,5,2,140
215,12,3.90698,5,2,140
216,12,3.88889,5,2,140
217,12,3.87097,5,2,140
218,12,3.85321,5,2,140
219,12,3.83562,5,2,140
220,12,3.81818,5,2,140
221,12,3.8009,5,2,140
222,12,3.78378,5,2,140
223,12,3.76682,5,2,140
224,12,3.75,5,2,140
225,12,3.73333,5,2,140
226,12,3.76991,5,4,142
227,12,3.7533,5,4,142
228,12,3.73684,5,4,142
229,12,3.82533,5,8,146
230,12,3.8087,5,8,146
231,12,3.79221,5,8,146
232,12,3.77586,5,8,146
233,12,3.75966,5,8,146
234,12,3.74359,5,8,146
235,12,3.72766,5,8,146
236,12,3.71186,5,8,146
237,12,3.6962,5,8,146
238,12,3.7563,5,11,149
239,12,3.79079,5,13,151
240,12,3.8,5,14,152
241,12,3.78423,4,0,152
242,12,3.7686,4,0,152
243,12,3.77778,4,1,153
244,12,3.7623,4,1,153
245,12,3.77143,4,2,154
246,12,3.7561,4,2,154
247,12,3.76518,4,3,155
248,12,3.75,4,3,155
249,12,3.73494,4,3,155
250,12,3.72,4,3,155
251,12,3.72908,4,4,156
252,12,3.71429,4,4,156
253,12,3.74704,4,6,158
254,12,3.73228,4,6,158
255,12,3.71765,4,6,158
256,12,3.70312,4,6,158
257,12,3.68872,4,6,158
258,12,3.67442,4,6,158
259,12,3.6834,4,7,159
260,12,3.66923,4,7,159
261,12,3.65517,4,7,159
262,12,3.64122,4,7,159
263,12,3.62738,4,7,159
264,12,3.61364,4,7,159
265,12,3.69057,4,11,163
266,12,3.76692,4,15,167
267,12,3.75281,4,15,167
268,12,3.82836,4,19,171
