1,1,6,10,1,1
2,1,3,9,0,1
3,1,2,9,0,1
4,1,1.5,9,0,1
5,1,1.2,9,0,1
6,1,1,9,0,1
7,1,0.857143,9,0,1
8,1,0.75,9,0,1
9,1,0.666667,9,0,1
10,1,1.2,9,1,2
11,1,3.27273,9,5,6
12,1,3,9,5,6
13,1,2.76923,9,5,6
14,1,2.57143,9,5,6
15,1,2.4,9,5,6
16,1,2.25,9,5,6
17,1,2.11765,9,5,6
18,1,2,9,5,6
19,1,3.15789,9,9,10
20,1,3,8,0,10
21,2,3.14286,8,1,11
22,2,3,8,1,11
23,2,2.86957,8,1,11
24,2,2.75,8,1,11
25,2,2.88,8,2,12
26,2,3.69231,8,6,16
27,2,3.55556,8,6,16
28,2,3.64286,8,7,17
29,2,3.51724,8,7,17
30,3,3.6,8,8,18
31,3,4.64516,8,14,24
32,3,4.5,8,14,24
33,3,5.45455,8,20,30
34,3,5.29412,8,20,30
35,3,5.14286,8,20,30
36,3,5,8,20,30
37,3,4.86486,8,20,30
38,3,5.36842,8,24,34
39,3,5.23077,8,24,34
40,3,5.1,8,24,34
41,3,4.97561,8,24,34
42,3,5.42857,8,28,38
43,3,5.30233,8,28,38
44,3,5.72727,8,32,42
45,3,6.13333,8,36,46
46,4,6.13043,8,37,47
47,4,6,8,37,47
48,4,5.875,8,37,47
49,4,5.7551,8,37,47
50,4,5.64,8,37,47
51,5,5.64706,8,38,48
52,5,5.53846,8,38,48
53,5,5.43396,8,38,48
54,5,5.33333,8,38,48
55,5,5.34545,8,39,49
56,5,5.25,8,39,49
57,5,5.15789,8,39,49
58,5,5.06897,8,39,49
59,5,4.98305,8,39,49
60,5,4.9,8,39,49
61,5,5.21311,8,43,53
62,5,5.51613,8,47,57
63,5,5.42857,8,47,57
64,5,5.4375,8,48,58
65,5,5.35385,8,48,58
66,5,5.27273,8,48,58
67,5,5.19403,8,48,58
68,5,5.11765,8,48,58
69,5,5.04348,8,48,58
70,5,4.97143,8,48,58
71,5,5.23944,8,52,62
72,5,5.16667,8,52,62
73,7,5.26027,8,54,64
74,8,5.27027,8,55,65
75,8,5.2,8,55,65
76,8,5.13158,8,55,65
77,8,5.37662,8,59,69
78,8,5.30769,8,59,69
79,8,5.24051,8,59,69
80,8,5.175,8,59,69
81,8,5.11111,8,59,69
82,8,5.04878,8,59,69
83,8,4.98795,8,59,69
84,8,4.92857,8,59,69
85,8,4.87059,8,59,69
86,8,4.88372,8,60,70
87,8,5.10345,8,64,74
88,8,5.45455,8,70,80
89,8,5.39326,8,70,80
90,8,5.6,8,74,84
91,8,5.53846,8,74,84
92,8,5.47826,8,74,84
93,8,5.48387,8,75,85
94,8,5.48936,8,76,86
95,8,5.43158,8,76,86
96,8,5.375,8,76,86
97,8,5.31959,7,0,86
98,8,5.26531,7,0,86
99,8,5.21212,7,0,86
100,8,5.22,7,1,87
101,8,5.16832,7,1,87
102,8,5.11765,7,1,87
103,8,5.06796,7,1,87
104,8,5.01923,7,1,87
105,8,4.97143,7,1,87
106,8,4.92453,7,1,87
107,8,4.8785,7,1,87
108,8,4.83333,7,1,87
109,8,4.84404,7,2,88
110,8,4.8,7,2,88
111,8,4.75676,7,2,88
112,8,4.71429,7,2,88
113,9,4.72566,7,3,89
114,9,4.73684,7,4,90
115,10,4.74783,7,5,91
116,10,4.75862,7,6,92
117,10,4.71795,7,6,92
118,10,4.67797,7,6,92
119,10,4.63866,7,6,92
120,10,4.6,7,6,92
121,10,4.56198,7,6,92
122,10,4.57377,7,7,93
123,10,4.53659,7,7,93
124,10,4.5,7,7,93
125,10,4.512,7,8,94
126,10,4.52381,7,9,95
127,10,4.48819,7,9,95
128,10,4.45312,7,9,95
129,10,4.4186,7,9,95
130,10,4.43077,7,10,96
131,10,4.39695,7,10,96
132,10,4.36364,7,10,96
133,10,4.37594,7,11,97
134,10,4.34328,7,11,97
135,10,4.48889,7,15,101
136,10,4.5,7,16,102
137,10,4.46715,7,16,102
138,10,4.43478,7,16,102
139,10,4.57554,7,20,106
140,10,4.54286,7,20,106
141,10,4.51064,7,20,106
142,10,4.52113,7,21,107
143,10,4.53147,7,22,108
144,10,4.5,7,22,108
145,10,4.46897,7,22,108
146,10,4.47945,7,23,109
147,10,4.44898,7,23,109
148,10,4.41892,7,23,109
149,10,4.38926,7,23,109
150,10,4.36,7,23,109
151,10,4.33113,7,23,109
152,10,4.38158,7,25,111
153,10,4.35294,7,25,111
154,10,4.36364,7,26,112
155,10,4.37419,7,27,113
156,11,4.38462,7,28,114
157,11,4.3949,7,29,115
158,11,4.36709,6,0,115
159,11,4.41509,6,2,117
160,11,4.3875,6,2,117
161,11,4.36025,6,2,117
162,11,4.33333,6,2,117
163,11,4.45399,6,6,121
164,11,4.46341,6,7,122
165,11,4.47273,6,8,123
166,11,4.44578,6,8,123
167,11,4.41916,6,8,123
168,11,4.39286,6,8,123
169,11,4.40237,6,9,124
170,11,4.37647,6,9,124
171,11,4.35088,5,0,124
172,11,4.32558,5,0,124
173,11,4.33526,5,1,125
174,11,4.31034,5,1,125
175,11,4.28571,5,1,125
176,11,4.26136,5,1,125
177,11,4.23729,5,1,125
178,11,4.21348,5,1,125
179,11,4.22346,5,2,126
180,11,4.4,5,8,132
181,11,4.40884,5,9,133
182,11,4.38462,5,9,133
183,11,4.36066,5,9,133
184,11,4.33696,5,9,133
185,11,4.34595,5,10,134
186,11,4.35484,5,11,135
187,11,4.33155,5,11,135
188,11,4.34043,5,12,136
189,11,4.31746,5,12,136
190,11,4.29474,5,12,136
191,11,4.27225,5,12,136
192,11,4.28125,5,13,137
193,11,4.29016,5,14,138
194,11,4.26804,5,14,138
195,11,4.24615,5,14,138
196,11,4.22449,5,14,138
197,11,4.20305,5,14,138
198,11,4.18182,5,14,138
199,11,4.1608,5,14,138
200,11,4.26,5,18,142
201,11,4.29851,5,20,144
202,11,4.30693,5,21,145
203,11,4.28571,5,21,145
204,11,4.38235,5,25,149
205,11,4.47805,5,29,153
206,11,4.48544,5,30,154
207,11,4.63768,5,36,160
208,11,4.78846,5,42,166
209,13,4.82297,5,44,168
210,13,4.8,5,44,168
211,13,4.77725,5,44,168
212,13,4.75472,5,44,168
213,13,4.76056,5,45,169
214,13,4.79439,5,47,171
215,13,4.77209,5,47,171
216,13,4.86111,5,51,175
217,13,4.86636,5,52,176
218,13,4.84404,5,52,176
219,13,4.93151,5,56,180
220,13,4.90909,5,56,180
221,13,4.88688,5,56,180
222,13,4.86486,5,56,180
223,13,4.86996,5,57,181
224,13,4.84821,5,57,181
225,13,4.85333,5,58,182
226,13,4.83186,5,58,182
227,14,4.837,5,59,183
228,14,4.81579,5,59,183
229,14,4.89956,5,63,187
230,14,4.90435,5,64,188
231,14,4.88312,5,64,188
232,14,4.86207,4,0,188
233,14,4.8412,4,0,188
234,14,4.82051,4,0,188
235,14,4.82553,4,1,189
236,14,4.83051,4,2,190
237,14,4.81013,4,2,190
238,14,4.78992,3,0,190
239,14,4.76987,3,0,190
240,15,4.775,3,1,191
241,15,4.75519,3,1,191
242,15,4.76033,3,2,192
243,15,4.74074,3,2,192
244,15,4.7459,3,3,193
245,16,4.75102,3,4,194
246,16,4.7561,3,5,195
247,17,4.76113,3,6,196
248,17,4.76613,3,7,197
249,18,4.77108,3,8,198
250,18,4.752,3,8,198
251,18,4.82869,3,12,202
252,18,4.80952,3,12,202
253,18,4.81423,3,13,203
254,18,4.8189,3,14,204
255,18,4.8,3,14,204
256,18,4.80469,3,15,205
257,18,4.80934,3,16,206
258,18,4.81395,3,17,207
259,18,4.79537,3,17,207
260,18,4.77692,3,17,207
261,18,4.8046,3,19,209
262,18,4.80916,3,20,210
263,18,4.8365,3,22,212
264,18,4.84091,3,23,213
265,18,4.91321,3,27,217
266,18,4.89474,3,27,217
267,18,4.8764,3,27,217
268,18,4.90299,3,29,219
269,18,4.90706,3,30,220
270,18,4.91111,3,31,221
271,18,4.89299,2,0,221
272,18,4.875,2,0,221
273,18,4.87912,2,1,222
274,18,4.86131,2,1,222
275,18,4.86545,2,2,223
276,18,4.84783,2,2,223
277,18,4.83032,2,2,223
278,18,4.81295,2,2,223
279,19,4.8172,2,3,224
280,20,4.82143,2,4,225
281,20,4.80427,2,4,225
282,20,4.78723,2,4,225
283,20,4.79152,2,5,226
284,20,4.79577,2,6,227
285,20,4.82105,2,8,229
286,20,4.82517,2,9,230
287,20,4.82927,2,10,231
288,20,4.85417,2,12,233
289,20,4.85813,2,13,234
290,20,4.84138,2,13,234
291,20,4.82474,2,13,234
292,20,4.89041,2,17,238
293,20,4.95563,2,21,242
294,20,4.95918,2,22,243
295,20,4.96271,2,23,244
296,20,4.94595,2,23,244
297,20,4.92929,1,0,244
298,20,4.93289,1,1,245
299,20,4.91639,1,1,245
300,20,4.92,1,2,246
301,20,4.92359,1,3,247
302,20,4.92715,0,0,248