1,0,0,10,0,0
2,0,0,10,0,0
3,0,0,10,0,0
4,0,0,10,0,0
5,1,1.2,10,1,1
6,1,1,10,1,1
7,1,0.857143,10,1,1
8,1,1.5,10,2,2
9,1,2,10,3,3
10,1,1.8,10,3,3
11,1,1.63636,10,3,3
12,1,2,10,4,4
13,1,1.84615,10,4,4
14,1,1.71429,10,4,4
15,1,1.6,10,4,4
16,1,1.5,10,4,4
17,1,2.47059,10,7,7
18,1,3.66667,10,11,11
19,1,3.47368,10,11,11
20,1,4.5,10,15,15
21,1,5.14286,10,18,18
22,1,5.18182,10,19,19
23,1,5.21739,10,20,20
24,1,5.25,10,21,21
25,1,5.04,10,21,21
26,1,5.30769,10,23,23
27,1,5.33333,10,24,24
28,1,5.14286,10,24,24
29,1,5.7931,10,28,28
30,1,6.4,10,32,32
31,1,6.3871,10,33,33
32,1,6.1875,9,0,33
33,1,6,9,0,33
34,1,5.82353,9,0,33
35,1,6.34286,9,4,37
36,1,6.16667,9,4,37
37,1,6,9,4,37
38,1,6,9,5,38
39,1,5.84615,9,5,38
40,1,5.7,9,5,38
41,1,6.14634,9,9,42
42,1,6.14286,9,10,43
43,1,6.55814,9,14,47
44,1,6.40909,9,14,47
45,1,6.26667,9,14,47
46,1,6.13043,9,14,47
47,1,6,9,14,47
48,1,5.875,9,14,47
49,1,5.7551,9,14,47
50,1,5.64,9,14,47
51,1,5.52941,9,14,47
52,1,5.53846,9,15,48
53,1,5.43396,9,15,48
54,1,5.33333,9,15,48
55,1,5.23636,9,15,48
56,1,5.14286,9,15,48
57,1,5.05263,9,15,48
58,1,5.17241,9,17,50
59,1,5.08475,9,17,50
60,1,5,9,17,50
61,1,4.91803,9,17,50
62,1,4.83871,9,17,50
63,2,4.85714,9,18,51
64,2,4.875,9,19,52
65,2,4.8,8,0,52
66,2,4.72727,8,0,52
67,2,4.65672,8,0,52
68,2,4.58824,8,0,52
69,2,4.52174,8,0,52
70,2,4.45714,8,0,52
71,2,4.47887,8,1,53
72,2,4.5,8,2,54
73,2,4.43836,8,2,54
74,2,4.37838,8,2,54
75,2,4.32,8,2,54
76,2,4.26316,8,2,54
77,2,4.36364,8,4,56
78,2,4.38462,8,5,57
79,2,4.32911,8,5,57
80,2,4.275,8,5,57
81,2,4.22222,8,5,57
82,2,4.2439,8,6,58
83,2,4.19277,8,6,58
84,2,4.14286,8,6,58
85,2,4.16471,8,7,59
86,2,4.25581,8,9,61
87,2,4.2069,8,9,61
88,2,4.22727,8,10,62
89,2,4.17978,8,10,62
90,2,4.13333,8,10,62
91,2,4.08791,8,10,62
92,2,4.17391,8,12,64
93,2,4.12903,8,12,64
94,2,4.14894,8,13,65
95,2,4.10526,8,13,65
96,2,4.0625,8,13,65
97,2,4.02062,8,13,65
98,2,4.04082,8,14,66
99,3,4.06061,8,15,67
100,3,4.02,8,15,67
101,3,3.9802,8,15,67
102,3,3.94118,8,15,67
103,3,3.90291,8,15,67
104,3,3.86538,8,15,67
105,3,3.82857,8,15,67
106,3,3.84906,8,16,68
107,3,3.81308,8,16,68
108,3,4,8,20,72
109,3,4.01835,8,21,73
110,3,3.98182,8,21,73
111,3,4,8,22,74
112,3,4.01786,8,23,75
113,3,4.0354,8,24,76
114,3,4.05263,8,25,77
115,3,4.01739,8,25,77
116,4,4.03448,8,26,78
117,4,4.05128,8,27,79
118,4,4.01695,8,27,79
119,4,3.98319,8,27,79
120,4,3.95,8,27,79
121,4,3.96694,8,28,80
122,4,3.93443,8,28,80
123,4,3.90244,8,28,80
124,4,3.91935,8,29,81
125,4,3.936,8,30,82
126,4,3.90476,8,30,82
127,4,3.87402,8,30,82
128,4,3.89062,8,31,83
129,4,3.86047,8,31,83
130,4,3.87692,8,32,84
131,4,3.84733,8,32,84
132,4,3.86364,8,33,85
133,5,3.8797,8,34,86
134,5,3.85075,8,34,86
135,5,3.82222,8,34,86
136,5,3.79412,8,34,86
137,5,3.81022,8,35,87
138,5,4.04348,8,41,93
139,5,4.05755,8,42,94
140,5,4.07143,8,43,95
141,5,4.12766,8,45,97
142,5,4.09859,8,45,97
143,5,4.06993,8,45,97
144,5,4.08333,8,46,98
145,5,4.05517,8,46,98
146,5,4.0274,8,46,98
147,6,4.04082,8,47,99
148,6,4.09459,8,49,101
149,6,4.18792,8,52,104
150,6,4.16,8,52,104
151,6,4.13245,8,52,104
152,6,4.14474,8,53,105
153,6,4.15686,8,54,106
154,6,4.20779,8,56,108
155,6,4.18065,8,56,108
156,6,4.15385,8,56,108
157,6,4.12739,8,56,108
158,6,4.10127,8,56,108
159,6,4.07547,8,56,108
160,6,4.05,8,56,108
161,7,4.06211,8,57,109
162,7,4.07407,8,58,110
163,7,4.04908,8,58,110
164,7,4.02439,8,58,110
165,7,4.03636,8,59,111
166,7,4.08434,8,61,113
167,7,4.09581,8,62,114
168,7,4.07143,8,62,114
169,7,4.08284,8,63,115
170,7,4.05882,8,63,115
171,7,4.03509,8,63,115
172,7,4.04651,8,64,116
173,7,4.0578,8,65,117
174,7,4.06897,7,0,118
175,7,4.08,7,1,119
176,7,4.09091,7,2,120
177,7,4.13559,7,4,122
178,7,4.11236,7,4,122
179,7,4.08939,7,4,122
180,7,4.06667,7,4,122
181,7,4.0442,7,4,122
182,7,4.05495,7,5,123
183,7,4.03279,7,5,123
184,7,4.01087,7,5,123
185,7,3.98919,7,5,123
186,7,3.96774,7,5,123
187,7,3.97861,7,6,124
188,7,3.98936,7,7,125
189,7,3.96825,7,7,125
190,7,3.97895,7,8,126
191,7,3.98953,7,9,127
192,7,4,7,10,128
193,7,3.97927,7,10,128
194,7,4.05155,7,13,131
195,7,4.06154,7,14,132
196,7,4.07143,7,15,133
197,7,4.05076,7,15,133
198,7,4.06061,7,16,134
199,7,4.0402,6,0,134
200,7,4.02,6,0,134
201,7,4.02985,6,1,135
202,7,4.0396,6,2,136
203,7,4.0197,6,2,136
204,7,4.05882,6,4,138
205,7,4.06829,6,5,139
206,8,4.07767,6,6,140
207,8,4.08696,6,7,141
208,8,4.09615,6,8,142
209,8,4.07656,6,8,142
210,8,4.05714,6,8,142
211,8,4.06635,6,9,143
212,8,4.16038,6,13,147
213,8,4.14085,6,13,147
214,8,4.23364,6,17,151
215,8,4.24186,6,18,152
216,8,4.22222,6,18,152
217,8,4.23041,6,19,153
218,8,4.23853,6,20,154
219,10,4.27397,6,22,156
220,10,4.28182,6,23,157
221,10,4.26244,6,23,157
222,10,4.27027,6,24,158
223,10,4.25112,6,24,158
224,10,4.25893,6,25,159
225,10,4.26667,6,26,160
226,10,4.27434,6,27,161
227,11,4.28194,6,28,162
228,11,4.28947,6,29,163
229,11,4.27074,6,29,163
230,11,4.25217,6,29,163
231,11,4.23377,6,29,163
232,11,4.21552,6,29,163
233,11,4.22318,6,30,164
234,11,4.23077,6,31,165
235,11,4.2383,6,32,166
236,11,4.27119,6,34,168
237,11,4.27848,6,35,169
238,11,4.28571,6,36,170
239,11,4.26778,6,36,170
240,11,4.25,6,36,170
241,11,4.25726,6,37,171
242,11,4.26446,6,38,172
243,11,4.24691,6,38,172
244,11,4.2541,6,39,173
245,11,4.28571,6,41,175
246,11,4.29268,6,42,176
247,11,4.2753,6,42,176
248,11,4.25806,6,42,176
249,11,4.26506,6,43,177
250,11,4.272,6,44,178
251,11,4.30279,6,46,180
252,11,4.30952,6,47,181
253,11,4.29249,5,0,181
254,11,4.27559,5,0,181
255,11,4.28235,5,1,182
256,11,4.28906,5,2,183
257,11,4.29572,5,3,184
258,11,4.4186,5,9,190
259,11,4.40154,5,9,190
260,11,4.38462,5,9,190
261,11,4.3908,5,10,191
262,11,4.37405,5,10,191
263,11,4.38023,5,11,192
264,11,4.5,5,17,198
265,11,4.57358,5,21,202
266,11,4.6015,5,23,204
267,11,4.58427,5,23,204
268,11,4.58955,5,24,205
269,11,4.66171,5,28,209
270,11,4.66667,5,29,210
271,11,4.67159,5,30,211
272,11,4.69853,5,32,213
273,11,4.7033,5,33,214
274,11,4.77372,5,37,218
275,11,4.84364,5,41,222
276,11,4.84783,5,42,223
277,12,4.85199,5,43,224
278,12,4.85612,5,44,225
279,12,4.86022,5,45,226
280,13,4.86429,5,46,227
281,13,4.86833,5,47,228
282,13,4.87234,5,48,229
283,13,4.87633,5,49,230
284,13,4.85915,5,49,230
285,13,4.92632,5,53,234
286,13,5.03497,5,59,240
287,13,5.01742,5,59,240
288,13,5.02083,5,60,241
289,13,5.04498,5,62,243
290,13,5.02759,5,62,243
291,13,5.01031,5,62,243
292,13,5.0137,5,63,244
293,13,5.01706,5,64,245
294,13,5,4,0,245
295,13,5.00339,4,1,246
296,13,5.02703,4,3,248
297,13,5.05051,4,5,250
298,13,5.07383,4,7,252
299,13,5.13712,4,11,256
300,13,5.12,4,11,256
301,13,5.10299,4,11,256
302,13,5.16556,4,15,260
303,13,5.18812,4,17,262
304,13,5.17105,4,17,262
305,13,5.17377,4,18,263
306,13,5.23529,4,22,267
307,13,5.25733,4,24,269
308,13,5.31818,4,28,273
309,13,5.32039,4,29,274