1,0,0,10,0,0
2,0,0,10,0,0
3,0,2,10,1,1
4,1,3,10,2,2
5,1,2.4,10,2,2
6,1,3,10,3,3
7,1,2.57143,10,3,3
8,1,5.25,10,7,7
9,1,5.33333,10,8,8
10,1,4.8,10,8,8
11,1,4.36364,10,8,8
12,1,4,10,8,8
13,1,3.69231,10,8,8
14,1,3.42857,10,8,8
15,2,3.6,10,9,9
16,2,3.75,10,10,10
17,2,3.88235,10,11,11
18,2,3.66667,10,11,11
19,2,3.47368,10,11,11
20,2,3.3,10,11,11
21,2,3.42857,10,12,12
22,2,3.27273,10,12,12
23,2,3.13043,10,12,12
24,2,3.25,10,13,13
25,2,4.08,10,17,17
26,2,3.92308,10,17,17
27,2,3.77778,10,17,17
28,2,3.64286,10,17,17
29,3,3.72414,10,18,18
30,3,3.8,10,19,19
31,3,3.67742,10,19,19
32,3,3.75,10,20,20
33,3,3.63636,10,20,20
34,3,3.88235,10,22,22
35,3,3.77143,10,22,22
36,3,3.66667,10,22,22
37,3,3.89189,10,24,24
38,3,4.10526,10,26,26
39,3,4.61538,10,30,30
40,3,5.1,10,34,34
41,3,4.97561,10,34,34
42,3,5,10,35,35
43,3,4.88372,10,35,35
44,3,4.77273,10,35,35
45,3,4.8,10,36,36
46,3,4.69565,10,36,36
47,3,5.10638,10,40,40
48,3,5,10,40,40
49,3,5.02041,10,41,41
50,3,5.4,10,45,45
51,3,5.41176,10,46,46
52,3,5.30769,10,46,46
53,3,5.20755,10,46,46
54,8,5.66667,10,51,51
55,8,5.56364,10,51,51
56,8,5.46429,10,51,51
57,8,5.36842,10,51,51
58,8,5.27586,10,51,51
59,8,5.59322,10,55,55
60,9,5.6,10,56,56
61,9,5.5082,10,56,56
62,9,5.51613,10,57,57
63,9,5.80952,10,61,61
64,9,5.71875,9,0,61
65,9,5.63077,9,0,61
66,9,5.54545,9,0,61
67,9,5.8209,9,4,65
68,9,5.82353,9,5,66
69,9,5.73913,9,5,66
70,9,5.65714,9,5,66
71,9,5.57746,9,5,66
72,9,5.5,9,5,66
73,9,5.42466,9,5,66
74,9,5.43243,9,6,67
75,9,5.36,9,6,67
76,9,5.28947,9,6,67
77,9,5.22078,9,6,67
78,9,5.15385,9,6,67
79,9,5.08861,9,6,67
80,9,5.025,9,6,67
81,9,4.96296,9,6,67
82,9,5.12195,9,9,70
83,9,5.06024,9,9,70
84,9,5,9,9,70
85,9,4.94118,9,9,70
86,9,4.95349,9,10,71
87,9,5.17241,9,14,75
88,9,5.11364,9,14,75
89,9,5.05618,9,14,75
90,9,5,9,14,75
91,9,5.20879,9,18,79
92,9,5.15217,9,18,79
93,9,5.16129,9,19,80
94,9,5.10638,9,19,80
95,9,5.05263,9,19,80
96,9,5,9,19,80
97,9,5.01031,9,20,81
98,9,4.95918,9,20,81
99,9,4.9697,9,21,82
100,9,4.98,9,22,83
101,9,4.93069,9,22,83
102,9,5,9,24,85
103,9,5.00971,9,25,86
104,9,4.96154,9,25,86
105,9,5.14286,9,29,90
106,9,5.15094,9,30,91
107,9,5.3271,9,34,95
108,9,5.33333,9,35,96
109,9,5.2844,9,35,96
110,9,5.29091,9,36,97
111,9,5.2973,9,37,98
112,9,5.25,9,37,98
113,9,5.20354,9,37,98
114,9,5.15789,9,37,98
115,9,5.16522,9,38,99
116,9,5.12069,9,38,99
117,9,5.12821,9,39,100
118,9,5.13559,9,40,101
119,9,5.14286,9,41,102
120,9,5.15,9,42,103
121,9,5.20661,9,44,105
122,9,5.21311,9,45,106
123,9,5.17073,9,45,106
124,9,5.12903,8,0,106
125,9,5.088,8,0,106
126,9,5.09524,8,1,107
127,9,5.14961,8,3,109
128,9,5.10938,8,3,109
129,9,5.06977,8,3,109
130,9,5.03077,8,3,109
131,9,5.03817,8,4,110
132,9,5,8,4,110
133,9,5.00752,8,5,111
134,9,5.01493,8,6,112
135,9,5.02222,8,7,113
136,9,4.98529,8,7,113
137,9,4.94891,8,7,113
138,9,4.95652,8,8,114
139,9,4.96403,8,9,115
140,9,4.92857,8,9,115
141,9,4.89362,7,0,115
142,9,4.90141,7,1,116
143,9,4.86713,7,1,116
144,9,4.875,7,2,117
145,9,4.88276,7,3,118
146,9,4.9726,7,6,121
147,9,4.93878,7,6,121
148,9,4.94595,7,7,122
149,9,4.95302,7,8,123
150,9,4.92,7,8,123
151,9,4.88742,7,8,123
152,9,4.89474,7,9,124
153,9,4.94118,7,11,126
154,9,4.94805,7,12,127
155,9,4.99355,7,14,129
156,9,4.96154,7,14,129
157,9,4.96815,7,15,130
158,9,4.93671,7,15,130
159,9,4.90566,6,0,130
160,9,4.875,6,0,130
161,9,4.84472,6,0,130
162,9,4.85185,6,1,131
163,9,4.82209,6,1,131
164,9,4.79268,6,1,131
165,9,4.8,6,2,132
166,9,4.77108,6,2,132
167,9,4.74251,6,2,132
168,9,4.75,6,3,133
169,9,4.72189,6,3,133
170,9,4.76471,6,5,135
171,9,4.73684,6,5,135
172,9,4.77907,6,7,137
173,9,4.78613,6,8,138
174,9,4.75862,6,8,138
175,9,4.73143,6,8,138
176,9,4.73864,6,9,139
177,9,4.91525,6,15,145
178,9,4.92135,6,16,146
179,9,4.96089,6,18,148
180,9,4.96667,6,19,149
181,9,4.97238,6,20,150
182,9,4.97802,6,21,151
183,9,4.95082,6,21,151
184,9,4.95652,6,22,152
185,9,4.99459,6,24,154
186,9,5,6,25,155
187,9,5.00535,6,26,156
188,9,4.97872,6,26,156
189,9,4.95238,6,26,156
190,9,4.92632,6,26,156
191,9,4.90052,6,26,156
192,9,4.90625,6,27,157
193,9,4.91192,6,28,158
194,9,4.8866,6,28,158
195,9,4.86154,6,28,158
196,9,4.86735,6,29,159
197,9,4.8731,6,30,160
198,14,5,6,35,165
199,14,4.97487,6,35,165
200,14,4.98,6,36,166
201,14,4.95522,6,36,166
202,14,4.9604,6,37,167
203,15,4.96552,6,38,168
204,15,4.94118,6,38,168
205,15,4.91707,6,38,168
206,15,4.95146,6,40,170
207,15,4.95652,6,41,171
208,15,4.93269,6,41,171
209,15,4.9378,6,42,172
210,15,4.97143,6,44,174
211,15,4.9763,6,45,175
212,15,5.00943,6,47,177
213,15,5.01408,6,48,178
214,15,5.01869,6,49,179
215,15,5.02326,6,50,180
216,15,5.02778,6,51,181
217,15,5.03226,6,52,182
218,15,5.00917,6,52,182
219,15,5.0137,6,53,183
220,15,5.01818,6,54,184
221,15,5.15837,6,60,190
222,15,5.16216,6,61,191
223,15,5.19283,6,63,193
224,15,5.16964,6,63,193
225,15,5.14667,6,63,193
226,15,5.15044,6,64,194
227,15,5.12775,6,64,194
228,15,5.10526,6,64,194
229,15,5.08297,6,64,194
230,15,5.06087,6,64,194
231,15,5.03896,6,64,194
232,15,5.0431,6,65,195
233,15,5.02146,6,65,195
234,15,5.05128,6,67,197
235,15,5.08085,6,69,199
236,15,5.08475,6,70,200
237,15,5.11392,6,72,202
238,15,5.09244,6,72,202
239,15,5.09623,6,73,203
240,15,5.175,6,77,207
241,15,5.20332,6,79,209
242,15,5.2314,6,81,211
243,15,5.20988,6,81,211
244,15,5.21311,6,82,212
245,15,5.19184,6,82,212
246,15,5.19512,6,83,213
247,15,5.19838,6,84,214
248,15,5.20161,6,85,215
249,15,5.18072,6,85,215
250,15,5.208,6,87,217
251,15,5.21116,6,88,218
252,15,5.21429,6,89,219
253,15,5.19368,6,89,219
254,15,5.19685,6,90,220
255,15,5.2,6,91,221
256,15,5.20312,6,92,222
257,15,5.20623,6,93,223
258,15,5.23256,6,95,225
259,15,5.25869,6,97,227
260,15,5.28462,6,99,229
261,15,5.28736,6,100,230
262,19,5.35878,6,104,234
263,19,5.36122,6,105,235
264,19,5.36364,6,106,236
265,19,5.3434,6,106,236
266,19,5.34586,6,107,237
267,19,5.34831,6,108,238
268,19,5.41791,6,112,242
269,19,5.48699,6,116,246
270,19,5.48889,6,117,247
271,19,5.49077,6,118,248
272,19,5.55882,6,122,252
273,19,5.56044,6,123,253
274,19,5.56204,6,124,254
275,19,5.54182,6,124,254
276,19,5.56522,6,126,256
277,19,5.56679,6,127,257
278,19,5.56835,6,128,258
279,19,5.63441,6,132,262
280,19,5.65714,6,134,264
281,20,5.65836,6,135,265
282,20,5.76596,6,141,271
283,20,5.76678,6,142,272
284,25,5.85211,6,147,277
285,25,5.85263,6,148,278
286,26,5.85315,6,149,279
287,26,5.83275,6,149,279
288,26,5.83333,6,150,280
289,26,5.81315,6,150,280
290,26,5.7931,6,150,280
291,26,5.81443,6,152,282
292,26,5.83562,6,154,284
293,26,5.8157,6,154,284
294,26,5.81633,6,155,285
295,26,5.91864,6,161,291
296,26,5.91892,6,162,292
297,26,5.93939,6,164,294
298,26,5.9396,6,165,295
299,26,5.9398,6,166,296
300,27,5.94,6,167,297
301,27,6,6,171,301
302,27,6,6,172,302
303,27,6.05941,6,176,306
304,27,6.03947,5,0,306
305,27,6.03934,5,1,307
306,27,6.01961,5,1,307
307,27,6.01954,5,2,308
308,32,6.0974,5,7,313
309,32,6.09709,5,8,314
310,33,6.09677,5,9,315
311,33,6.15434,5,13,319
312,33,6.15385,5,14,320
313,33,6.15335,5,15,321