1,0,0,10,0,0
2,0,0,10,0,0
3,0,0,10,0,0
4,0,0,10,0,0
5,0,1.2,10,1,1
6,0,1,10,1,1
7,0,0.857143,10,1,1
8,0,3.75,10,5,5
9,1,4,10,6,6
10,1,3.6,9,0,6
11,2,3.81818,9,1,7
12,2,5.5,9,5,11
13,2,5.53846,9,6,12
14,2,5.14286,9,6,12
15,2,4.8,9,6,12
16,2,4.5,9,6,12
17,2,4.58824,9,7,13
18,2,4.33333,9,7,13
19,2,4.10526,9,7,13
20,2,3.9,9,7,13
21,2,4,9,8,14
22,2,4.63636,9,11,17
23,2,4.43478,9,11,17
24,2,4.25,8,0,17
25,2,4.08,8,0,17
26,2,4.84615,8,4,21
27,2,4.66667,8,4,21
28,2,4.71429,8,5,22
29,3,4.75862,8,6,23
30,3,5.4,8,10,27
31,3,5.22581,8,10,27
32,3,5.0625,8,10,27
33,3,5.09091,8,11,28
34,3,5.64706,8,15,32
35,4,5.65714,8,16,33
36,4,5.66667,8,17,34
37,4,5.67568,8,18,35
38,4,5.52632,8,18,35
39,4,5.69231,8,20,37
40,4,5.55,8,20,37
41,4,5.41463,8,20,37
42,4,5.28571,8,20,37
43,4,5.16279,8,20,37
44,4,5.04545,8,20,37
45,4,4.93333,8,20,37
46,4,4.82609,8,20,37
47,4,4.7234,8,20,37
48,4,4.625,8,20,37
49,4,4.53061,8,20,37
50,4,4.44,8,20,37
51,4,4.35294,8,20,37
52,4,4.26923,8,20,37
53,4,4.64151,8,24,41
54,4,4.66667,8,25,42
55,4,4.58182,8,25,42
56,4,4.5,8,25,42
57,4,4.73684,8,28,45
58,4,5.06897,8,32,49
59,4,5.59322,8,38,55
60,4,5.5,8,38,55
61,4,5.5082,8,39,56
62,4,5.41935,8,39,56
63,4,5.42857,8,40,57
64,4,5.34375,8,40,57
65,4,5.26154,8,40,57
66,4,5.18182,8,40,57
67,4,5.19403,8,41,58
68,4,5.11765,8,41,58
69,4,5.13043,8,42,59
70,4,5.14286,7,0,60
71,4,5.07042,7,0,60
72,4,5.08333,7,1,61
73,4,5.0137,7,1,61
74,4,4.94595,7,1,61
75,4,4.88,7,1,61
76,4,4.89474,7,2,62
77,4,4.83117,7,2,62
78,4,4.76923,7,2,62
79,4,4.70886,7,2,62
80,4,4.725,7,3,63
81,4,4.74074,7,4,64
82,4,4.68293,7,4,64
83,4,4.62651,7,4,64
84,4,4.57143,7,4,64
85,4,4.58824,7,5,65
86,4,4.53488,7,5,65
87,4,4.62069,7,7,67
88,4,4.63636,7,8,68
89,4,4.58427,7,8,68
90,4,4.53333,7,8,68
91,4,4.48352,7,8,68
92,4,4.5,7,9,69
93,4,4.51613,7,10,70
94,4,4.46809,7,10,70
95,4,4.48421,7,11,71
96,4,4.4375,7,11,71
97,4,4.45361,7,12,72
98,4,4.46939,7,13,73
99,4,4.48485,7,14,74
100,4,4.8,7,20,80
101,4,4.81188,7,21,81
102,4,5.05882,7,26,86
103,4,5.00971,7,26,86
104,4,5.01923,7,27,87
105,4,5.02857,7,28,88
106,4,4.98113,7,28,88
107,4,5.04673,7,30,90
108,4,5,7,30,90
109,4,5.00917,7,31,91
110,4,5.01818,7,32,92
111,4,4.97297,7,32,92
112,4,4.98214,7,33,93
113,4,4.99115,7,34,94
114,4,5,7,35,95
115,4,5.0087,7,36,96
116,4,5.01724,7,37,97
117,4,5.02564,7,38,98
118,4,5.0339,7,39,99
119,4,5.04202,7,40,100
120,4,5.05,7,41,101
121,4,5.05785,7,42,102
122,4,5.01639,7,42,102
123,4,4.97561,7,42,102
124,4,4.98387,7,43,103
125,4,4.992,7,44,104
126,4,5,7,45,105
127,4,4.96063,7,45,105
128,4,4.92188,7,45,105
129,4,4.93023,7,46,106
130,4,4.93846,7,47,107
131,4,4.94656,7,48,108
132,4,4.95455,7,49,109
133,4,4.91729,7,49,109
134,4,4.8806,7,49,109
135,4,4.93333,7,51,111
136,4,4.98529,7,53,113
137,4,4.9927,7,54,114
138,4,4.95652,7,54,114
139,4,4.96403,7,55,115
140,4,4.92857,7,55,115
141,4,4.93617,7,56,116
142,4,4.90141,7,56,116
143,4,4.86713,7,56,116
144,4,4.875,7,57,117
145,4,4.88276,7,58,118
146,4,4.89041,7,59,119
147,4,4.85714,7,59,119
148,4,4.82432,7,59,119
149,4,4.83221,7,60,120
150,4,4.84,7,61,121
151,4,4.84768,7,62,122
152,4,4.81579,7,62,122
153,4,4.82353,7,63,123
154,4,4.79221,7,63,123
155,4,4.76129,7,63,123
156,4,4.80769,7,65,125
157,4,4.81529,7,66,126
158,4,4.78481,7,66,126
159,4,4.75472,7,66,126
160,4,4.7625,7,67,127
161,4,4.77019,7,68,128
162,4,4.77778,7,69,129
163,4,4.78528,7,70,130
164,4,4.7561,7,70,130
165,4,4.76364,7,71,131
166,4,4.73494,7,71,131
167,4,4.8503,7,75,135
168,4,4.85714,7,76,136
169,4,4.86391,7,77,137
170,4,4.87059,7,78,138
171,4,4.87719,7,79,139
172,4,4.88372,7,80,140
173,4,4.89017,7,81,141
174,4,4.89655,7,82,142
175,4,4.97143,7,85,145
176,4,5.07955,7,89,149
177,4,5.05085,7,89,149
178,4,5.05618,7,90,150
179,4,5.02793,7,90,150
180,4,5.03333,7,91,151
181,4,5.03867,7,92,152
182,4,5.01099,7,92,152
183,4,5.01639,7,93,153
184,4,5.02174,7,94,154
185,4,5.02703,7,95,155
186,4,5.03226,7,96,156
187,4,5.03743,7,97,157
188,4,5.04255,7,98,158
189,4,5.04762,7,99,159
190,4,5.02105,7,99,159
191,4,5.02618,7,100,160
192,4,5,7,100,160
193,4,5.00518,7,101,161
194,4,5.01031,7,102,162
195,4,5.01538,7,103,163
196,4,4.9898,7,103,163
197,4,4.96447,7,103,163
198,4,4.9697,7,104,164
199,4,4.97487,7,105,165
200,4,4.98,7,106,166
201,4,4.95522,7,106,166
202,4,4.9604,7,107,167
203,4,4.93596,7,107,167
204,4,5,7,110,170
205,4,4.97561,7,110,170
206,4,4.95146,7,110,170
207,4,4.95652,7,111,171
208,4,4.96154,7,112,172
209,4,5.11005,7,118,178
210,4,5.14286,7,120,180
211,4,5.14692,7,121,181
212,4,5.12264,7,121,181
213,4,5.15493,7,123,183
214,4,5.15888,7,124,184
215,4,5.13488,7,124,184
216,4,5.11111,7,124,184
217,4,5.11521,7,125,185
218,4,5.09174,7,125,185
219,4,5.09589,7,126,186
220,4,5.1,7,127,187
221,4,5.10407,7,128,188
222,4,5.08108,7,128,188
223,4,5.11211,7,130,190
224,4,5.11607,7,131,191
225,4,5.12,7,132,192
226,4,5.12389,7,133,193
227,4,5.12775,7,134,194
228,4,5.13158,7,135,195
229,4,5.10917,7,135,195
230,4,5.08696,7,135,195
231,4,5.09091,7,136,196
232,4,5.09483,7,137,197
233,4,5.15021,7,140,200
234,4,5.17949,7,142,202
235,4,5.15745,6,0,202
236,4,5.18644,6,2,204
237,4,5.16456,6,2,204
238,4,5.14286,6,2,204
239,4,5.12134,6,2,204
240,4,5.1,6,2,204
241,4,5.17842,6,6,208
242,4,5.15702,6,6,208
243,4,5.18519,6,8,210
244,4,5.2623,6,12,214
245,4,5.24082,6,12,214
246,4,5.26829,6,14,216
247,4,5.27126,6,15,217
248,4,5.27419,6,16,218
249,4,5.27711,6,17,219
250,4,5.4,6,23,225
251,4,5.42629,6,25,227
252,4,5.42857,6,26,228
253,4,5.40711,6,26,228
254,4,5.38583,6,26,228
255,4,5.45882,6,30,232
256,4,5.53125,6,34,236
257,4,5.53307,6,35,237
258,4,5.5814,6,38,240
259,4,5.58301,6,39,241
260,4,5.58462,6,40,242
261,4,5.6092,6,42,244
262,4,5.72519,6,48,250
263,4,5.72624,6,49,251
264,4,5.70455,6,49,251
265,4,5.7283,6,51,253
266,4,5.72932,6,52,254
267,4,5.70787,6,52,254
268,4,5.68657,6,52,254
269,4,5.66543,6,52,254
270,5,5.66667,6,53,255
271,5,5.7786,6,59,261
272,5,5.88971,6,65,267
273,5,5.91209,6,67,269
274,5,5.91241,6,68,270
275,5,5.91273,6,69,271
276,5,5.91304,6,70,272
277,5,5.8917,6,70,272
278,5,6,6,76,278
279,5,5.97849,6,76,278
280,5,5.97857,6,77,279
281,5,5.97865,6,78,280
282,5,6.04255,6,82,284
283,5,6.0424,6,83,285
284,5,6.14789,6,89,291
285,5,6.12632,6,89,291
286,5,6.12587,5,0,292
287,5,6.12544,5,1,293
288,5,6.125,5,2,294
289,5,6.12457,5,3,295
290,5,6.12414,5,4,296
291,5,6.12371,5,5,297
292,5,6.22603,5,11,303
293,5,6.24573,5,13,305
294,5,6.26531,5,15,307
295,5,6.32542,5,19,311
296,6,6.32432,5,20,312
297,6,6.32323,5,21,313
298,6,6.42282,5,27,319
299,6,6.40134,4,0,319
300,7,6.4,4,1,320
301,7,6.4186,4,3,322
302,7,6.39735,3,0,322
303,8,6.39604,3,1,323