1,0,0,10,0,0
2,0,0,10,0,0
3,0,0,10,0,0
4,0,1.5,10,1,1
5,0,1.2,10,1,1
6,0,2,10,2,2
7,0,2.57143,10,3,3
8,0,2.25,10,3,3
9,0,2,10,3,3
10,0,1.8,10,3,3
11,0,1.63636,10,3,3
12,0,2,10,4,4
13,0,1.84615,10,4,4
14,0,2.14286,10,5,5
15,0,2,10,5,5
16,0,1.875,10,5,5
17,0,3.17647,10,9,9
18,0,3,10,9,9
19,0,3.15789,10,10,10
20,0,3,10,10,10
21,0,2.85714,10,10,10
22,0,3.27273,10,12,12
23,0,3.13043,10,12,12
24,0,3,9,0,12
25,0,2.88,9,0,12
26,0,2.76923,9,0,12
27,0,2.66667,9,0,12
28,0,2.57143,9,0,12
29,0,2.48276,9,0,12
30,0,2.4,9,0,12
31,0,2.32258,9,0,12
32,0,3,9,4,16
33,0,2.90909,9,4,16
34,0,2.82353,9,4,16
35,0,2.74286,9,4,16
36,0,2.66667,9,4,16
37,0,2.59459,9,4,16
38,0,2.68421,9,5,17
39,0,3.23077,9,9,21
40,0,3.15,9,9,21
41,0,3.07317,9,9,21
42,0,3,9,9,21
43,0,3.76744,9,15,27
44,0,3.68182,9,15,27
45,0,3.73333,9,16,28
46,0,3.78261,9,17,29
47,0,3.70213,9,17,29
48,0,3.625,9,17,29
49,0,3.67347,9,18,30
50,0,3.6,9,18,30
51,0,3.52941,9,18,30
52,0,3.46154,9,18,30
53,0,3.84906,9,22,34
54,0,3.77778,9,22,34
55,0,3.70909,9,22,34
56,0,3.64286,9,22,34
57,1,3.68421,9,23,35
58,1,3.62069,9,23,35
59,1,3.55932,9,23,35
60,1,3.6,9,24,36
61,1,3.93443,9,28,40
62,1,3.96774,9,29,41
63,1,3.90476,9,29,41
64,1,3.9375,9,30,42
65,1,3.87692,9,30,42
66,1,4.18182,9,34,46
67,1,4.1194,9,34,46
68,1,4.05882,9,34,46
69,1,4,9,34,46
70,1,3.94286,9,34,46
71,1,3.97183,9,35,47
72,1,3.91667,9,35,47
73,2,3.94521,9,36,48
74,2,4.21622,9,40,52
75,2,4.48,9,44,56
76,2,4.5,9,45,57
77,2,4.44156,9,45,57
78,2,4.46154,9,46,58
79,2,4.40506,8,0,58
80,2,4.35,8,0,58
81,2,4.2963,8,0,58
82,2,4.2439,8,0,58
83,2,4.48193,8,4,62
84,2,4.42857,8,4,62
85,2,4.51765,8,6,64
86,2,4.46512,8,6,64
87,2,4.41379,8,6,64
88,2,4.36364,8,6,64
89,2,4.31461,8,6,64
90,2,4.33333,8,7,65
91,2,4.28571,8,7,65
92,2,4.23913,8,7,65
93,2,4.25806,8,8,66
94,2,4.21277,8,8,66
95,2,4.16842,8,8,66
96,2,4.125,8,8,66
97,2,4.08247,8,8,66
98,2,4.10204,8,9,67
99,2,4.06061,8,9,67
100,2,4.02,8,9,67
101,2,3.9802,8,9,67
102,2,3.94118,8,9,67
103,2,3.90291,8,9,67
104,2,3.86538,8,9,67
105,2,3.82857,8,9,67
106,2,3.79245,8,9,67
107,2,3.81308,8,10,68
108,2,3.83333,8,11,69
109,2,3.79817,8,11,69
110,2,3.81818,8,12,70
111,3,3.83784,8,13,71
112,3,4.125,8,19,77
113,3,4.14159,8,20,78
114,3,4.10526,8,20,78
115,3,4.12174,8,21,79
116,3,4.13793,8,22,80
117,3,4.10256,8,22,80
118,3,4.0678,8,22,80
119,3,4.03361,8,22,80
120,3,4.05,8,23,81
121,3,4.06612,8,24,82
122,3,4.08197,8,25,83
123,3,4.04878,8,25,83
124,3,4.06452,8,26,84
125,3,4.032,8,26,84
126,3,4,8,26,84
127,3,3.9685,8,26,84
128,3,3.9375,8,26,84
129,3,3.90698,8,26,84
130,3,3.92308,8,27,85
131,3,3.89313,8,27,85
132,3,3.90909,8,28,86
133,3,3.92481,8,29,87
134,3,3.9403,8,30,88
135,3,3.91111,8,30,88
136,3,3.88235,8,30,88
137,3,3.85401,8,30,88
138,3,3.82609,8,30,88
139,3,3.97122,8,34,92
140,3,3.94286,8,34,92
141,3,3.91489,7,0,92
142,3,3.88732,7,0,92
143,3,3.86014,7,0,92
144,3,3.83333,7,0,92
145,3,3.8069,7,0,92
146,3,3.78082,7,0,92
147,3,3.7551,7,0,92
148,3,3.72973,7,0,92
149,3,3.7047,7,0,92
150,3,3.68,7,0,92
151,5,3.7351,7,2,94
152,5,3.71053,7,2,94
153,5,3.76471,7,4,96
154,5,3.77922,7,5,97
155,5,3.75484,7,5,97
156,5,3.73077,7,5,97
157,5,3.74522,7,6,98
158,5,3.75949,7,7,99
159,5,3.73585,7,7,99
160,5,3.7125,7,7,99
161,5,3.68944,7,7,99
162,5,3.74074,7,9,101
163,5,3.7546,7,10,102
164,5,3.73171,7,10,102
165,5,3.70909,7,10,102
166,5,3.68675,7,10,102
167,9,3.80838,7,14,106
168,9,3.82143,7,15,107
169,9,3.83432,7,16,108
170,9,3.81176,7,16,108
171,9,3.82456,7,17,109
172,9,3.80233,7,17,109
173,9,3.78035,7,17,109
174,9,3.7931,7,18,110
175,9,3.77143,7,18,110
176,9,3.78409,7,19,111
177,9,3.76271,7,19,111
178,9,3.74157,7,19,111
179,9,3.75419,7,20,112
180,9,3.76667,7,21,113
181,9,3.74586,7,21,113
182,9,3.75824,7,22,114
183,9,3.77049,7,23,115
184,9,3.78261,7,24,116
185,9,3.76216,7,24,116
186,9,3.74194,7,24,116
187,9,3.72193,7,24,116
188,9,3.73404,7,25,117
189,9,3.74603,7,26,118
190,9,3.72632,7,26,118
191,9,3.70681,7,26,118
192,9,3.71875,7,27,119
193,9,3.73057,7,28,120
194,9,3.7732,7,30,122
195,9,3.75385,7,30,122
196,9,3.73469,7,30,122
197,9,3.71574,7,30,122
198,9,3.72727,7,31,123
199,9,3.70854,7,31,123
200,9,3.69,7,31,123
201,9,3.70149,7,32,124
202,9,3.71287,7,33,125
203,9,3.72414,7,34,126
204,9,3.82353,7,38,130
205,9,3.92195,7,42,134
206,9,3.93204,7,43,135
207,9,3.91304,7,43,135
208,9,3.92308,7,44,136
209,9,3.90431,7,44,136
210,9,3.88571,7,44,136
211,9,3.8673,7,44,136
212,9,3.84906,7,44,136
213,9,3.85915,7,45,137
214,9,3.84112,7,45,137
215,9,3.85116,7,46,138
216,9,3.94444,7,50,142
217,9,4.03687,7,54,146
218,9,4.01835,7,54,146
219,9,4.0274,7,55,147
220,9,4.03636,7,56,148
221,9,4.04525,7,57,149
222,9,4.05405,7,58,150
223,9,4.06278,7,59,151
224,9,4.07143,7,60,152
225,9,4.08,7,61,153
226,9,4.06195,7,61,153
227,9,4.04405,7,61,153
228,9,4.18421,7,67,159
229,9,4.19214,7,68,160
230,9,4.2,7,69,161
231,9,4.18182,7,69,161
232,10,4.18966,7,70,162
233,10,4.17167,7,70,162
234,10,4.17949,7,71,163
235,10,4.1617,7,71,163
236,10,4.14407,6,0,163
237,10,4.12658,6,0,163
238,10,4.13445,6,1,164
239,10,4.11715,6,1,164
240,10,4.125,6,2,165
241,10,4.13278,6,3,166
242,10,4.1157,6,3,166
243,10,4.09877,6,3,166
244,10,4.18033,6,7,170
245,10,4.16327,6,7,170
246,10,4.17073,6,8,171
247,10,4.15385,5,0,171
248,10,4.16129,5,1,172
249,10,4.14458,5,1,172
250,10,4.128,5,1,172
251,11,4.13546,5,2,173
252,11,4.14286,5,3,174
253,11,4.12648,5,3,174
254,11,4.11024,5,3,174
255,11,4.11765,5,4,175
256,11,4.10156,5,4,175
257,11,4.10895,5,5,176
258,11,4.09302,5,5,176
259,11,4.21622,5,11,182
260,11,4.2,5,11,182
261,11,4.2069,5,12,183
262,11,4.19084,5,12,183
263,11,4.1749,5,12,183
264,11,4.18182,5,13,184
265,11,4.2566,5,17,188
266,11,4.33083,5,21,192
267,11,4.40449,5,25,196
268,11,4.47761,5,29,200
269,11,4.46097,5,29,200
270,11,4.46667,5,30,201
271,11,4.49446,5,32,203
272,11,4.47794,4,0,203
273,11,4.46154,4,0,203
274,11,4.46715,4,1,204
275,11,4.45091,4,1,204
276,11,4.43478,4,1,204
277,11,4.41877,3,0,204
278,11,4.42446,3,1,205
279,11,4.49462,3,5,209
280,11,4.47857,3,5,209
281,11,4.46263,2,0,209
282,11,4.53191,2,4,213
283,11,4.5159,1,0,213
284,11,4.5,1,0,213
285,11,4.48421,1,0,213
286,11,4.48951,1,1,214
287,11,4.47387,1,1,214
288,11,4.45833,1,1,214
289,11,4.44291,0,0,214