1,0,0,10,0,0
2,0,0,10,0,0
3,0,0,10,0,0
4,0,0,10,0,0
5,0,0,10,0,0
6,0,1,10,1,1
7,0,0.857143,10,1,1
8,0,0.75,10,1,1
9,0,1.33333,10,2,2
10,5,4.2,10,7,7
11,5,3.81818,10,7,7
12,5,3.5,9,0,7
13,5,3.23077,9,0,7
14,5,3,9,0,7
15,5,2.8,9,0,7
16,5,2.625,8,0,7
17,5,2.47059,8,0,7
18,5,2.33333,8,0,7
19,5,2.21053,8,0,7
20,5,2.1,8,0,7
21,5,2.28571,8,1,8
22,5,2.18182,8,1,8
23,5,3.13043,8,5,12
24,5,3.25,8,6,13
25,5,3.12,8,6,13
26,5,3,8,6,13
27,5,3.33333,8,8,15
28,5,3.21429,8,8,15
29,5,3.51724,8,10,17
30,5,3.4,8,10,17
31,5,3.29032,7,0,17
32,5,3.1875,7,0,17
33,5,3.09091,6,0,17
34,6,3.17647,6,1,18
35,6,3.25714,6,2,19
36,6,3.33333,6,3,20
37,6,3.89189,6,7,24
38,6,3.78947,6,7,24
39,6,3.69231,6,7,24
40,6,3.6,6,7,24
41,7,3.65854,6,8,25
42,7,3.57143,6,8,25
43,7,3.48837,6,8,25
44,7,3.40909,6,8,25
45,7,3.33333,6,8,25
46,7,3.3913,6,9,26
47,7,3.70213,6,12,29
48,7,3.75,6,13,30
49,7,3.79592,6,14,31
50,7,3.72,6,14,31
51,7,3.64706,6,14,31
52,7,3.69231,6,15,32
53,7,3.62264,6,15,32
54,8,3.66667,6,16,33
55,8,3.6,6,16,33
56,8,3.53571,6,16,33
57,8,3.57895,6,17,34
58,8,3.62069,6,18,35
59,8,3.55932,6,18,35
60,8,3.9,6,22,39
61,8,4.22951,6,26,43
62,8,4.16129,6,26,43
63,8,4.09524,6,26,43
64,8,4.03125,6,26,43
65,8,3.96923,6,26,43
66,8,3.90909,6,26,43
67,8,3.85075,6,26,43
68,8,3.79412,6,26,43
69,8,3.73913,6,26,43
70,8,3.68571,6,26,43
71,8,3.6338,6,26,43
72,8,3.58333,6,26,43
73,8,3.53425,6,26,43
74,8,3.56757,6,27,44
75,9,3.6,6,28,45
76,9,3.63158,6,29,46
77,10,3.66234,6,30,47
78,10,3.61538,6,30,47
79,10,3.56962,6,30,47
80,10,3.525,6,30,47
81,10,3.55556,6,31,48
82,10,3.5122,6,31,48
83,10,3.54217,6,32,49
84,10,3.5,6,32,49
85,10,3.52941,6,33,50
86,11,3.55814,6,34,51
87,12,3.58621,6,35,52
88,12,3.54545,6,35,52
89,12,3.50562,6,35,52
90,12,3.46667,6,35,52
91,13,3.49451,6,36,53
92,13,3.45652,6,36,53
93,13,3.48387,6,37,54
94,13,3.70213,6,41,58
95,13,3.66316,6,41,58
96,13,3.75,6,43,60
97,13,3.71134,6,43,60
98,13,3.67347,6,43,60
99,13,3.63636,6,43,60
100,13,3.6,6,43,60
101,13,3.56436,6,43,60
102,13,3.52941,6,43,60
103,14,3.5534,6,44,61
104,14,3.57692,6,45,62
105,14,3.6,6,46,63
106,14,3.56604,6,46,63
107,14,3.53271,6,46,63
108,14,3.5,6,46,63
109,14,3.46789,6,46,63
110,14,3.43636,6,46,63
111,14,3.40541,6,46,63
112,14,3.375,6,46,63
113,14,3.34513,6,46,63
114,15,3.36842,6,47,64
115,15,3.33913,6,47,64
116,15,3.31034,6,47,64
117,15,3.28205,6,47,64
118,15,3.30508,6,48,65
119,15,3.47899,6,52,69
120,15,3.65,6,56,73
121,15,3.61983,6,56,73
122,16,3.63934,6,57,74
123,16,3.60976,6,57,74
124,16,3.58065,6,57,74
125,16,3.6,6,58,75
126,16,3.61905,6,59,76
127,16,3.77953,6,63,80
128,16,3.79688,6,64,81
129,16,3.76744,5,0,81
130,16,3.73846,5,0,81
131,16,3.75573,5,1,82
132,16,3.72727,5,1,82
133,16,3.69925,5,1,82
134,16,3.85075,5,5,86
135,16,3.82222,5,5,86
136,17,3.83824,5,6,87
137,17,3.89781,5,8,89
138,17,3.91304,5,9,90
139,17,3.88489,5,9,90
140,17,3.85714,5,9,90
141,17,3.82979,5,9,90
142,17,3.97183,5,13,94
143,18,3.98601,5,14,95
144,18,3.95833,5,14,95
145,18,3.97241,5,15,96
146,18,3.9863,5,16,97
147,18,4,5,17,98
148,18,4.05405,5,19,100
149,18,4.02685,5,19,100
150,18,4,5,19,100
151,18,3.97351,5,19,100
152,18,3.98684,5,20,101
153,19,4,5,21,102
154,19,3.97403,5,21,102
155,19,3.94839,5,21,102
156,19,3.92308,5,21,102
157,19,3.97452,5,23,104
158,19,4.10127,5,27,108
159,19,4.07547,5,27,108
160,19,4.05,5,27,108
161,19,4.06211,5,28,109
162,19,4.03704,5,28,109
163,19,4.01227,5,28,109
164,19,4.02439,5,29,110
165,20,4.03636,5,30,111
166,20,4.04819,5,31,112
167,20,4.05988,5,32,113
168,20,4.07143,5,33,114
169,20,4.04734,5,33,114
170,20,4.09412,5,35,116
171,21,4.10526,5,36,117
172,21,4.22093,5,40,121
173,21,4.19653,5,40,121
174,22,4.2069,5,41,122
175,22,4.18286,5,41,122
176,22,4.15909,5,41,122
177,22,4.16949,5,42,123
178,22,4.14607,5,42,123
179,22,4.12291,5,42,123
180,22,4.13333,5,43,124
181,22,4.1105,5,43,124
182,22,4.12088,5,44,125
183,22,4.16393,5,46,127
184,22,4.17391,5,47,128
185,22,4.18378,5,48,129
186,22,4.19355,5,49,130
187,22,4.20321,5,50,131
188,22,4.18085,5,50,131
189,22,4.15873,5,50,131
190,22,4.13684,5,50,131
191,22,4.11518,5,50,131
192,22,4.125,5,51,132
193,22,4.10363,5,51,132
194,22,4.08247,5,51,132
195,22,4.09231,5,52,133
196,22,4.10204,5,53,134
197,22,4.11168,5,54,135
198,22,4.09091,5,54,135
199,22,4.19095,5,58,139
200,22,4.17,5,58,139
201,22,4.14925,5,58,139
202,22,4.12871,5,58,139
203,22,4.10837,5,58,139
204,22,4.11765,5,59,140
205,22,4.09756,5,59,140
206,22,4.1068,5,60,141
207,22,4.08696,5,60,141
208,22,4.06731,5,60,141
209,22,4.16268,5,64,145
210,22,4.14286,5,64,145
211,22,4.15166,5,65,146
212,22,4.16038,5,66,147
213,22,4.16901,5,67,148
214,22,4.14953,5,67,148
215,22,4.13023,5,67,148
216,22,4.13889,5,68,149
217,22,4.11982,5,68,149
218,22,4.10092,5,68,149
219,22,4.08219,5,68,149
220,22,4.06364,5,68,149
221,22,4.04525,5,68,149
222,22,4.13514,5,72,153
223,22,4.11659,5,72,153
224,22,4.20536,5,76,157
225,22,4.18667,5,76,157
226,22,4.16814,5,76,157
227,22,4.17621,5,77,158
228,22,4.15789,5,77,158
229,22,4.19214,5,79,160
230,22,4.17391,5,79,160
231,22,4.15584,5,79,160
232,22,4.13793,5,79,160
233,22,4.12017,5,79,160
234,22,4.12821,5,80,161
235,22,4.11064,5,80,161
236,22,4.09322,5,80,161
237,22,4.10127,5,81,162
238,22,4.08403,5,81,162
239,22,4.06695,5,81,162
240,22,4.075,5,82,163
241,22,4.05809,4,0,163
242,22,4.04132,4,0,163
243,22,4.02469,4,0,163
244,22,4.05738,4,2,165
245,22,4.04082,4,2,165
246,22,4.02439,4,2,165
247,22,4.03239,4,3,166
248,22,4.01613,4,3,166
249,22,4,4,3,166
250,22,4.008,4,4,167
251,23,4.01594,4,5,168
252,23,4,4,5,168
253,23,3.98419,4,5,168
254,23,3.9685,4,5,168
255,23,3.97647,4,6,169
256,23,3.98438,4,7,170
257,23,3.96887,4,7,170
258,23,3.97674,4,8,171
259,23,4.05405,4,12,175
260,23,4.06154,4,13,176
261,23,4.04598,3,0,176
262,23,4.12214,3,4,180
263,23,4.10646,3,4,180
264,23,4.11364,3,5,181
265,23,4.23396,3,11,187
266,23,4.21805,3,11,187
267,23,4.20225,3,11,187
268,23,4.27612,3,15,191
269,23,4.26022,3,15,191
270,23,4.26667,3,16,192
271,23,4.2952,3,18,194
272,23,4.30147,3,19,195
273,23,4.30769,3,20,196
274,23,4.31387,3,21,197
275,23,4.29818,3,21,197
276,23,4.28261,2,0,197
277,23,4.26715,1,0,197
278,23,4.2518,1,0,197
279,23,4.23656,1,0,197
280,23,4.24286,1,1,198
281,23,4.22776,1,1,198
282,23,4.21277,1,1,198
283,23,4.21908,1,2,199
284,23,4.22535,1,3,200
285,23,4.21053,1,3,200
286,23,4.1958,1,3,200
287,23,4.30662,1,9,206
288,23,4.29167,1,9,206
289,23,4.27682,1,9,206
290,23,4.26207,1,9,206
291,24,4.26804,1,10,207
292,24,4.27397,1,11,208
293,24,4.25939,1,11,208
294,24,4.26531,1,12,209
295,24,4.27119,1,13,210
296,24,4.27703,1,14,211
297,24,4.26263,1,14,211
298,24,4.24832,1,14,211
299,25,4.25418,1,15,212
300,25,4.24,1,15,212
301,25,4.22591,1,15,212
302,25,4.21192,0,0,212