1,0,0,10,0,0
2,0,0,10,0,0
3,0,0,10,0,0
4,0,6,10,4,4
5,0,12,10,10,10
6,0,10,10,10,10
7,0,12,10,14,14
8,0,11.25,10,15,15
9,0,12.6667,10,19,19
10,0,13.8,10,23,23
11,0,12.5455,10,23,23
12,0,13.5,10,27,27
13,0,12.9231,10,28,28
14,1,12.4286,10,29,29
15,1,11.6,10,29,29
16,1,10.875,10,29,29
17,1,10.5882,10,30,30
18,1,10.3333,10,31,31
19,1,9.78947,10,31,31
20,1,9.3,10,31,31
21,1,9.14286,10,32,32
22,1,8.72727,10,32,32
23,1,9.3913,10,36,36
24,1,9,10,36,36
25,1,8.64,10,36,36
26,1,8.76923,10,38,38
27,1,9.33333,10,42,42
28,1,9.85714,10,46,46
29,1,9.51724,10,46,46
30,1,9.2,10,46,46
31,1,9.09677,10,47,47
32,1,8.8125,10,47,47
33,1,8.72727,10,48,48
34,1,8.64706,10,49,49
35,1,9.08571,10,53,53
36,1,8.83333,10,53,53
37,1,9.24324,10,57,57
38,1,9.15789,10,58,58
39,1,8.92308,10,58,58
40,1,8.7,10,58,58
41,1,8.78049,10,60,60
42,1,8.57143,10,60,60
43,1,8.65116,10,62,62
44,1,9,10,66,66
45,1,8.8,10,66,66
46,1,8.6087,10,66,66
47,1,8.42553,9,0,66
48,1,8.25,9,0,66
49,1,8.08163,9,0,66
50,1,7.92,9,0,66
51,1,7.76471,9,0,66
52,1,7.73077,9,1,67
53,1,7.58491,8,0,67
54,1,7.66667,8,2,69
55,1,7.52727,8,2,69
56,1,7.39286,8,2,69
57,1,7.26316,8,2,69
58,1,7.13793,8,2,69
59,1,7.01695,8,2,69
60,1,6.9,8,2,69
61,1,6.88525,8,3,70
62,1,6.77419,8,3,70
63,1,6.66667,8,3,70
64,1,6.65625,8,4,71
65,1,6.64615,8,5,72
66,1,6.54545,8,5,72
67,1,6.44776,8,5,72
68,1,6.35294,8,5,72
69,2,6.34783,8,6,73
70,2,6.34286,8,7,74
71,2,6.25352,8,7,74
72,2,6.16667,8,7,74
73,2,6.41096,8,11,78
74,2,6.40541,8,12,79
75,3,6.48,8,14,81
76,3,6.71053,8,18,85
77,3,6.62338,7,0,85
78,3,6.53846,7,0,85
79,3,6.4557,7,0,85
80,3,6.375,7,0,85
81,3,6.2963,7,0,85
82,3,6.29268,7,1,86
83,3,6.21687,7,1,86
84,3,6.21429,7,2,87
85,3,6.21176,7,3,88
86,3,6.13953,7,3,88
87,3,6.06897,7,3,88
88,3,6,7,3,88
89,3,5.93258,7,3,88
90,3,5.86667,7,3,88
91,3,6.06593,7,7,92
92,3,6,7,7,92
93,3,5.93548,7,7,92
94,4,5.93617,7,8,93
95,4,5.87368,7,8,93
96,4,6.0625,7,12,97
97,4,6,7,12,97
98,4,6,7,13,98
99,4,5.93939,7,13,98
100,4,6.12,7,17,102
101,4,6.11881,7,18,103
102,4,6.11765,7,19,104
103,5,6.1165,7,20,105
104,5,6.05769,7,20,105
105,5,6.05714,7,21,106
106,5,6,7,21,106
107,5,5.94393,7,21,106
108,5,5.88889,7,21,106
109,5,5.88991,7,22,107
110,5,5.94545,7,24,109
111,5,5.89189,7,24,109
112,5,5.83929,7,24,109
113,5,5.84071,7,25,110
114,5,6,7,29,114
115,5,5.94783,6,0,114
116,5,5.89655,6,0,114
117,5,5.89744,6,1,115
118,6,5.89831,6,2,116
119,6,5.84874,6,2,116
120,6,5.85,6,3,117
121,6,5.85124,6,4,118
122,6,6,6,8,122
123,6,5.95122,6,8,122
124,6,5.95161,6,9,123
125,6,5.904,6,9,123
126,6,5.90476,6,10,124
127,6,5.85827,6,10,124
128,6,5.85938,6,11,125
129,6,5.81395,6,11,125
130,6,5.76923,6,11,125
131,6,5.72519,6,11,125
132,6,5.72727,6,12,126
133,6,5.68421,6,12,126
134,6,5.64179,6,12,126
135,6,5.64444,6,13,127
136,6,5.60294,6,13,127
137,6,5.60584,6,14,128
138,6,5.56522,6,14,128
139,6,5.52518,6,14,128
140,6,5.48571,6,14,128
141,6,5.44681,6,14,128
142,6,5.4507,6,15,129
143,6,5.45455,6,16,130
144,6,5.41667,6,16,130
145,6,5.37931,6,16,130
146,6,5.34247,6,16,130
147,6,5.34694,6,17,131
148,6,5.35135,6,18,132
149,6,5.31544,6,18,132
150,6,5.44,6,22,136
151,6,5.44371,5,0,137
152,6,5.40789,5,0,137
153,6,5.37255,5,0,137
154,6,5.33766,5,0,137
155,6,5.30323,5,0,137
156,6,5.26923,5,0,137
157,6,5.23567,5,0,137
158,6,5.24051,5,1,138
159,6,5.20755,5,1,138
160,6,5.2125,5,2,139
161,6,5.21739,5,3,140
162,6,5.18519,5,3,140
163,6,5.15337,5,3,140
164,6,5.12195,5,3,140
165,6,5.09091,5,3,140
166,6,5.09639,5,4,141
167,6,5.06587,5,4,141
168,6,5.03571,4,0,141
169,6,5.00592,4,0,141
170,6,4.97647,4,0,141
171,6,4.94737,4,0,141
172,6,4.95349,4,1,142
173,6,4.92486,4,1,142
174,6,4.89655,4,1,142
175,6,4.90286,4,2,143
176,6,4.90909,4,3,144
177,6,4.88136,4,3,144
178,6,4.85393,4,3,144
179,6,5.02793,4,9,150
180,6,5.03333,4,10,151
181,6,5.00552,4,10,151
182,6,5.01099,4,11,152
183,6,5.11475,4,15,156
184,6,5.11957,4,16,157
185,6,5.12432,4,17,158
186,6,5.12903,4,18,159
187,6,5.19786,4,21,162
188,6,5.17021,4,21,162
189,6,5.1746,4,22,163
190,6,5.17895,4,23,164
191,6,5.15183,4,23,164
192,6,5.3125,4,29,170
193,6,5.40933,4,33,174
194,6,5.41237,4,34,175
195,6,5.41538,4,35,176
196,6,5.44898,4,37,178
197,6,5.42132,4,37,178
198,6,5.57576,4,43,184
199,7,5.57789,4,44,185
200,7,5.58,4,45,186
201,7,5.58209,4,46,187
202,7,5.55446,4,46,187
203,7,5.70443,4,52,193
204,7,5.67647,4,52,193
205,7,5.67805,4,53,194
206,7,5.67961,4,54,195
207,7,5.68116,4,55,196
208,7,5.68269,4,56,197
209,7,5.68421,4,57,198
210,7,5.65714,4,57,198
211,7,5.6872,4,59,200
212,7,5.68868,4,60,201
213,7,5.66197,4,60,201
214,7,5.66355,4,61,202
215,7,5.66512,4,62,203
216,7,5.75,4,66,207
217,7,5.75115,4,67,208
218,7,5.72477,4,67,208
219,7,5.69863,4,67,208
220,7,5.78182,4,71,212
221,7,5.75566,4,71,212
222,7,5.75676,4,72,213
223,7,5.75785,4,73,214
224,7,5.75893,4,74,215
225,7,5.76,4,75,216
226,7,5.76106,4,76,217
227,7,5.73568,4,76,217
228,7,5.73684,4,77,218
229,7,5.71179,4,77,218
230,7,5.68696,4,77,218
231,7,5.66234,4,77,218
232,8,5.66379,4,78,219
233,8,5.63948,4,78,219
234,8,5.61538,4,78,219
235,8,5.59149,4,78,219
236,8,5.5678,3,0,219
237,8,5.5443,3,0,219
238,8,5.52101,3,0,219
239,8,5.52301,3,1,220
240,8,5.5,3,1,220
241,8,5.47718,3,1,220
242,8,5.45455,3,1,220
243,8,5.45679,3,2,221
244,8,5.45902,3,3,222
245,8,5.46122,3,4,223
246,8,5.46341,3,5,224
247,8,5.46559,3,6,225
248,8,5.46774,3,7,226
249,8,5.59036,3,13,232
250,8,5.592,3,14,233
251,8,5.71315,3,20,239
252,8,5.69048,3,20,239
253,8,5.71542,3,22,241
254,8,5.69291,3,22,241
255,8,5.69412,3,23,242
256,8,5.67188,3,23,242
257,8,5.64981,3,23,242
258,8,5.65116,3,24,243
259,8,5.62934,2,0,243
260,8,5.60769,2,0,243
261,8,5.58621,2,0,243
262,8,5.58779,2,1,244
263,8,5.56654,2,1,244
264,8,5.59091,2,3,246
265,8,5.59245,2,4,247
266,8,5.66165,2,8,251
267,8,5.64045,2,8,251
268,8,5.64179,2,9,252
269,8,5.64312,2,10,253
270,8,5.64444,2,11,254
271,8,5.64576,2,12,255
272,8,5.625,2,12,255
273,8,5.62637,2,13,256
274,8,5.73723,2,19,262
275,8,5.71636,2,19,262
276,8,5.69565,1,0,262
277,8,5.69675,1,1,263
278,8,5.69784,1,2,264
279,8,5.67742,1,2,264
280,8,5.67857,1,3,265
281,8,5.78648,1,9,271
282,8,5.85106,1,13,275
283,8,5.83039,1,13,275
284,8,5.83099,1,14,276
285,8,5.83158,1,15,277
286,8,5.81119,0,0,277
