1,1,6,10,1,1
2,1,3,10,1,1
3,1,10,10,5,5
4,1,7.5,10,5,5
5,1,6,10,5,5
6,1,5,10,5,5
7,1,4.28571,10,5,5
8,1,6.75,10,9,9
9,1,6.66667,10,10,10
10,1,6,10,10,10
11,1,6.54545,10,12,12
12,1,6,10,12,12
13,1,5.53846,10,12,12
14,1,5.14286,10,12,12
15,1,5.2,10,13,13
16,1,4.875,10,13,13
17,1,6,10,17,17
18,1,5.66667,10,17,17
19,1,5.36842,10,17,17
20,1,5.1,10,17,17
21,2,5.14286,10,18,18
22,2,4.90909,10,18,18
23,2,5.73913,10,22,22
24,2,5.75,10,23,23
25,2,5.52,10,23,23
26,2,6.23077,10,27,27
27,2,6,10,27,27
28,2,5.78571,10,27,27
29,2,5.58621,10,27,27
30,2,5.4,10,27,27
31,2,5.22581,10,27,27
32,2,5.0625,10,27,27
33,2,5.63636,10,31,31
34,2,5.47059,10,31,31
35,2,5.31429,10,31,31
36,2,5.16667,10,31,31
37,2,5.51351,10,34,34
38,2,5.52632,10,35,35
39,2,5.38462,10,35,35
40,2,5.25,10,35,35
41,2,5.12195,10,35,35
42,2,5,10,35,35
43,2,4.88372,10,35,35
44,2,4.77273,10,35,35
45,2,4.66667,10,35,35
46,2,4.56522,10,35,35
47,2,4.97872,10,39,39
48,2,5,10,40,40
49,2,5.02041,10,41,41
50,2,5.4,10,45,45
51,2,5.29412,10,45,45
52,2,5.19231,10,45,45
53,2,5.09434,10,45,45
54,2,5,10,45,45
55,2,4.90909,10,45,45
56,2,4.82143,10,45,45
57,3,4.84211,10,46,46
58,3,4.75862,10,46,46
59,3,4.67797,10,46,46
60,3,4.8,10,48,48
61,3,4.72131,10,48,48
62,3,4.64516,9,0,48
63,3,4.57143,9,0,48
64,3,4.5,9,0,48
65,3,4.43077,9,0,48
66,3,4.36364,9,0,48
67,3,4.29851,9,0,48
68,3,4.32353,9,1,49
69,3,4.26087,9,1,49
70,3,4.71429,9,7,55
71,3,4.8169,9,9,57
72,3,4.83333,9,10,58
73,3,4.84932,9,11,59
74,3,4.78378,9,11,59
75,3,4.72,8,0,59
76,5,4.81579,8,2,61
77,5,4.75325,8,2,61
78,5,4.69231,8,2,61
79,5,4.63291,8,2,61
80,5,4.575,8,2,61
81,5,4.59259,8,3,62
82,5,4.60976,8,4,63
83,5,4.55422,8,4,63
84,5,4.78571,8,8,67
85,5,4.72941,8,8,67
86,5,4.74419,8,9,68
87,5,4.68966,8,9,68
88,5,4.63636,8,9,68
89,5,4.58427,8,9,68
90,5,4.53333,8,9,68
91,5,4.48352,8,9,68
92,5,4.43478,8,9,68
93,5,4.45161,8,10,69
94,5,4.40426,8,10,69
95,5,4.48421,8,12,71
96,5,4.5625,8,14,73
97,5,4.51546,8,14,73
98,5,4.46939,8,14,73
99,5,4.48485,8,15,74
100,5,4.44,8,15,74
101,5,4.39604,8,15,74
102,5,4.41176,8,16,75
103,5,4.48544,8,18,77
104,5,4.5,8,19,78
105,5,4.51429,8,20,79
106,5,4.5283,8,21,80
107,5,4.54206,8,22,81
108,5,4.5,8,22,81
109,5,4.45872,8,22,81
110,5,4.41818,8,22,81
111,5,4.43243,8,23,82
112,5,4.44643,8,24,83
113,5,4.40708,8,24,83
114,5,4.36842,8,24,83
115,5,4.33043,8,24,83
116,5,4.34483,8,25,84
117,5,4.35897,8,26,85
118,5,4.37288,8,27,86
119,5,4.38655,8,28,87
120,5,4.4,8,29,88
121,6,4.41322,8,30,89
122,6,4.37705,8,30,89
123,6,4.53659,8,34,93
124,6,4.5,8,34,93
125,6,4.656,8,38,97
126,6,4.66667,8,39,98
127,6,4.67717,8,40,99
128,6,4.64062,8,40,99
129,6,4.60465,8,40,99
130,6,4.56923,8,40,99
131,6,4.58015,8,41,100
132,7,4.59091,8,42,101
133,7,4.6015,8,43,102
134,7,4.65672,8,45,104
135,7,4.62222,8,45,104
136,7,4.58824,8,45,104
137,7,4.59854,8,46,105
138,7,4.73913,8,50,109
139,7,4.70504,8,50,109
140,7,4.67143,8,50,109
141,7,4.6383,8,50,109
142,7,4.64789,8,51,110
143,7,4.65734,8,52,111
144,7,4.625,8,52,111
145,7,4.63448,8,53,112
146,7,4.64384,8,54,113
147,8,4.65306,8,55,114
148,8,4.66216,8,56,115
149,8,4.79195,8,60,119
150,8,4.8,8,61,120
151,8,4.80795,8,62,121
152,8,4.77632,8,62,121
153,8,4.78431,8,63,122
154,8,4.79221,8,64,123
155,8,4.8,8,65,124
156,8,4.80769,8,66,125
157,8,4.77707,8,66,125
158,8,4.78481,8,67,126
159,8,4.79245,8,68,127
160,8,4.8,8,69,128
161,8,4.80745,8,70,129
162,8,4.81481,8,71,130
163,8,4.78528,8,71,130
164,8,4.79268,8,72,131
165,8,4.8,8,73,132
166,8,4.77108,8,73,132
167,8,4.74251,8,73,132
168,8,4.71429,8,73,132
169,8,4.72189,8,74,133
170,8,4.83529,8,78,137
171,8,4.84211,8,79,138
172,8,4.81395,8,79,138
173,8,4.85549,8,81,140
174,8,4.82759,8,81,140
175,8,4.8,8,81,140
176,8,4.77273,8,81,140
177,8,4.77966,8,82,141
178,8,4.88764,8,86,145
179,8,4.89385,8,87,146
180,8,4.9,8,88,147
181,9,4.90608,8,89,148
182,9,5.07692,8,95,154
183,9,5.04918,8,95,154
184,9,5.02174,8,95,154
185,9,5.02703,8,96,155
186,9,5.03226,8,97,156
187,9,5.03743,8,98,157
188,9,5.01064,8,98,157
189,9,5.01587,8,99,158
190,9,4.98947,8,99,158
191,9,4.96335,8,99,158
192,9,5.125,8,105,164
193,9,5.09845,8,105,164
194,9,5.10309,8,106,165
195,9,5.07692,8,106,165
196,9,5.23469,8,112,171
197,9,5.23858,8,113,172
198,9,5.24242,8,114,173
199,9,5.33668,8,118,177
200,9,5.31,8,118,177
201,9,5.31343,8,119,178
202,9,5.40594,8,123,182
203,9,5.40887,8,124,183
204,9,5.41176,8,125,184
205,9,5.38537,8,125,184
206,9,5.35922,8,125,184
207,9,5.36232,8,126,185
208,9,5.36538,8,127,186
209,9,5.36842,8,128,187
210,9,5.51429,8,134,193
211,9,5.51659,8,135,194
212,9,5.49057,8,135,194
213,9,5.6338,8,141,200
214,9,5.60748,8,141,200
215,9,5.6093,8,142,201
216,9,5.63889,8,144,203
217,9,5.7788,8,150,209
218,9,5.86239,8,154,213
219,9,5.83562,8,154,213
220,9,5.83636,8,155,214
221,9,5.80995,8,155,214
222,9,5.83784,8,157,216
223,9,5.81166,8,157,216
224,9,5.8125,8,158,217
225,9,5.81333,8,159,218
226,9,5.81416,8,160,219
227,9,5.81498,8,161,220
228,9,5.78947,8,161,220
229,9,5.76419,8,161,220
230,9,5.73913,8,161,220
231,9,5.71429,8,161,220
232,9,5.68966,8,161,220
233,9,5.66524,8,161,220
234,9,5.66667,8,162,221
235,9,5.66809,8,163,222
236,9,5.64407,7,0,222
237,9,5.62025,7,0,222
238,9,5.59664,7,0,222
239,9,5.57322,7,0,222
240,9,5.55,7,0,222
241,9,5.55187,7,1,223
242,9,5.6281,7,5,227
243,9,5.62963,7,6,228
244,9,5.60656,7,6,228
245,9,5.60816,7,7,229
246,9,5.63415,7,9,231
247,9,5.63563,7,10,232
248,9,5.75806,7,16,238
249,9,5.78313,7,18,240
250,9,5.784,7,19,241
251,9,5.80876,7,21,243
252,9,5.78571,7,21,243
253,9,5.78656,7,22,244
254,9,5.76378,7,22,244
255,9,5.83529,7,26,248
256,9,5.8125,7,26,248
257,9,5.81323,7,27,249
258,9,5.88372,7,31,253
259,9,5.88417,7,32,254
260,9,5.95385,7,36,258
261,9,5.95402,7,37,259
262,9,5.9542,7,38,260
263,9,5.95437,7,39,261
264,9,5.95455,7,40,262
265,9,5.93208,6,0,262
266,9,5.93233,6,1,263
267,9,5.93258,6,2,264
268,9,5.91045,6,2,264
269,9,5.91078,6,3,265
270,9,5.91111,6,4,266
271,9,5.97786,6,8,270
272,9,6.08824,6,14,276
273,9,6.08791,6,15,277
274,9,6.06569,6,15,277
275,9,6.06545,6,16,278
276,9,6.06522,6,17,279
277,9,6.17329,6,23,285
278,9,6.17266,6,24,286
279,9,6.23656,6,28,290
280,9,6.23571,6,29,291
281,9,6.21352,6,29,291
282,9,6.19149,5,0,291
283,9,6.19081,5,1,292
284,9,6.21127,5,3,294
285,9,6.21053,5,4,295
286,9,6.18881,4,0,295
287,10,6.18815,4,1,296
288,10,6.16667,4,1,296
289,10,6.16609,4,2,297
290,10,6.14483,3,0,297
291,10,6.20619,3,4,301
292,10,6.20548,3,5,302
293,10,6.30717,3,11,308
294,10,6.32653,3,13,310
295,11,6.32542,3,14,311
296,11,6.42568,3,20,317
297,11,6.42424,3,21,318
298,11,6.40268,3,21,318
299,11,6.38127,3,21,318
300,11,6.38,3,22,319
301,11,6.37874,3,23,320
302,11,6.35762,2,0,320
303,11,6.35644,2,1,321
304,11,6.35526,2,2,322
305,11,6.3541,2,3,323
306,11,6.33333,2,3,323