1,0,0,10,0,0
2,0,0,10,0,0
3,0,0,10,0,0
4,0,0,10,0,0
5,0,0,10,0,0
6,0,2,10,2,2
7,0,1.71429,10,2,2
8,0,2.25,10,3,3
9,0,2,10,3,3
10,1,2.4,10,4,4
11,1,4.36364,10,8,8
12,1,4,10,8,8
13,1,4.15385,10,9,9
14,1,3.85714,10,9,9
15,1,3.6,10,9,9
16,1,3.375,10,9,9
17,1,3.17647,10,9,9
18,1,3,10,9,9
19,1,3.15789,10,10,10
20,2,3.3,10,11,11
21,2,3.42857,10,12,12
22,2,3.54545,10,13,13
23,2,3.3913,10,13,13
24,3,3.5,10,14,14
25,3,3.6,10,15,15
26,4,3.69231,10,16,16
27,4,3.55556,10,16,16
28,4,3.42857,10,16,16
29,4,4.13793,10,20,20
30,4,4,10,20,20
31,4,4.06452,10,21,21
32,4,4.6875,10,25,25
33,4,4.72727,10,26,26
34,4,4.58824,10,26,26
35,4,5.14286,10,30,30
36,4,5.16667,10,31,31
37,4,5.02703,10,31,31
38,4,5.05263,10,32,32
39,4,5.53846,10,36,36
40,4,5.55,10,37,37
41,5,5.56098,10,38,38
42,5,5.42857,10,38,38
43,5,5.86047,10,42,42
44,5,6,10,44,44
45,5,6.66667,10,50,50
46,5,6.52174,10,50,50
47,5,6.51064,10,51,51
48,5,6.875,10,55,55
49,5,6.73469,10,55,55
50,5,6.6,10,55,55
51,5,6.94118,10,59,59
52,5,6.80769,10,59,59
53,5,6.67925,10,59,59
54,5,6.55556,10,59,59
55,5,6.87273,10,63,63
56,5,6.75,10,63,63
57,5,6.63158,10,63,63
58,5,6.51724,10,63,63
59,5,6.40678,10,63,63
60,5,6.5,10,65,65
61,5,6.4918,10,66,66
62,5,6.48387,10,67,67
63,5,6.7619,10,71,71
64,5,7.03125,10,75,75
65,5,7.01538,10,76,76
66,5,7,10,77,77
67,5,6.98507,10,78,78
68,5,7.05882,10,80,80
69,5,7.04348,10,81,81
70,5,7.02857,10,82,82
71,5,6.92958,10,82,82
72,5,6.83333,10,82,82
73,5,6.82192,10,83,83
74,5,6.72973,10,83,83
75,5,6.64,10,83,83
76,5,6.63158,10,84,84
77,5,6.54545,10,84,84
78,5,6.53846,10,85,85
79,5,6.4557,10,85,85
80,5,6.45,10,86,86
81,5,6.37037,10,86,86
82,5,6.36585,10,87,87
83,5,6.36145,10,88,88
84,5,6.35714,10,89,89
85,5,6.28235,10,89,89
86,6,6.27907,10,90,90
87,6,6.27586,10,91,91
88,6,6.20455,10,91,91
89,6,6.13483,10,91,91
90,6,6.06667,10,91,91
91,6,6,10,91,91
92,6,5.93478,10,91,91
93,6,5.87097,10,91,91
94,6,5.80851,10,91,91
95,6,5.74737,10,91,91
96,6,5.75,10,92,92
97,6,5.75258,10,93,93
98,6,5.69388,10,93,93
99,6,5.75758,10,95,95
100,6,5.76,10,96,96
101,6,5.94059,10,100,100
102,6,5.94118,10,101,101
103,6,6.1165,10,105,105
104,6,6.05769,10,105,105
105,6,6,10,105,105
106,6,5.9434,10,105,105
107,6,5.88785,10,105,105
108,6,5.83333,10,105,105
109,6,5.83486,10,106,106
110,6,5.83636,10,107,107
111,6,5.83784,10,108,108
112,6,5.83929,10,109,109
113,6,5.84071,10,110,110
114,7,5.84211,10,111,111
115,7,5.89565,10,113,113
116,7,5.84483,10,113,113
117,7,5.84615,10,114,114
118,7,5.79661,10,114,114
119,7,5.94958,10,118,118
120,7,5.95,10,119,119
121,7,5.90083,10,119,119
122,7,6.04918,10,123,123
123,7,6.04878,10,124,124
124,7,6.04839,10,125,125
125,7,6,9,0,125
126,7,5.95238,9,0,125
127,7,5.90551,9,0,125
128,7,5.85938,9,0,125
129,7,5.81395,9,0,125
130,7,5.76923,9,0,125
131,7,5.77099,9,1,126
132,7,5.77273,9,2,127
133,7,5.72932,9,2,127
134,7,5.73134,9,3,128
135,7,5.68889,9,3,128
136,7,5.64706,8,0,128
137,7,5.78102,8,4,132
138,7,5.73913,8,4,132
139,7,5.69784,8,4,132
140,7,5.65714,8,4,132
141,7,5.65957,8,5,133
142,7,5.61972,7,0,133
143,7,5.58042,7,0,133
144,7,5.625,7,2,135
145,7,5.75172,7,6,139
146,7,5.75342,7,7,140
147,7,5.71429,7,7,140
148,7,5.67568,6,0,140
149,7,5.63758,6,0,140
150,7,5.6,6,0,140
151,7,5.60265,6,1,141
152,7,5.56579,6,1,141
153,7,5.52941,6,1,141
154,7,5.49351,6,1,141
155,7,5.45806,6,1,141
156,7,5.42308,6,1,141
157,7,5.42675,6,2,142
158,7,5.43038,6,3,143
159,7,5.43396,6,4,144
160,7,5.4,6,4,144
161,7,5.36646,6,4,144
162,7,5.33333,6,4,144
163,7,5.30061,6,4,144
164,7,5.26829,6,4,144
165,7,5.27273,6,5,145
166,7,5.27711,6,6,146
167,7,5.24551,6,6,146
168,7,5.35714,6,10,150
169,7,5.36095,6,11,151
170,7,5.32941,6,11,151
171,7,5.29825,6,11,151
172,7,5.26744,6,11,151
173,7,5.23699,6,11,151
174,7,5.34483,6,15,155
175,7,5.38286,6,17,157
176,7,5.38636,6,18,158
177,7,5.35593,6,18,158
178,7,5.32584,6,18,158
179,7,5.32961,6,19,159
180,7,5.33333,6,20,160
181,7,5.30387,6,20,160
182,7,5.27473,6,20,160
183,7,5.2459,6,20,160
184,7,5.21739,6,20,160
185,7,5.22162,6,21,161
186,7,5.19355,6,21,161
187,7,5.16578,5,0,161
188,7,5.1383,5,0,161
189,7,5.14286,5,1,162
190,7,5.14737,5,2,163
191,7,5.15183,5,3,164
192,7,5.1875,5,5,166
193,7,5.16062,5,5,166
194,7,5.16495,5,6,167
195,7,5.13846,5,6,167
196,7,5.14286,5,7,168
197,7,5.11675,5,7,168
198,7,5.12121,5,8,169
199,7,5.09548,5,8,169
200,7,5.07,5,8,169
201,7,5.07463,5,9,170
202,7,5.07921,5,10,171
203,7,5.08374,5,11,172
204,7,5.11765,5,13,174
205,7,5.12195,5,14,175
206,7,5.12621,5,15,176
207,7,5.27536,5,21,182
208,7,5.36538,5,25,186
209,7,5.36842,5,26,187
210,8,5.37143,5,27,188
211,8,5.37441,5,28,189
212,8,5.37736,5,29,190
213,8,5.35211,5,29,190
214,8,5.35514,5,30,191
215,8,5.35814,5,31,192
216,8,5.36111,5,32,193
217,8,5.33641,5,32,193
218,8,5.31193,5,32,193
219,8,5.31507,5,33,194
220,8,5.29091,5,33,194
221,8,5.29412,5,34,195
222,8,5.37838,5,38,199
223,8,5.35426,5,38,199
224,8,5.33036,5,38,199
225,8,5.41333,5,42,203
226,8,5.38938,5,42,203
227,8,5.39207,5,43,204
228,8,5.39474,5,44,205
229,8,5.37118,5,44,205
230,8,5.34783,5,44,205
231,8,5.32468,5,44,205
232,9,5.35345,5,46,207
233,9,5.35622,5,47,208
234,9,5.33333,5,47,208
235,9,5.31064,5,47,208
236,9,5.31356,5,48,209
237,9,5.29114,5,48,209
238,9,5.29412,5,49,210
239,9,5.29707,5,50,211
240,9,5.3,5,51,212
241,9,5.3029,5,52,213
242,10,5.30579,5,53,214
243,10,5.38272,5,57,218
244,10,5.40984,5,59,220
245,10,5.38776,5,59,220
246,10,5.39024,5,60,221
247,10,5.36842,5,60,221
248,10,5.37097,5,61,222
249,10,5.37349,5,62,223
250,10,5.352,5,62,223
251,10,5.33068,5,62,223
252,12,5.35714,5,64,225
253,12,5.35968,5,65,226
254,12,5.3622,5,66,227
255,12,5.38824,5,68,229
256,12,5.39062,5,69,230
257,12,5.36965,4,0,230
258,12,5.37209,4,1,231
259,12,5.37452,4,2,232
260,12,5.37692,4,3,233
261,12,5.35632,4,3,233
262,12,5.35878,4,4,234
263,12,5.38403,4,6,236
264,12,5.38636,4,7,237
265,12,5.38868,4,8,238
266,12,5.39098,4,9,239
267,12,5.39326,4,10,240
268,12,5.39552,4,11,241
269,12,5.37546,4,11,241
270,12,5.37778,4,12,242
271,12,5.49077,4,18,248
272,12,5.49265,4,19,249
273,12,5.47253,4,19,249
274,12,5.49635,4,21,251
275,12,5.49818,4,22,252
276,12,5.5,4,23,253
277,12,5.50181,4,24,254
278,13,5.5036,4,25,255
279,13,5.56989,4,29,259
280,13,5.57143,4,30,260
281,13,5.5516,4,30,260
282,13,5.55319,4,31,261
283,13,5.53357,4,31,261
284,13,5.53521,4,32,262
285,13,5.6,4,36,266
286,13,5.62238,4,38,268
287,13,5.6446,4,40,270
288,13,5.64583,4,41,271
289,13,5.64706,4,42,272
290,14,5.66897,4,44,274
291,14,5.73196,4,48,278
292,14,5.75342,4,50,280
293,14,5.75427,4,51,281
294,14,5.7551,4,52,282
295,14,5.75593,4,53,283
296,14,5.75676,4,54,284
297,14,5.73737,3,0,284
298,14,5.73826,3,1,285
299,14,5.73913,3,2,286
300,14,5.8,3,6,290
301,14,5.78073,3,6,290
302,14,5.78146,3,7,291
303,14,5.88119,3,13,297
304,14,5.94079,3,17,301
305,16,5.96066,3,19,303
306,16,5.98039,3,21,305
307,16,6.03909,3,25,309
308,16,6.0974,3,29,313
309,16,6.09709,3,30,314
310,16,6.09677,3,31,315