1,0,0,10,0,0
2,0,0,10,0,0
3,0,0,10,0,0
4,0,0,10,0,0
5,0,4.8,10,4,4
6,0,5,10,5,5
7,0,4.28571,10,5,5
8,0,3.75,10,5,5
9,0,3.33333,10,5,5
10,0,3.6,10,6,6
11,0,3.81818,10,7,7
12,0,3.5,10,7,7
13,0,3.23077,10,7,7
14,0,3,10,7,7
15,0,2.8,10,7,7
16,0,2.625,10,7,7
17,0,2.82353,10,8,8
18,0,4,10,12,12
19,0,3.78947,10,12,12
20,0,3.6,10,12,12
21,0,3.71429,10,13,13
22,0,3.54545,10,13,13
23,1,3.65217,10,14,14
24,1,3.5,10,14,14
25,1,3.36,10,14,14
26,1,3.46154,10,15,15
27,1,3.55556,10,16,16
28,1,3.42857,10,16,16
29,1,3.31034,10,16,16
30,1,4,10,20,20
31,1,3.87097,9,0,20
32,1,3.9375,9,1,21
33,1,3.81818,9,1,21
34,1,3.88235,9,2,22
35,1,3.77143,9,2,22
36,1,4.33333,9,6,26
37,1,4.21622,9,6,26
38,1,4.42105,9,8,28
39,1,4.46154,9,9,29
40,1,4.5,9,10,30
41,1,4.39024,9,10,30
42,1,4.28571,9,10,30
43,1,4.18605,9,10,30
44,1,4.09091,9,10,30
45,1,4,9,10,30
46,1,4.04348,9,11,31
47,1,4.46809,9,15,35
48,1,4.375,9,15,35
49,1,4.77551,9,19,39
50,1,4.8,9,20,40
51,1,4.70588,9,20,40
52,1,4.61538,9,20,40
53,1,4.5283,9,20,40
54,2,4.55556,9,21,41
55,2,4.47273,9,21,41
56,2,4.39286,9,21,41
57,2,4.31579,8,0,41
58,2,4.24138,8,0,41
59,2,4.57627,8,4,45
60,2,4.5,8,4,45
61,2,4.42623,8,4,45
62,2,4.35484,8,4,45
63,2,4.28571,7,0,45
64,2,4.21875,7,0,45
65,2,4.15385,7,0,45
66,2,4.09091,7,0,45
67,2,4.02985,7,0,45
68,2,3.97059,7,0,45
69,2,3.91304,7,0,45
70,2,3.85714,7,0,45
71,2,3.80282,7,0,45
72,2,3.75,7,0,45
73,2,3.69863,7,0,45
74,2,3.72973,7,1,46
75,2,3.68,7,1,46
76,2,3.63158,7,1,46
77,2,3.66234,7,2,47
78,2,3.69231,7,3,48
79,2,3.64557,7,3,48
80,2,3.9,7,7,52
81,2,3.92593,7,8,53
82,2,3.95122,7,9,54
83,2,3.90361,7,9,54
84,2,3.85714,7,9,54
85,2,3.88235,7,10,55
86,2,3.83721,7,10,55
87,2,4.06897,7,14,59
88,2,4.29545,7,18,63
89,2,4.51685,7,22,67
90,3,4.53333,7,23,68
91,3,4.48352,7,23,68
92,3,4.43478,7,23,68
93,3,4.3871,7,23,68
94,3,4.59574,7,27,72
95,3,4.54737,7,27,72
96,3,4.5,7,27,72
97,3,4.45361,7,27,72
98,3,4.46939,7,28,73
99,3,4.66667,7,32,77
100,3,4.68,7,33,78
101,3,4.69307,7,34,79
102,3,4.64706,7,34,79
103,3,4.60194,7,34,79
104,3,4.61538,7,35,80
105,3,4.62857,7,36,81
106,3,4.58491,7,36,81
107,3,4.59813,7,37,82
108,3,4.61111,7,38,83
109,3,4.56881,7,38,83
110,3,4.58182,7,39,84
111,3,4.54054,7,39,84
112,3,4.55357,7,40,85
113,3,4.56637,7,41,86
114,3,4.57895,7,42,87
115,3,4.53913,7,42,87
116,3,4.5,7,42,87
117,3,4.51282,7,43,88
118,3,4.47458,7,43,88
119,3,4.48739,7,44,89
120,4,4.5,7,45,90
121,4,4.46281,7,45,90
122,4,4.42623,7,45,90
123,4,4.39024,7,45,90
124,4,4.40323,7,46,91
125,4,4.368,7,46,91
126,4,4.33333,7,46,91
127,4,4.34646,7,47,92
128,4,4.35938,7,48,93
129,4,4.32558,6,0,93
130,4,4.33846,6,1,94
131,4,4.44275,6,4,97
132,4,4.5,6,6,99
133,4,4.51128,6,7,100
134,4,4.47761,6,7,100
135,4,4.44444,6,7,100
136,4,4.45588,6,8,101
137,4,4.42336,6,8,101
138,4,4.43478,6,9,102
139,5,4.44604,6,10,103
140,5,4.41429,6,10,103
141,5,4.42553,6,11,104
142,5,4.47887,6,13,106
143,5,4.53147,6,15,108
144,5,4.5,6,15,108
145,5,4.51034,6,16,109
146,5,4.52055,6,17,110
147,5,4.53061,6,18,111
148,5,4.54054,6,19,112
149,5,4.51007,6,19,112
150,5,4.48,6,19,112
151,5,4.5298,6,21,114
152,5,4.5,6,21,114
153,6,4.5098,6,22,115
154,6,4.48052,6,22,115
155,6,4.45161,6,22,115
156,6,4.42308,6,22,115
157,6,4.3949,6,22,115
158,6,4.36709,6,22,115
159,6,4.37736,6,23,116
160,6,4.3875,6,24,117
161,6,4.36025,6,24,117
162,6,4.37037,6,25,118
163,6,4.34356,6,25,118
164,6,4.35366,6,26,119
165,6,4.32727,6,26,119
166,6,4.3012,6,26,119
167,6,4.34731,6,28,121
168,6,4.32143,6,28,121
169,6,4.29586,6,28,121
170,6,4.27059,6,28,121
171,6,4.2807,6,29,122
172,6,4.2907,6,30,123
173,6,4.33526,6,32,125
174,6,4.31034,6,32,125
175,6,4.32,6,33,126
176,6,4.32955,6,34,127
177,6,4.33898,6,35,128
178,6,4.44944,6,39,132
179,6,4.42458,6,39,132
180,6,4.43333,6,40,133
181,6,4.54144,6,44,137
182,6,4.54945,6,45,138
183,6,4.55738,6,46,139
184,6,4.53261,6,46,139
185,6,4.54054,6,47,140
186,6,4.51613,6,47,140
187,6,4.49198,6,47,140
188,6,4.46809,5,0,140
189,6,4.44444,5,0,140
190,6,4.45263,5,1,141
191,6,4.42932,5,1,141
192,6,4.4375,5,2,142
193,6,4.4456,5,3,143
194,6,4.45361,5,4,144
195,6,4.46154,5,5,145
196,6,4.46939,5,6,146
197,6,4.50761,5,8,148
198,6,4.54545,5,10,150
199,6,4.55276,5,11,151
200,6,4.53,5,11,151
201,6,4.50746,5,11,151
202,6,4.51485,5,12,152
203,6,4.49261,5,12,152
204,6,4.5,5,13,153
205,6,4.47805,5,13,153
206,6,4.48544,5,14,154
207,6,4.49275,5,15,155
208,6,4.47115,5,15,155
209,6,4.47847,5,16,156
210,7,4.48571,5,17,157
211,7,4.49289,5,18,158
212,8,4.5,5,19,159
213,8,4.50704,5,20,160
214,8,4.48598,5,20,160
215,8,4.63256,5,26,166
216,8,4.72222,5,30,170
217,8,4.70046,5,30,170
218,8,4.70642,5,31,171
219,9,4.71233,5,32,172
220,9,4.71818,5,33,173
221,9,4.72398,5,34,174
222,9,4.72973,5,35,175
223,9,4.70852,5,35,175
224,9,4.71429,5,36,176
225,9,4.8,5,40,180
226,9,4.77876,4,0,180
227,9,4.78414,4,1,181
228,9,4.76316,4,1,181
229,9,4.74236,4,1,181
230,10,4.74783,4,2,182
231,10,4.83117,4,6,186
232,10,4.81034,4,6,186
233,10,4.7897,4,6,186
234,10,4.92308,4,12,192
235,10,4.92766,4,13,193
236,10,4.9322,4,14,194
237,10,4.91139,3,0,194
238,10,4.91597,3,1,195
239,10,4.9205,3,2,196
240,10,4.925,3,3,197
241,10,4.90456,3,3,197
242,10,4.8843,3,3,197
243,10,4.8642,3,3,197
244,10,4.86885,3,4,198
245,10,4.87347,3,5,199
246,10,4.87805,3,6,200
247,10,4.88259,3,7,201
248,10,4.95968,3,11,205
249,10,4.96386,3,12,206
250,10,4.944,3,12,206
251,10,4.9243,3,12,206
252,10,5,3,16,210
253,10,5.00395,3,17,211
254,10,5.07874,3,21,215
255,11,5.08235,3,22,216
256,11,5.08594,3,23,217
257,11,5.06615,3,23,217
258,11,5.04651,3,23,217
259,11,5.02703,3,23,217
260,11,5.00769,3,23,217
261,11,5.01149,3,24,218
262,12,5.01527,3,25,219
263,12,5.01901,3,26,220
264,12,5.02273,3,27,221
265,12,5.02642,3,28,222
266,12,5.00752,3,28,222
267,12,5.01124,3,29,223
268,12,4.99254,2,0,223
269,12,4.99628,2,1,224
270,12,4.97778,2,1,224
271,12,5.04797,2,5,228
272,12,5.02941,2,5,228
273,12,5.01099,2,5,228
274,12,5.0365,2,7,230
275,12,5.01818,1,0,230
276,12,5.02174,1,1,231
277,12,5.04693,1,3,233
278,12,5.05036,1,4,234
279,12,5.05376,1,5,235
280,12,5.12143,1,9,239
281,12,5.12456,1,10,240
282,12,5.10638,1,10,240
283,12,5.10954,1,11,241
284,12,5.09155,1,11,241
285,12,5.09474,1,12,242
286,12,5.0979,1,13,243
287,12,5.12195,1,15,245
288,12,5.10417,1,15,245
289,13,5.10727,1,16,246
290,13,5.08966,1,16,246
291,13,5.09278,1,17,247
292,13,5.07534,1,17,247
293,13,5.0785,1,18,248
294,13,5.14286,1,22,252
295,13,5.1661,1,24,254
296,13,5.16892,1,25,255
297,13,5.15152,1,25,255
298,13,5.13423,1,25,255
299,13,5.11706,0,0,255
