1,0,24,10,4,4
2,0,12,10,4,4
3,0,8,10,4,4
4,0,7.5,10,5,5
5,0,6,10,5,5
6,0,5,10,5,5
7,0,4.28571,10,5,5
8,0,3.75,10,5,5
9,0,3.33333,10,5,5
10,1,3.6,10,6,6
11,1,3.27273,10,6,6
12,1,3,10,6,6
13,1,4.61538,10,10,10
14,1,4.28571,10,10,10
15,1,4,10,10,10
16,1,3.75,10,10,10
17,1,3.88235,10,11,11
18,1,3.66667,10,11,11
19,1,4.73684,10,15,15
20,1,4.5,10,15,15
21,1,4.28571,10,15,15
22,1,4.09091,10,15,15
23,1,4.95652,10,19,19
24,1,5,10,20,20
25,1,5.76,10,24,24
26,1,5.53846,10,24,24
27,1,5.33333,10,24,24
28,1,5.14286,9,0,24
29,1,5.7931,9,4,28
30,1,5.6,9,4,28
31,1,5.41935,9,4,28
32,1,5.25,9,4,28
33,1,5.27273,9,5,29
34,1,5.11765,9,5,29
35,1,5.14286,9,6,30
36,1,5,9,6,30
37,1,4.86486,9,6,30
38,1,5.36842,9,10,34
39,1,5.23077,9,10,34
40,1,5.1,9,10,34
41,1,4.97561,9,10,34
42,1,4.85714,9,10,34
43,1,4.74419,9,10,34
44,1,4.63636,9,10,34
45,1,4.53333,9,10,34
46,1,4.43478,9,10,34
47,1,4.85106,9,14,38
48,1,4.875,9,15,39
49,1,4.89796,9,16,40
50,1,4.8,9,16,40
51,1,4.70588,9,16,40
52,1,4.61538,9,16,40
53,1,4.5283,9,16,40
54,1,4.44444,9,16,40
55,1,4.36364,9,16,40
56,1,4.28571,9,16,40
57,1,4.21053,9,16,40
58,1,4.24138,9,17,41
59,1,4.16949,9,17,41
60,1,4.1,9,17,41
61,1,4.03279,9,17,41
62,1,3.96774,9,17,41
63,1,4.28571,9,21,45
64,1,4.3125,9,22,46
65,1,4.24615,9,22,46
66,1,4.18182,9,22,46
67,1,4.1194,9,22,46
68,1,4.05882,9,22,46
69,1,4.08696,9,23,47
70,1,4.37143,9,27,51
71,1,4.30986,9,27,51
72,1,4.25,9,27,51
73,1,4.27397,9,28,52
74,1,4.21622,9,28,52
75,1,4.24,9,29,53
76,1,4.26316,9,30,54
77,1,4.20779,9,30,54
78,1,4.30769,9,32,56
79,1,4.25316,9,32,56
80,1,4.2,9,32,56
81,1,4.14815,9,32,56
82,1,4.09756,9,32,56
83,1,4.04819,9,32,56
84,1,4,9,32,56
85,1,4.23529,9,36,60
86,1,4.18605,9,36,60
87,1,4.13793,9,36,60
88,5,4.36364,9,40,64
89,5,4.31461,9,40,64
90,7,4.4,9,42,66
91,7,4.41758,9,43,67
92,7,4.36957,9,43,67
93,7,4.32258,9,43,67
94,7,4.2766,9,43,67
95,7,4.23158,9,43,67
96,7,4.1875,9,43,67
97,7,4.14433,9,43,67
98,7,4.34694,9,47,71
99,7,4.30303,9,47,71
100,7,4.26,9,47,71
101,7,4.21782,9,47,71
102,7,4.41176,9,51,75
103,7,4.36893,9,51,75
104,7,4.32692,9,51,75
105,7,4.34286,9,52,76
106,7,4.30189,9,52,76
107,7,4.48598,9,56,80
108,7,4.44444,9,56,80
109,7,4.45872,9,57,81
110,7,4.47273,9,58,82
111,7,4.43243,9,58,82
112,7,4.39286,9,58,82
113,7,4.46018,9,60,84
114,7,4.47368,9,61,85
115,7,4.43478,8,0,85
116,7,4.39655,8,0,85
117,7,4.35897,8,0,85
118,7,4.32203,8,0,85
119,7,4.33613,8,1,86
120,7,4.3,8,1,86
121,7,4.36364,8,3,88
122,7,4.37705,8,4,89
123,7,4.34146,8,4,89
124,7,4.35484,8,5,90
125,7,4.32,7,0,90
126,9,4.38095,7,2,92
127,9,4.34646,7,2,92
128,9,4.35938,7,3,93
129,9,4.32558,7,3,93
130,9,4.33846,7,4,94
131,9,4.35115,7,5,95
132,9,4.36364,7,6,96
133,9,4.37594,7,7,97
134,9,4.34328,7,7,97
135,9,4.35556,7,8,98
136,9,4.32353,7,8,98
137,9,4.29197,7,8,98
138,9,4.26087,7,8,98
139,9,4.23022,7,8,98
140,9,4.24286,7,9,99
141,9,4.25532,7,10,100
142,9,4.26761,7,11,101
143,9,4.23776,7,11,101
144,9,4.20833,7,11,101
145,9,4.17931,7,11,101
146,9,4.19178,7,12,102
147,9,4.20408,7,13,103
148,9,4.17568,7,13,103
149,9,4.14765,7,13,103
150,9,4.12,7,13,103
151,9,4.09272,7,13,103
152,9,4.10526,7,14,104
153,9,4.07843,7,14,104
154,9,4.05195,7,14,104
155,9,4.02581,7,14,104
156,9,4.03846,7,15,105
157,9,4.05096,7,16,106
158,9,4.02532,7,16,106
159,9,4,7,16,106
160,9,4.05,7,18,108
161,9,4.02484,7,18,108
162,9,4.03704,7,19,109
163,9,4.04908,7,20,110
164,9,4.06098,7,21,111
165,9,4.03636,7,21,111
166,9,4.04819,7,22,112
167,9,4.02395,7,22,112
168,9,4.03571,7,23,113
169,9,4.01183,7,23,113
170,9,4.02353,7,24,114
171,9,4,7,24,114
172,9,3.97674,7,24,114
173,9,3.98844,7,25,115
174,9,3.96552,7,25,115
175,9,3.94286,7,25,115
176,9,3.92045,7,25,115
177,9,3.89831,7,25,115
178,9,3.8764,7,25,115
179,9,3.88827,7,26,116
180,9,3.9,7,27,117
181,9,3.87845,7,27,117
182,9,3.85714,7,27,117
183,9,3.83607,7,27,117
184,9,3.84783,7,28,118
185,9,3.85946,7,29,119
186,9,3.83871,7,29,119
187,9,3.88235,7,31,121
188,9,3.8617,7,31,121
189,9,3.84127,7,31,121
190,9,3.82105,7,31,121
191,9,3.80105,7,31,121
192,9,3.78125,7,31,121
193,9,3.76166,7,31,121
194,9,3.74227,7,31,121
195,9,3.75385,7,32,122
196,9,3.76531,7,33,123
197,9,3.77665,7,34,124
198,9,3.78788,7,35,125
199,9,3.79899,7,36,126
200,9,3.81,7,37,127
201,9,3.79104,7,37,127
202,9,3.89109,7,41,131
203,9,3.90148,7,42,132
204,9,3.88235,7,42,132
205,9,3.86341,7,42,132
206,9,3.87379,7,43,133
207,9,3.88406,7,44,134
208,9,3.86538,7,44,134
209,9,3.8756,7,45,135
210,9,3.85714,7,45,135
211,9,3.83886,7,45,135
212,9,3.84906,7,46,136
213,9,3.83099,7,46,136
214,9,3.81308,7,46,136
215,9,3.82326,7,47,137
216,9,3.91667,7,51,141
217,9,3.92627,7,52,142
218,9,3.93578,7,53,143
219,9,3.91781,7,53,143
220,9,3.9,6,0,143
221,9,3.88235,6,0,143
222,9,3.91892,6,2,145
223,9,3.92825,6,3,146
224,9,3.91071,6,3,146
225,9,3.89333,6,3,146
226,9,3.87611,6,3,146
227,9,3.85903,6,3,146
228,9,3.84211,6,3,146
229,9,3.82533,6,3,146
230,9,3.83478,6,4,147
231,9,3.81818,6,4,147
232,9,3.90517,6,8,151
233,9,3.88841,6,8,151
234,9,3.87179,6,8,151
235,9,3.85532,6,8,151
236,9,3.83898,6,8,151
237,9,3.8481,6,9,152
238,9,3.85714,6,10,153
239,9,3.86611,6,11,154
240,9,3.95,6,15,158
241,9,3.93361,6,15,158
242,9,3.91736,6,15,158
243,9,3.90123,6,15,158
244,9,3.90984,6,16,159
245,9,3.91837,6,17,160
246,9,3.90244,6,17,160
247,9,3.91093,6,18,161
248,9,3.89516,6,18,161
249,9,3.90361,6,19,162
250,9,3.936,6,21,164
251,9,4.01594,6,25,168
252,9,4.09524,6,29,172
