1,0,0,10,0,0
2,0,0,10,0,0
3,0,0,10,0,0
4,0,0,10,0,0
5,0,0,10,0,0
6,0,4,10,4,4
7,0,4.28571,10,5,5
8,0,3.75,10,5,5
9,0,4.66667,10,7,7
10,0,4.8,10,8,8
11,0,6.54545,10,12,12
12,0,6,10,12,12
13,0,5.53846,10,12,12
14,0,5.14286,10,12,12
15,0,4.8,10,12,12
16,0,4.5,10,12,12
17,0,4.23529,10,12,12
18,0,4,10,12,12
19,0,3.78947,10,12,12
20,0,3.6,10,12,12
21,0,3.42857,10,12,12
22,0,4.36364,10,16,16
23,0,4.43478,10,17,17
24,0,4.25,10,17,17
25,0,4.08,10,17,17
26,0,3.92308,10,17,17
27,0,3.77778,10,17,17
28,0,3.85714,10,18,18
29,0,3.72414,10,18,18
30,0,3.8,10,19,19
31,0,3.87097,10,20,20
32,0,3.75,10,20,20
33,0,3.63636,10,20,20
34,0,3.52941,10,20,20
35,0,3.42857,10,20,20
36,0,3.33333,10,20,20
37,0,3.24324,10,20,20
38,0,3.15789,10,20,20
39,0,3.07692,10,20,20
40,0,3.6,10,24,24
41,0,3.5122,10,24,24
42,0,3.42857,10,24,24
43,0,3.34884,10,24,24
44,0,3.81818,10,28,28
45,0,3.86667,10,29,29
46,0,3.78261,10,29,29
47,0,3.70213,10,29,29
48,0,3.625,10,29,29
49,0,3.55102,10,29,29
50,0,3.96,10,33,33
51,0,4,10,34,34
52,0,3.92308,10,34,34
53,0,3.84906,10,34,34
54,0,3.88889,10,35,35
55,0,3.92727,10,36,36
56,0,3.96429,10,37,37
57,0,3.89474,10,37,37
58,0,4.03448,10,39,39
59,0,3.9661,10,39,39
60,0,4,10,40,40
61,0,4.13115,10,42,42
62,0,4.25806,10,44,44
63,0,4.57143,10,48,48
64,0,4.59375,10,49,49
65,0,4.52308,10,49,49
66,0,4.54545,10,50,50
67,0,4.56716,10,51,51
68,0,4.5,10,51,51
69,0,4.52174,10,52,52
70,0,4.54286,10,53,53
71,0,4.56338,10,54,54
72,0,4.5,10,54,54
73,0,4.43836,10,54,54
74,0,4.37838,10,54,54
75,0,4.32,10,54,54
76,0,4.26316,10,54,54
77,0,4.51948,10,58,58
78,0,4.61538,10,60,60
79,0,4.70886,10,62,62
80,0,4.65,10,62,62
81,0,4.66667,10,63,63
82,0,4.60976,10,63,63
83,0,4.55422,10,63,63
84,0,4.78571,10,67,67
85,0,4.8,10,68,68
86,0,4.81395,10,69,69
87,0,4.75862,10,69,69
88,0,4.70455,10,69,69
89,0,4.65169,10,69,69
90,0,4.6,10,69,69
91,0,4.54945,10,69,69
92,0,4.5,10,69,69
93,0,4.45161,10,69,69
94,0,4.40426,10,69,69
95,0,4.42105,10,70,70
96,0,4.4375,10,71,71
97,0,4.45361,10,72,72
98,0,4.40816,9,0,72
99,0,4.42424,9,1,73
100,0,4.38,9,1,73
101,0,4.39604,9,2,74
102,0,4.35294,9,2,74
103,0,4.31068,9,2,74
104,0,4.32692,9,3,75
105,0,4.34286,9,4,76
106,0,4.35849,9,5,77
107,0,4.37383,9,6,78
108,0,4.38889,9,7,79
109,0,4.34862,9,7,79
110,0,4.30909,9,7,79
111,0,4.32432,9,8,80
112,0,4.33929,9,9,81
113,0,4.30088,9,9,81
114,0,4.31579,9,10,82
115,0,4.33043,9,11,83
116,0,4.34483,9,12,84
117,0,4.30769,9,12,84
118,0,4.32203,9,13,85
119,0,4.28571,9,13,85
120,0,4.25,9,13,85
121,0,4.21488,9,13,85
122,0,4.22951,9,14,86
123,0,4.19512,9,14,86
124,0,4.20968,9,15,87
125,0,4.224,9,16,88
126,0,4.19048,9,16,88
127,0,4.15748,9,16,88
128,0,4.125,9,16,88
129,0,4.09302,9,16,88
130,0,4.06154,9,16,88
131,0,4.03053,9,16,88
132,0,4.04545,9,17,89
133,0,4.01504,9,17,89
134,0,3.98507,9,17,89
135,0,3.95556,9,17,89
136,0,3.92647,9,17,89
137,0,3.94161,9,18,90
138,0,3.91304,9,18,90
139,0,3.92806,9,19,91
140,0,3.9,9,19,91
141,0,3.95745,9,21,93
142,0,3.97183,9,22,94
143,0,4.02797,9,24,96
144,0,4.04167,9,25,97
145,0,4.05517,9,26,98
146,0,4.0274,9,26,98
147,0,4.04082,9,27,99
148,0,4.05405,9,28,100
149,0,4.06711,9,29,101
150,0,4.04,9,29,101
151,0,4.05298,9,30,102
152,0,4.06579,9,31,103
153,0,4.11765,9,33,105
154,0,4.12987,9,34,106
155,0,4.10323,9,34,106
156,0,4.07692,9,34,106
157,0,4.05096,9,34,106
158,0,4.02532,9,34,106
159,0,4.03774,9,35,107
160,0,4.0125,9,35,107
161,0,3.98758,9,35,107
162,0,4,9,36,108
163,0,3.97546,9,36,108
164,0,3.9878,9,37,109
165,0,3.96364,9,37,109
166,0,3.9759,9,38,110
167,1,3.98802,9,39,111
168,1,4,9,40,112
169,1,4.04734,9,42,114
170,1,4.05882,9,43,115
171,1,4.07018,9,44,116
172,1,4.0814,9,45,117
173,1,4.0578,9,45,117
174,1,4.06897,9,46,118
175,1,4.08,9,47,119
176,1,4.09091,9,48,120
177,1,4.10169,9,49,121
178,1,4.07865,9,49,121
179,1,4.08939,9,50,122
180,1,4.06667,9,50,122
181,1,4.07735,9,51,123
182,1,4.08791,9,52,124
183,1,4.09836,9,53,125
184,1,4.1087,9,54,126
185,1,4.11892,9,55,127
186,1,4.12903,9,56,128
187,1,4.10695,8,0,128
188,1,4.08511,8,0,128
189,1,4.06349,8,0,128
190,1,4.04211,8,0,128
191,1,4.02094,8,0,128
192,1,4,8,0,128
193,1,3.97927,8,0,128
194,1,3.98969,8,1,129
195,1,3.96923,8,1,129
196,1,3.94898,7,0,129
197,1,3.92893,7,0,129
198,1,3.93939,7,1,130
199,1,3.9196,7,1,130
200,1,3.9,7,1,130
201,1,3.8806,7,1,130
202,1,3.89109,7,2,131
203,1,3.90148,7,3,132
204,1,3.88235,7,3,132
205,1,3.89268,7,4,133
206,1,3.87379,7,4,133
207,1,3.85507,7,4,133
208,1,3.86538,7,5,134
209,1,3.8756,7,6,135
210,1,3.85714,7,6,135
211,1,3.89573,7,8,137
212,1,3.93396,7,10,139
213,1,3.91549,7,10,139
214,1,3.92523,7,11,140
215,1,4.0186,7,15,144
216,1,4,7,15,144
217,1,3.98157,7,15,144
218,1,4.07339,7,19,148
219,1,4.08219,7,20,149
220,1,4.06364,7,20,149
221,1,4.0724,7,21,150
222,1,4.08108,7,22,151
223,1,4.08969,7,23,152
224,1,4.125,7,25,154
225,1,4.10667,7,25,154
226,1,4.11504,7,26,155
227,1,4.20264,7,30,159
228,1,4.18421,7,30,159
229,1,4.16594,7,30,159
230,1,4.17391,7,31,160
231,1,4.15584,7,31,160
232,1,4.16379,7,32,161
233,1,4.17167,7,33,162
234,1,4.15385,7,33,162
235,1,4.13617,7,33,162
236,2,4.14407,7,34,163
237,2,4.1519,7,35,164
238,2,4.13445,7,35,164
239,2,4.11715,7,35,164
240,2,4.125,7,36,165
241,2,4.13278,7,37,166
242,2,4.1405,7,38,167
243,2,4.14815,7,39,168
244,2,4.13115,7,39,168
245,2,4.13878,7,40,169
246,2,4.14634,7,41,170
247,2,4.12955,7,41,170
248,2,4.1129,7,41,170
249,2,4.12048,7,42,171
250,3,4.128,7,43,172
251,3,4.11155,7,43,172
252,3,4.09524,7,43,172
253,3,4.07905,6,0,172
254,3,4.08661,6,1,173
255,3,4.09412,6,2,174
256,3,4.10156,6,3,175
257,3,4.10895,6,4,176
258,3,4.11628,6,5,177
259,3,4.12355,6,6,178
260,3,4.13077,6,7,179
261,3,4.13793,6,8,180
262,3,4.16794,6,10,182
263,3,4.1749,6,11,183
264,3,4.15909,6,11,183
265,3,4.1434,6,11,183
266,7,4.21805,6,15,187
267,7,4.22472,6,16,188
268,7,4.23134,6,17,189
269,7,4.23792,6,18,190
270,7,4.24444,6,19,191
271,7,4.25092,6,20,192
272,7,4.25735,6,21,193
273,7,4.28571,6,23,195
274,7,4.29197,6,24,196
275,7,4.29818,6,25,197
276,7,4.28261,6,25,197
277,8,4.28881,6,26,198
278,8,4.27338,6,26,198
279,8,4.25806,6,26,198
280,8,4.28571,6,28,200
281,8,4.27046,5,0,200
282,8,4.25532,5,0,200
283,8,4.24028,5,0,200
284,8,4.22535,5,0,200
285,8,4.29474,5,4,204
286,8,4.32168,5,6,206
287,8,4.32753,5,7,207
288,8,4.3125,5,7,207
289,8,4.29758,5,7,207
290,8,4.28276,5,7,207
291,8,4.28866,5,8,208
292,8,4.39726,5,14,214
293,8,4.40273,5,15,215
294,8,4.40816,5,16,216
295,8,4.41356,5,17,217
296,8,4.41892,5,18,218
297,8,4.52525,5,24,224
298,9,4.5302,5,25,225
299,9,4.53512,5,26,226
300,9,4.52,5,26,226
301,9,4.52492,5,27,227
302,9,4.5298,5,28,228
303,10,4.53465,5,29,229