1,0,24,10,4,4
2,0,24,10,8,8
3,1,18,10,9,9
4,1,13.5,10,9,9
5,1,10.8,10,9,9
6,1,9,10,9,9
7,6,12,10,14,14
8,6,13.5,10,18,18
9,6,12.6667,10,19,19
10,6,11.4,10,19,19
11,6,10.9091,10,20,20
12,6,10,10,20,20
13,6,9.23077,10,20,20
14,6,8.57143,10,20,20
15,6,8,10,20,20
16,6,7.5,10,20,20
17,6,7.41176,10,21,21
18,6,7,10,21,21
19,6,6.63158,10,21,21
20,6,6.3,10,21,21
21,6,6,10,21,21
22,6,5.72727,10,21,21
23,6,6.52174,10,25,25
24,6,6.25,10,25,25
25,6,6,10,25,25
26,6,5.76923,10,25,25
27,6,5.55556,9,0,25
28,6,5.35714,9,0,25
29,6,5.17241,9,0,25
30,6,5,9,0,25
31,6,5.6129,9,4,29
32,6,5.4375,9,4,29
33,6,5.45455,9,5,30
34,6,5.47059,9,6,31
35,6,5.31429,9,6,31
36,6,5.16667,9,6,31
37,6,5.02703,9,6,31
38,6,5.05263,9,7,32
39,6,4.92308,9,7,32
40,6,4.8,9,7,32
41,6,4.68293,9,7,32
42,6,4.71429,9,8,33
43,6,4.60465,9,8,33
44,6,4.5,9,8,33
45,6,4.93333,9,12,37
46,6,4.95652,9,13,38
47,6,5.3617,9,17,42
48,6,5.375,9,18,43
49,7,5.38776,9,19,44
50,7,5.4,9,20,45
51,7,5.29412,8,0,45
52,7,5.30769,8,1,46
53,7,5.20755,8,1,46
54,7,5.11111,8,1,46
55,7,5.01818,8,1,46
56,7,4.92857,8,1,46
57,7,4.84211,8,1,46
58,7,4.75862,8,1,46
59,7,4.77966,8,2,47
60,7,4.7,8,2,47
61,7,4.72131,8,3,48
62,7,4.74194,8,4,49
63,7,4.66667,8,4,49
64,7,4.6875,8,5,50
65,7,4.61538,8,5,50
66,7,4.54545,8,5,50
67,7,4.47761,8,5,50
68,7,4.41176,8,5,50
69,7,4.43478,8,6,51
70,7,4.45714,8,7,52
71,7,4.39437,8,7,52
72,7,4.41667,8,8,53
73,7,4.43836,8,9,54
74,7,4.7027,8,13,58
75,7,4.64,8,13,58
76,7,4.89474,8,17,62
77,7,4.90909,8,18,63
78,7,4.92308,8,19,64
79,8,4.93671,8,20,65
80,8,4.875,8,20,65
81,10,4.96296,8,22,67
82,10,4.90244,8,22,67
83,10,4.84337,8,22,67
84,10,4.78571,8,22,67
85,10,4.72941,8,22,67
86,10,4.95349,8,26,71
87,10,4.96552,8,27,72
88,10,4.90909,8,27,72
89,10,4.85393,8,27,72
90,10,4.8,8,27,72
91,10,4.81319,8,28,73
92,10,4.76087,8,28,73
93,10,4.77419,8,29,74
94,10,4.78723,8,30,75
95,10,4.73684,8,30,75
96,10,4.75,8,31,76
97,10,4.76289,8,32,77
98,10,4.71429,8,32,77
99,10,4.72727,8,33,78
100,10,4.68,8,33,78
101,10,4.69307,8,34,79
102,10,4.70588,8,35,80
103,11,4.71845,8,36,81
104,11,4.67308,8,36,81
105,11,4.97143,8,42,87
106,12,4.98113,8,43,88
107,12,4.93458,8,43,88
108,12,4.94444,8,44,89
109,12,4.89908,8,44,89
110,12,4.90909,8,45,90
111,12,5.08108,8,49,94
112,12,5.08929,8,50,95
113,12,5.09735,8,51,96
114,12,5.10526,8,52,97
115,12,5.06087,8,52,97
116,12,5.06897,8,53,98
117,12,5.07692,8,54,99
118,12,5.08475,8,55,100
119,13,5.09244,8,56,101
120,13,5.05,8,56,101
121,13,5.00826,8,56,101
122,13,4.96721,8,56,101
123,13,4.92683,8,56,101
124,13,4.8871,8,56,101
125,13,4.896,8,57,102
126,13,4.85714,8,57,102
127,13,4.86614,8,58,103
128,13,4.82812,7,0,103
129,13,4.7907,7,0,103
130,13,4.8,7,1,104
131,13,4.80916,7,2,105
132,13,4.77273,7,2,105
133,13,4.73684,7,2,105
134,13,4.74627,7,3,106
135,13,4.75556,7,4,107
136,13,4.72059,7,4,107
137,13,4.86131,7,8,111
138,13,4.86957,7,9,112
139,13,4.83453,7,9,112
140,13,4.8,7,9,112
141,14,4.80851,7,10,113
142,14,4.8169,7,11,114
143,14,4.78322,7,11,114
144,14,4.75,7,11,114
145,14,4.71724,7,11,114
146,14,4.68493,7,11,114
147,14,4.69388,7,12,115
148,14,4.7027,7,13,116
149,14,4.83221,7,17,120
150,14,4.84,7,18,121
151,14,4.84768,7,19,122
152,14,4.81579,7,19,122
153,14,4.82353,7,20,123
154,14,4.83117,7,21,124
155,14,4.83871,7,22,125
156,14,4.84615,7,23,126
157,14,4.8535,7,24,127
158,15,4.86076,7,25,128
159,15,4.83019,7,25,128
160,15,4.8,7,25,128
161,15,4.91925,7,29,132
162,15,4.88889,7,29,132
163,15,4.8589,7,29,132
164,15,4.82927,7,29,132
165,15,4.8,7,29,132
166,15,4.77108,7,29,132
167,15,4.77844,7,30,133
168,16,4.78571,7,31,134
169,16,4.7574,7,31,134
170,16,4.72941,7,31,134
171,16,4.77193,7,33,136
172,16,4.74419,7,33,136
173,16,4.71676,7,33,136
174,16,4.72414,7,34,137
175,16,4.73143,7,35,138
176,16,4.73864,7,36,139
177,16,4.71186,7,36,139
178,16,4.7191,7,37,140
179,16,4.69274,7,37,140
180,16,4.66667,7,37,140
181,16,4.67403,7,38,141
182,16,4.64835,7,38,141
183,16,4.62295,7,38,141
184,16,4.59783,7,38,141
185,16,4.57297,7,38,141
186,16,4.54839,7,38,141
187,16,4.55615,7,39,142
188,16,4.53191,7,39,142
189,16,4.50794,7,39,142
190,16,4.51579,7,40,143
191,16,4.49215,7,40,143
192,16,4.46875,7,40,143
193,16,4.4456,7,40,143
194,16,4.45361,7,41,144
195,16,4.49231,7,43,146
196,16,4.5,7,44,147
197,16,4.47716,7,44,147
198,16,4.48485,7,45,148
199,16,4.58291,7,49,152
200,16,4.59,7,50,153
201,16,4.56716,7,50,153
202,16,4.66337,7,54,157
203,16,4.72906,7,57,160
204,16,4.73529,7,58,161
205,16,4.74146,7,59,162
206,16,4.83495,7,63,166
207,16,4.84058,7,64,167
208,16,4.81731,7,64,167
209,16,4.79426,6,0,167
210,16,4.77143,6,0,167
211,16,4.77725,6,1,168
212,16,4.86792,6,5,172
213,16,4.87324,6,6,173
214,16,4.85047,6,6,173
215,16,4.85581,6,7,174
216,16,4.88889,6,9,176
217,16,4.86636,6,9,176
218,16,4.84404,6,9,176
219,16,4.82192,6,9,176
220,16,4.96364,6,15,182
221,16,4.96833,6,16,183
222,16,4.94595,6,16,183
223,16,4.92377,5,0,183
224,18,4.95536,5,2,185
225,18,4.96,5,3,186
226,18,4.93805,5,3,186
227,18,4.9163,5,3,186
228,18,4.89474,5,3,186
229,18,4.87336,4,0,186
230,18,4.95652,4,4,190
231,18,4.96104,4,5,191
232,18,4.93966,4,5,191
233,18,4.94421,4,6,192
234,18,4.97436,4,8,194
235,18,4.95319,4,8,194
236,19,4.95763,4,9,195
237,19,4.93671,4,9,195
238,19,4.91597,4,9,195
239,20,4.9205,4,10,196
240,20,4.925,4,11,197
241,20,4.95436,4,13,199
242,20,4.93388,4,13,199
243,20,4.93827,4,14,200
244,21,4.94262,4,15,201
245,21,4.92245,4,15,201
246,21,4.90244,3,0,201
247,21,4.88259,3,0,201
248,21,4.8629,3,0,201
249,21,4.86747,3,1,202
250,21,4.848,3,1,202
251,21,4.82869,3,1,202
252,21,4.83333,3,2,203
253,21,4.81423,3,2,203
254,21,4.79528,3,2,203
255,21,4.8,3,3,204
256,21,4.80469,3,4,205
257,21,4.80934,3,5,206
258,21,4.7907,3,5,206
259,21,4.7722,3,5,206
260,21,4.77692,3,6,207
261,22,4.78161,3,7,208
262,22,4.90076,3,13,214
263,22,4.90494,3,14,215
264,22,4.90909,3,15,216
265,22,4.89057,3,15,216
266,22,4.89474,3,16,217
267,22,4.8764,3,16,217
268,22,4.94776,3,20,221
269,22,4.92937,3,20,221
270,22,4.93333,3,21,222
271,22,4.91513,3,21,222
272,22,4.89706,3,21,222
273,22,4.9011,3,22,223
274,22,4.9708,3,26,227
275,22,4.97455,3,27,228
276,22,4.97826,3,28,229
277,22,4.98195,3,29,230
278,22,5.09353,3,35,236
279,22,5.09677,3,36,237
280,22,5.16429,3,40,241
281,22,5.14591,3,40,241
282,22,5.14894,3,41,242
283,22,5.15194,3,42,243
284,22,5.15493,3,43,244
285,22,5.13684,3,43,244
286,22,5.13986,3,44,245
287,22,5.14286,3,45,246
288,22,5.20833,3,49,250
289,22,5.21107,3,50,251
290,23,5.21379,3,51,252
291,23,5.21649,3,52,253
292,23,5.32192,3,58,259
293,23,5.38567,3,62,263
294,23,5.36735,3,62,263
295,23,5.34915,3,62,263
296,23,5.35135,3,63,264
297,23,5.35354,3,64,265
298,23,5.41611,3,68,269
299,23,5.47826,3,72,273
300,23,5.48,3,73,274
301,23,5.54153,3,77,278
302,23,5.64238,3,83,284
303,24,5.64356,3,84,285
304,24,5.625,2,0,285
305,24,5.62623,2,1,286
306,24,5.60784,2,1,286
307,24,5.60912,2,2,287
308,24,5.61039,2,3,288
