1,0,0,10,0,0
2,0,0,10,0,0
3,0,0,10,0,0
4,0,0,10,0,0
5,0,1.2,10,1,1
6,0,1,10,1,1
7,0,0.857143,10,1,1
8,3,3,10,4,4
9,3,2.66667,10,4,4
10,3,2.4,10,4,4
11,8,4.90909,10,9,9
12,8,4.5,10,9,9
13,8,4.15385,10,9,9
14,8,3.85714,10,9,9
15,8,3.6,10,9,9
16,8,3.375,10,9,9
17,13,4.94118,10,14,14
18,13,6.66667,10,20,20
19,13,6.31579,10,20,20
20,13,6.3,10,21,21
21,13,6,10,21,21
22,13,5.72727,10,21,21
23,13,5.47826,10,21,21
24,13,5.25,10,21,21
25,13,5.04,10,21,21
26,13,4.84615,10,21,21
27,13,4.66667,10,21,21
28,13,4.5,9,0,21
29,13,4.75862,9,2,23
30,13,4.6,9,2,23
31,13,4.64516,9,3,24
32,14,4.6875,9,4,25
33,14,4.54545,8,0,25
34,14,4.41176,8,0,25
35,14,4.28571,8,0,25
36,14,4.16667,8,0,25
37,14,4.05405,8,0,25
38,14,3.94737,8,0,25
39,14,3.84615,8,0,25
40,14,3.75,8,0,25
41,14,3.65854,8,0,25
42,14,4.14286,8,4,29
43,14,4.04651,8,4,29
44,14,3.95455,8,4,29
45,14,4.13333,8,6,31
46,14,4.04348,8,6,31
47,14,3.95745,8,6,31
48,14,3.875,8,6,31
49,14,3.79592,8,6,31
50,14,3.84,8,7,32
51,14,3.76471,7,0,32
52,14,3.69231,7,0,32
53,14,3.62264,7,0,32
54,14,3.55556,7,0,32
55,14,3.49091,7,0,32
56,14,3.64286,7,2,34
57,14,4,7,6,38
58,14,3.93103,7,6,38
59,14,3.9661,7,7,39
60,14,3.9,7,7,39
61,14,4.22951,7,11,43
62,14,4.16129,7,11,43
63,14,4.09524,7,11,43
64,14,4.03125,7,11,43
65,14,3.96923,7,11,43
66,14,3.90909,7,11,43
67,14,3.85075,7,11,43
68,14,3.79412,7,11,43
69,14,3.73913,7,11,43
70,14,3.68571,7,11,43
71,15,3.71831,7,12,44
72,15,3.66667,7,12,44
73,15,3.61644,7,12,44
74,15,3.64865,7,13,45
75,15,3.68,7,14,46
76,20,4.02632,7,19,51
77,20,3.97403,7,19,51
78,21,4.23077,7,23,55
79,21,4.17722,7,23,55
80,21,4.125,7,23,55
81,21,4.07407,7,23,55
82,21,4.02439,7,23,55
83,21,4.04819,7,24,56
84,21,4,7,24,56
85,21,3.95294,7,24,56
86,21,3.90698,7,24,56
87,22,3.93103,7,25,57
88,22,4.15909,7,29,61
89,22,4.11236,7,29,61
90,22,4.06667,7,29,61
91,22,4.08791,7,30,62
92,22,4.1087,7,31,63
93,22,4.06452,7,31,63
94,22,4.02128,7,31,63
95,22,4.04211,7,32,64
96,22,4.0625,7,33,65
97,22,4.08247,7,34,66
98,22,4.04082,7,34,66
99,22,4,7,34,66
100,22,4.02,7,35,67
101,22,3.9802,7,35,67
102,22,4,7,36,68
103,22,4.01942,7,37,69
104,22,4.09615,7,39,71
105,22,4.11429,7,40,72
106,22,4.13208,7,41,73
107,22,4.31776,7,45,77
108,22,4.33333,7,46,78
109,22,4.34862,7,47,79
110,22,4.30909,7,47,79
111,22,4.27027,7,47,79
112,22,4.28571,7,48,80
113,22,4.30088,7,49,81
114,22,4.31579,7,50,82
115,22,4.27826,7,50,82
116,22,4.2931,7,51,83
117,22,4.25641,7,51,83
118,22,4.22034,7,51,83
119,22,4.23529,7,52,84
120,22,4.2,7,52,84
121,22,4.21488,7,53,85
122,22,4.18033,6,0,85
123,22,4.14634,6,0,85
124,22,4.16129,6,1,86
125,22,4.176,6,2,87
126,22,4.19048,6,3,88
127,22,4.15748,6,3,88
128,22,4.17188,6,4,89
129,22,4.13953,6,4,89
130,22,4.15385,6,5,90
131,22,4.21374,6,7,92
132,22,4.22727,6,8,93
133,22,4.19549,6,8,93
134,22,4.16418,6,8,93
135,22,4.13333,6,8,93
136,22,4.10294,6,8,93
137,22,4.11679,6,9,94
138,22,4.08696,6,9,94
139,22,4.10072,6,10,95
140,22,4.07143,6,10,95
141,22,4.04255,6,10,95
142,22,4.05634,6,11,96
143,22,4.06993,6,12,97
144,22,4.20833,6,16,101
145,22,4.22069,6,17,102
146,22,4.35616,6,21,106
147,22,4.32653,6,21,106
148,22,4.33784,6,22,107
149,22,4.38926,6,24,109
150,22,4.4,6,25,110
151,22,4.37086,6,25,110
152,22,4.38158,6,26,111
153,22,4.39216,6,27,112
154,22,4.36364,6,27,112
155,22,4.37419,6,28,113
156,22,4.34615,6,28,113
157,22,4.35669,6,29,114
158,23,4.36709,6,30,115
159,23,4.33962,6,30,115
160,23,4.3125,6,30,115
161,23,4.32298,6,31,116
162,23,4.2963,6,31,116
163,23,4.30675,6,32,117
164,23,4.28049,6,32,117
165,23,4.25455,6,32,117
166,23,4.26506,6,33,118
167,24,4.27545,6,34,119
168,24,4.28571,6,35,120
169,24,4.29586,6,36,121
170,25,4.30588,6,37,122
171,25,4.2807,6,37,122
172,25,4.2907,6,38,123
173,25,4.30058,6,39,124
174,25,4.41379,6,43,128
175,25,4.42286,6,44,129
176,25,4.43182,6,45,130
177,25,4.44068,6,46,131
178,25,4.44944,6,47,132
179,25,4.4581,6,48,133
180,25,4.5,6,50,135
181,25,4.50829,6,51,136
182,25,4.51648,6,52,137
183,25,4.52459,6,53,138
184,25,4.53261,6,54,139
185,25,4.54054,6,55,140
186,25,4.54839,6,56,141
187,25,4.55615,6,57,142
188,25,4.56383,6,58,143
189,25,4.53968,6,58,143
190,25,4.51579,6,58,143
191,25,4.49215,6,58,143
192,25,4.46875,6,58,143
193,25,4.50777,6,60,145
194,25,4.6701,6,66,151
195,25,4.64615,6,66,151
196,26,4.65306,6,67,152
197,26,4.62944,6,67,152
198,26,4.63636,6,68,153
199,26,4.61307,6,68,153
200,26,4.59,5,0,153
201,26,4.56716,5,0,153
202,26,4.54455,5,0,153
203,26,4.55172,5,1,154
204,26,4.52941,5,1,154
205,26,4.50732,5,1,154
206,26,4.51456,5,2,155
207,26,4.49275,5,2,155
208,26,4.47115,4,0,155
209,26,4.44976,4,0,155
210,26,4.42857,4,0,155
211,26,4.40758,4,0,155
212,26,4.38679,4,0,155
213,26,4.39437,4,1,156
214,26,4.40187,4,2,157
215,26,4.3814,4,2,157
216,26,4.36111,4,2,157
217,26,4.36866,4,3,158
218,26,4.37615,4,4,159
219,26,4.35616,4,4,159
220,26,4.36364,4,5,160
221,26,4.37104,4,6,161
222,26,4.40541,4,8,163
223,26,4.49327,4,12,167
224,26,4.47321,4,12,167
225,26,4.48,4,13,168
226,26,4.46018,4,13,168
227,26,4.46696,4,14,169
228,26,4.47368,4,15,170
229,26,4.45415,4,15,170
230,26,4.53913,4,19,174
231,26,4.51948,4,19,174
232,26,4.5,4,19,174
233,26,4.55794,4,22,177
234,26,4.5641,4,23,178
235,26,4.54468,4,23,178
236,26,4.55085,4,24,179
237,26,4.53165,4,24,179
238,26,4.61345,4,28,183
239,26,4.64435,4,30,185
240,26,4.625,4,30,185
241,26,4.63071,4,31,186
242,26,4.61157,4,31,186
243,26,4.59259,3,0,186
244,26,4.59836,3,1,187
245,26,4.57959,3,1,187
246,26,4.56098,3,1,187
247,26,4.54251,3,1,187
248,26,4.52419,3,1,187
249,26,4.50602,3,1,187
250,26,4.488,3,1,187
251,26,4.47012,3,1,187
252,26,4.45238,3,1,187
253,26,4.4585,3,2,188
254,26,4.48819,3,4,190
255,26,4.47059,3,4,190
256,26,4.47656,3,5,191
257,26,4.45914,3,5,191
258,26,4.44186,3,5,191
259,26,4.47104,3,7,193
260,26,4.47692,3,8,194
261,26,4.45977,3,8,194
262,26,4.46565,3,9,195
263,27,4.47148,3,10,196
264,27,4.45455,3,10,196
265,27,4.43774,3,10,196
266,27,4.44361,3,11,197
267,27,4.42697,3,11,197
268,28,4.43284,3,12,198
269,28,4.46097,3,14,200
270,28,4.46667,3,15,201
271,28,4.47232,3,16,202
272,28,4.54412,3,20,206
273,28,4.54945,3,21,207
274,29,4.55474,3,22,208
275,29,4.56,3,23,209
276,29,4.63043,3,27,213
277,29,4.61372,3,27,213
278,29,4.59712,3,27,213
279,29,4.58065,3,27,213
280,29,4.58571,3,28,214
281,29,4.5694,2,0,214
282,29,4.57447,2,1,215
283,29,4.60071,2,3,217
284,29,4.60563,2,4,218
285,29,4.58947,2,4,218
286,29,4.57343,2,4,218
287,29,4.55749,2,4,218
288,29,4.54167,2,4,218
289,29,4.52595,2,4,218
290,29,4.53103,2,5,219
291,29,4.51546,2,5,219
292,29,4.5,2,5,219
293,29,4.48464,2,5,219
294,29,4.46939,2,5,219
295,29,4.57627,2,11,225
296,29,4.60135,2,13,227
297,29,4.58586,2,13,227
298,29,4.5906,2,14,228
299,29,4.57525,2,14,228
300,29,4.56,2,14,228
301,29,4.54485,2,14,228
302,29,4.54967,2,15,229
303,29,4.55446,2,16,230
304,29,4.55921,2,17,231
305,29,4.58361,2,19,233
306,29,4.60784,2,21,235
307,29,4.61238,2,22,236
308,29,4.61688,2,23,237
309,29,4.60194,2,23,237
310,29,4.62581,2,25,239
311,29,4.64952,2,27,241
312,29,4.63462,1,0,241