1,0,0,10,0,0
2,0,0,10,0,0
3,0,2,10,1,1
4,1,3,10,2,2
5,1,2.4,10,2,2
6,1,2,10,2,2
7,1,2.57143,10,3,3
8,1,5.25,10,7,7
9,1,4.66667,10,7,7
10,1,4.2,10,7,7
11,1,4.90909,10,9,9
12,1,4.5,10,9,9
13,1,4.15385,10,9,9
14,1,3.85714,10,9,9
15,1,3.6,10,9,9
16,1,3.375,10,9,9
17,1,3.17647,10,9,9
18,1,3,10,9,9
19,1,2.84211,10,9,9
20,1,2.7,10,9,9
21,1,2.57143,10,9,9
22,1,2.72727,10,10,10
23,1,2.6087,10,10,10
24,1,2.5,10,10,10
25,1,3.12,10,13,13
26,1,3,10,13,13
27,1,2.88889,10,13,13
28,1,2.78571,10,13,13
29,1,2.68966,10,13,13
30,1,3.4,10,17,17
31,1,4.06452,10,21,21
32,1,3.9375,10,21,21
33,1,3.81818,10,21,21
34,1,3.70588,10,21,21
35,1,3.6,10,21,21
36,1,3.5,10,21,21
37,1,3.40541,10,21,21
38,1,3.31579,10,21,21
39,1,3.84615,10,25,25
40,1,3.75,10,25,25
41,1,3.80488,10,26,26
42,1,3.71429,10,26,26
43,1,3.62791,10,26,26
44,1,3.54545,10,26,26
45,1,3.46667,10,26,26
46,1,3.3913,10,26,26
47,1,3.82979,10,30,30
48,1,3.75,10,30,30
49,1,3.79592,10,31,31
50,1,3.72,10,31,31
51,1,3.64706,10,31,31
52,1,3.57692,10,31,31
53,1,3.62264,10,32,32
54,2,3.66667,10,33,33
55,2,3.6,10,33,33
56,2,3.53571,9,0,33
57,2,3.57895,9,1,34
58,2,3.51724,9,1,34
59,2,3.45763,9,1,34
60,2,3.4,9,1,34
61,2,3.7377,9,5,38
62,2,3.67742,9,5,38
63,2,3.61905,9,5,38
64,2,3.5625,9,5,38
65,2,3.6,9,6,39
66,2,3.63636,9,7,40
67,2,3.58209,9,7,40
68,2,3.52941,9,7,40
69,2,3.47826,9,7,40
70,2,3.42857,9,7,40
71,2,3.71831,9,11,44
72,2,4,9,15,48
73,3,4.0274,9,16,49
74,3,3.97297,9,16,49
75,3,3.92,9,16,49
76,3,4.18421,9,20,53
77,3,4.20779,9,21,54
78,3,4.23077,9,22,55
79,3,4.17722,9,22,55
80,3,4.575,9,28,61
81,3,4.59259,9,29,62
82,3,4.53659,9,29,62
83,3,4.55422,9,30,63
84,3,4.57143,9,31,64
85,3,4.65882,9,33,66
86,3,4.60465,9,33,66
87,3,4.55172,9,33,66
88,3,4.5,9,33,66
89,3,4.44944,9,33,66
90,3,4.4,9,33,66
91,3,4.35165,9,33,66
92,3,4.56522,9,37,70
93,3,4.51613,9,37,70
94,3,4.53191,9,38,71
95,3,4.48421,9,38,71
96,3,4.4375,9,38,71
97,3,4.45361,9,39,72
98,3,4.46939,9,40,73
99,3,4.42424,9,40,73
100,3,4.38,9,40,73
101,3,4.33663,8,0,73
102,3,4.29412,8,0,73
103,3,4.31068,8,1,74
104,3,4.26923,8,1,74
105,3,4.22857,8,1,74
106,3,4.24528,8,2,75
107,3,4.20561,8,2,75
108,3,4.22222,8,3,76
109,3,4.23853,8,4,77
110,3,4.2,8,4,77
111,3,4.21622,8,5,78
112,3,4.17857,8,5,78
113,3,4.14159,8,5,78
114,3,4.15789,8,6,79
115,3,4.12174,8,6,79
116,3,4.08621,8,6,79
117,3,4.05128,8,6,79
118,3,4.01695,8,6,79
119,3,4.03361,8,7,80
120,4,4.05,8,8,81
121,4,4.01653,8,8,81
122,4,3.98361,8,8,81
123,4,3.95122,8,8,81
124,4,3.91935,8,8,81
125,4,3.936,8,9,82
126,4,3.95238,8,10,83
127,4,3.9685,8,11,84
128,4,4.03125,8,13,86
129,4,4.04651,8,14,87
130,4,4.01538,8,14,87
131,4,4.07634,8,16,89
132,4,4.13636,8,18,91
133,4,4.10526,8,18,91
134,4,4.07463,8,18,91
135,4,4.04444,8,18,91
136,4,4.05882,8,19,92
137,4,4.07299,8,20,93
138,4,4.21739,8,24,97
139,4,4.23022,8,25,98
140,4,4.28571,8,27,100
141,4,4.29787,8,28,101
142,4,4.26761,8,28,101
143,4,4.23776,8,28,101
144,4,4.20833,8,28,101
145,4,4.34483,8,32,105
146,5,4.35616,8,33,106
147,5,4.4898,8,37,110
148,5,4.5,8,38,111
149,5,4.4698,8,38,111
150,5,4.52,8,40,113
151,5,4.49007,8,40,113
152,5,4.5,8,41,114
153,5,4.5098,8,42,115
154,5,4.48052,8,42,115
155,5,4.45161,8,42,115
156,5,4.46154,8,43,116
157,5,4.47134,8,44,117
158,5,4.48101,8,45,118
159,5,4.49057,8,46,119
160,5,4.5,8,47,120
161,5,4.50932,8,48,121
162,5,4.51852,8,49,122
163,5,4.52761,8,50,123
164,5,4.53659,8,51,124
165,5,4.50909,8,51,124
166,5,4.62651,8,55,128
167,5,4.5988,8,55,128
168,5,4.57143,8,55,128
169,5,4.57988,8,56,129
170,5,4.58824,8,57,130
171,5,4.59649,8,58,131
172,5,4.63953,8,60,133
173,5,4.61272,8,60,133
174,5,4.58621,8,60,133
175,5,4.56,8,60,133
176,5,4.56818,8,61,134
177,5,4.54237,8,61,134
178,5,4.55056,8,62,135
179,5,4.55866,8,63,136
180,5,4.56667,8,64,137
181,5,4.57459,8,65,138
182,5,4.61538,8,67,140
183,5,4.62295,8,68,141
184,5,4.63043,8,69,142
185,5,4.67027,8,71,144
186,5,4.67742,8,72,145
187,5,4.68449,8,73,146
188,7,4.7234,8,75,148
189,7,4.73016,8,76,149
190,7,4.70526,8,76,149
191,7,4.80628,8,80,153
192,7,4.8125,8,81,154
193,7,4.81865,8,82,155
194,7,4.79381,8,82,155
195,7,4.76923,8,82,155
196,7,4.7449,8,82,155
197,7,4.75127,8,83,156
198,7,4.72727,8,83,156
199,7,4.82412,8,87,160
200,7,4.83,8,88,161
201,7,4.80597,8,88,161
202,7,4.81188,8,89,162
203,7,4.9064,8,93,166
204,7,4.88235,8,93,166
205,7,4.85854,8,93,166
206,7,4.83495,8,93,166
207,7,4.84058,8,94,167
208,7,4.84615,8,95,168
209,7,4.82297,8,95,168
210,7,4.8,8,95,168
211,7,4.80569,8,96,169
212,7,4.83962,8,98,171
213,7,4.8169,8,98,171
214,7,4.82243,8,99,172
215,7,4.82791,8,100,173
216,7,4.83333,8,101,174
217,7,4.86636,8,103,176
218,7,4.87156,8,104,177
219,7,4.84932,8,104,177
220,7,4.93636,8,108,181
221,7,4.96833,8,110,183
222,7,4.97297,8,111,184
223,7,5.0583,8,115,188
224,8,5.0625,8,116,189
225,8,5.06667,8,117,190
226,8,5.0708,8,118,191
227,8,5.10132,8,120,193
228,8,5.10526,8,121,194
229,8,5.13537,8,123,196
230,8,5.11304,8,123,196
231,8,5.11688,8,124,197
232,8,5.12069,8,125,198
233,8,5.09871,8,125,198
234,8,5.10256,8,126,199
235,8,5.10638,8,127,200
236,8,5.18644,8,131,204
237,8,5.18987,8,132,205
238,8,5.21849,8,134,207
239,8,5.24686,8,136,209
240,8,5.25,8,137,210
241,8,5.22822,8,137,210
242,8,5.2314,8,138,211
243,8,5.20988,8,138,211
244,8,5.21311,8,139,212
245,8,5.21633,8,140,213
246,8,5.21951,8,141,214
247,8,5.22267,8,142,215
248,8,5.20161,8,142,215
249,8,5.22892,8,144,217
250,8,5.232,8,145,218
251,8,5.30677,8,149,222
252,10,5.33333,8,151,224
253,10,5.31225,8,151,224
254,10,5.31496,8,152,225
255,10,5.31765,8,153,226
256,10,5.29688,8,153,226
257,10,5.27626,8,153,226
258,10,5.30233,8,155,228
259,10,5.28185,7,0,228
260,10,5.26154,7,0,228
261,10,5.24138,7,0,228
262,10,5.24427,7,1,229
263,10,5.22433,7,1,229
264,10,5.22727,7,2,230
265,10,5.20755,7,2,230
266,10,5.21053,7,3,231
267,10,5.23596,7,5,233
268,10,5.23881,7,6,234
269,10,5.24164,7,7,235
270,10,5.24444,7,8,236
271,10,5.24723,7,9,237
272,10,5.31618,7,13,241
273,10,5.2967,7,13,241
274,10,5.29927,7,14,242
275,10,5.32364,7,16,244
276,10,5.32609,7,17,245
277,10,5.32852,7,18,246
278,10,5.33094,7,19,247
279,10,5.33333,7,20,248
280,10,5.31429,7,20,248
281,10,5.38078,7,24,252
282,10,5.38298,7,25,253
283,10,5.40636,7,27,255
284,10,5.40845,7,28,256
285,10,5.47368,7,32,260
286,10,5.47552,7,33,261
287,10,5.47735,7,34,262
288,10,5.47917,7,35,263
289,10,5.46021,7,35,263
290,10,5.44138,6,0,263
291,10,5.42268,6,0,263
292,10,5.42466,6,1,264
293,10,5.42662,6,2,265
294,10,5.42857,6,3,266
295,10,5.41017,6,3,266
296,10,5.39189,5,0,266
297,10,5.39394,5,1,267
298,11,5.39597,5,2,268
299,13,5.41806,5,4,270
300,13,5.48,5,8,274
301,13,5.54153,5,12,278
302,13,5.54305,5,13,279
303,13,5.56436,5,15,281
304,13,5.625,5,19,285
305,13,5.60656,5,19,285
306,13,5.66667,5,23,289
307,14,5.66775,5,24,290