1,0,0,10,0,0
2,1,3,10,1,1
3,1,4,10,2,2
4,1,3,10,2,2
5,2,3.6,10,3,3
6,2,4,10,4,4
7,2,4.28571,10,5,5
8,2,4.5,10,6,6
9,3,4.66667,10,7,7
10,4,4.8,10,8,8
11,4,4.90909,10,9,9
12,4,6.5,10,13,13
13,4,6,10,13,13
14,4,7.28571,10,17,17
15,4,8.4,10,21,21
16,5,8.25,10,22,22
17,5,7.76471,10,22,22
18,5,8.66667,10,26,26
19,5,9.47368,10,30,30
20,5,9,10,30,30
21,5,8.85714,10,31,31
22,5,8.45455,10,31,31
23,5,8.6087,10,33,33
24,5,8.25,10,33,33
25,5,8.88,10,37,37
26,5,8.53846,10,37,37
27,5,8.22222,10,37,37
28,6,8.14286,10,38,38
29,6,8.68966,10,42,42
30,6,8.4,10,42,42
31,6,8.32258,10,43,43
32,6,8.25,10,44,44
33,6,8,10,44,44
34,6,7.76471,10,44,44
35,6,7.54286,10,44,44
36,6,7.66667,10,46,46
37,6,7.45946,10,46,46
38,7,7.42105,10,47,47
39,7,7.23077,10,47,47
40,7,7.05,10,47,47
41,7,7.02439,10,48,48
42,7,6.85714,10,48,48
43,7,6.83721,10,49,49
44,7,6.68182,10,49,49
45,7,6.53333,10,49,49
46,7,6.52174,10,50,50
47,7,6.38298,10,50,50
48,7,6.25,10,50,50
49,7,6.12245,10,50,50
50,7,6,10,50,50
51,7,6.35294,10,54,54
52,7,6.69231,10,58,58
53,7,6.56604,10,58,58
54,7,6.44444,10,58,58
55,7,6.32727,10,58,58
56,7,6.21429,10,58,58
57,7,6.52632,10,62,62
58,7,6.41379,10,62,62
59,7,6.71186,10,66,66
60,7,6.7,10,67,67
61,7,6.59016,10,67,67
62,7,6.58065,10,68,68
63,7,7.04762,10,74,74
64,7,6.9375,10,74,74
65,7,7.01538,10,76,76
66,7,6.90909,10,76,76
67,7,6.80597,10,76,76
68,7,6.70588,10,76,76
69,7,6.6087,10,76,76
70,7,6.85714,10,80,80
71,7,6.76056,10,80,80
72,7,6.66667,10,80,80
73,7,6.57534,9,0,80
74,7,6.56757,9,1,81
75,7,6.48,9,1,81
76,7,6.39474,9,1,81
77,7,6.31169,9,1,81
78,7,6.23077,9,1,81
79,7,6.4557,9,5,85
80,7,6.375,9,5,85
81,7,6.2963,9,5,85
82,7,6.21951,9,5,85
83,7,6.14458,9,5,85
84,7,6.14286,9,6,86
85,7,6.07059,8,0,86
86,7,6,8,0,86
87,7,5.93103,8,0,86
88,7,5.86364,8,0,86
89,7,5.79775,7,0,86
90,7,5.8,7,1,87
91,7,6,7,5,91
92,7,5.93478,7,5,91
93,7,5.87097,7,5,91
94,7,5.80851,7,5,91
95,7,6,7,9,95
96,7,5.9375,7,9,95
97,7,5.87629,7,9,95
98,7,5.87755,7,10,96
99,7,5.81818,7,10,96
100,7,5.76,7,10,96
101,7,5.76238,7,11,97
102,7,5.70588,7,11,97
103,7,5.65049,7,11,97
104,7,5.59615,7,11,97
105,8,5.6,7,12,98
106,8,5.77358,7,16,102
107,8,5.71963,7,16,102
108,8,5.66667,7,16,102
109,8,5.66972,7,17,103
110,8,5.61818,7,17,103
111,8,5.56757,7,17,103
112,8,5.73214,7,21,107
113,8,5.68142,7,21,107
114,8,5.63158,7,21,107
115,9,5.63478,7,22,108
116,9,5.58621,7,22,108
117,9,5.58974,7,23,109
118,9,5.54237,7,23,109
119,9,5.54622,7,24,110
120,9,5.5,7,24,110
121,9,5.45455,7,24,110
122,9,5.40984,7,24,110
123,9,5.36585,7,24,110
124,9,5.37097,7,25,111
125,9,5.328,7,25,111
126,14,5.52381,7,30,116
127,14,5.66929,7,34,120
128,14,5.67188,7,35,121
129,14,5.67442,7,36,122
130,14,5.67692,7,37,123
131,14,5.67939,7,38,124
132,14,5.63636,7,38,124
133,14,5.59398,7,38,124
134,14,5.59701,7,39,125
135,14,5.55556,7,39,125
136,14,5.51471,7,39,125
137,14,5.47445,7,39,125
138,14,5.47826,7,40,126
139,14,5.61151,7,44,130
140,14,5.74286,7,48,134
141,14,5.70213,7,48,134
142,14,5.66197,7,48,134
143,14,5.62238,7,48,134
144,14,5.625,7,49,135
145,14,5.58621,7,49,135
146,14,5.54795,7,49,135
147,14,5.5102,7,49,135
148,14,5.47297,7,49,135
149,14,5.43624,7,49,135
150,14,5.44,7,50,136
151,14,5.40397,7,50,136
152,14,5.36842,7,50,136
153,14,5.33333,7,50,136
154,14,5.33766,7,51,137
155,14,5.30323,6,0,137
156,14,5.26923,6,0,137
157,14,5.23567,6,0,137
158,14,5.20253,6,0,137
159,14,5.16981,6,0,137
160,14,5.175,6,1,138
161,14,5.14286,6,1,138
162,14,5.14815,6,2,139
163,14,5.11656,5,0,139
164,14,5.08537,5,0,139
165,14,5.09091,5,1,140
166,14,5.06024,5,1,140
167,14,5.06587,5,2,141
168,14,5.07143,5,3,142
169,14,5.04142,5,3,142
170,14,5.01176,5,3,142
171,14,4.98246,5,3,142
172,14,4.95349,5,3,142
173,14,4.95954,5,4,143
174,14,4.96552,5,5,144
175,14,4.93714,5,5,144
176,14,4.94318,5,6,145
177,14,4.94915,5,7,146
178,14,4.92135,5,7,146
179,14,4.89385,5,7,146
180,14,4.86667,4,0,146
181,14,4.83978,4,0,146
182,14,4.81319,4,0,146
183,14,4.78689,4,0,146
184,14,4.76087,4,0,146
185,14,4.73514,4,0,146
186,14,4.74194,4,1,147
187,14,4.74866,4,2,148
188,14,4.7234,4,2,148
189,15,4.73016,4,3,149
190,15,4.70526,4,3,149
191,15,4.68063,4,3,149
192,15,4.6875,4,4,150
193,15,4.66321,4,4,150
194,15,4.63918,4,4,150
195,15,4.61538,4,4,150
196,15,4.59184,3,0,150
197,15,4.56853,3,0,150
198,15,4.54545,3,0,150
199,15,4.52261,3,0,150
200,15,4.5,3,0,150
201,15,4.50746,3,1,151
202,15,4.48515,3,1,151
203,15,4.46305,3,1,151
204,15,4.44118,3,1,151
205,15,4.44878,3,2,152
206,15,4.42718,3,2,152
207,15,4.43478,3,3,153
208,16,4.44231,3,4,154
209,16,4.42105,3,4,154
210,16,4.42857,3,5,155
211,16,4.40758,3,5,155
212,16,4.38679,3,5,155
213,16,4.3662,3,5,155
214,16,4.34579,3,5,155
215,16,4.32558,3,5,155
216,16,4.33333,3,6,156
217,16,4.31336,3,6,156
218,16,4.29358,2,0,156
219,16,4.27397,1,0,156
220,16,4.25455,1,0,156
221,16,4.23529,1,0,156
222,16,4.24324,1,1,157
223,16,4.22422,1,1,157
224,16,4.20536,1,1,157
225,16,4.18667,1,1,157
226,16,4.19469,1,2,158
227,17,4.20264,1,3,159
228,17,4.21053,1,4,160
229,17,4.19214,1,4,160
230,17,4.2,1,5,161
231,17,4.18182,1,5,161
232,17,4.18966,1,6,162
233,17,4.17167,1,6,162
234,17,4.25641,1,10,166
235,17,4.34043,1,14,170
236,17,4.32203,1,14,170
237,17,4.32911,1,15,171
238,17,4.31092,1,15,171
239,17,4.29289,1,15,171
240,17,4.275,1,15,171
241,17,4.25726,1,15,171
242,17,4.23967,1,15,171
243,17,4.24691,1,16,172
244,17,4.22951,1,16,172
245,17,4.21224,1,16,172
246,17,4.19512,1,16,172
247,17,4.2753,1,20,176
248,17,4.25806,1,20,176
249,17,4.33735,1,24,180
250,17,4.44,1,29,185
251,17,4.42231,1,29,185
252,17,4.40476,1,29,185
253,17,4.38735,1,29,185
254,17,4.37008,1,29,185
255,17,4.44706,1,33,189
256,17,4.45312,1,34,190
257,17,4.45914,1,35,191
258,17,4.44186,1,35,191
259,17,4.42471,1,35,191
260,17,4.40769,1,35,191
261,17,4.41379,1,36,192
262,17,4.39695,0,0,192
