1,0,0,10,0,0
2,0,0,10,0,0
3,0,0,9,0,0
4,0,0,9,0,0
5,0,1.2,9,1,1
6,0,1,9,1,1
7,0,0.857143,9,1,1
8,1,1.5,9,2,2
9,1,1.33333,9,2,2
10,1,1.2,9,2,2
11,1,1.09091,9,2,2
12,1,1.5,9,3,3
13,1,3.23077,9,7,7
14,1,3,9,7,7
15,1,2.8,9,7,7
16,1,3,9,8,8
17,1,2.82353,9,8,8
18,1,2.66667,9,8,8
19,1,2.52632,9,8,8
20,1,2.4,9,8,8
21,1,2.28571,9,8,8
22,1,2.18182,9,8,8
23,1,2.34783,9,9,9
24,1,2.25,9,9,9
25,1,2.4,9,10,10
26,1,2.53846,9,11,11
27,1,2.44444,9,11,11
28,1,2.35714,9,11,11
29,1,3.10345,9,15,15
30,1,3,9,15,15
31,1,2.90323,9,15,15
32,1,2.8125,9,15,15
33,1,2.72727,9,15,15
34,1,2.64706,9,15,15
35,1,2.57143,9,15,15
36,1,2.66667,9,16,16
37,1,2.59459,9,16,16
38,2,2.68421,9,17,17
39,2,2.92308,9,19,19
40,2,3.45,9,23,23
41,2,3.5122,9,24,24
42,2,3.42857,9,24,24
43,2,3.34884,9,24,24
44,2,3.81818,9,28,28
45,2,3.73333,9,28,28
46,3,3.78261,9,29,29
47,3,3.70213,9,29,29
48,3,3.75,9,30,30
49,3,3.67347,9,30,30
50,3,4.08,9,34,34
51,3,4,9,34,34
52,3,3.92308,9,34,34
53,3,4.30189,9,38,38
54,3,4.33333,9,39,39
55,3,4.25455,9,39,39
56,3,4.28571,9,40,40
57,3,4.21053,9,40,40
58,3,4.13793,9,40,40
59,3,4.0678,9,40,40
60,3,4,9,40,40
61,3,3.93443,8,0,40
62,3,3.87097,8,0,40
63,3,3.80952,8,0,40
64,3,3.75,8,0,40
65,3,4.06154,8,4,44
66,3,4.18182,8,6,46
67,3,4.1194,8,6,46
68,5,4.23529,8,8,48
69,5,4.26087,8,9,49
70,5,4.28571,8,10,50
71,5,4.30986,8,11,51
72,5,4.41667,8,13,53
73,5,4.43836,8,14,54
74,5,4.37838,8,14,54
75,5,4.32,8,14,54
76,5,4.34211,8,15,55
77,5,4.5974,8,19,59
78,5,4.61538,8,20,60
79,5,4.55696,8,20,60
80,5,4.575,8,21,61
81,5,4.51852,8,21,61
82,5,4.46341,8,21,61
83,5,4.48193,8,22,62
84,5,4.5,8,23,63
85,5,4.51765,8,24,64
86,5,4.46512,8,24,64
87,5,4.41379,8,24,64
88,5,4.43182,8,25,65
89,5,4.44944,8,26,66
90,5,4.66667,8,30,70
91,5,4.74725,8,32,72
92,5,4.76087,8,33,73
93,5,4.70968,8,33,73
94,5,4.7234,8,34,74
95,5,4.67368,8,34,74
96,5,4.875,8,38,78
97,5,5.07216,8,42,82
98,5,5.02041,8,42,82
99,5,4.9697,8,42,82
100,5,4.98,8,43,83
101,5,4.93069,8,43,83
102,5,4.94118,8,44,84
103,5,4.95146,8,45,85
104,5,4.90385,8,45,85
105,5,4.85714,8,45,85
106,5,4.81132,8,45,85
107,5,4.82243,8,46,86
108,5,4.77778,8,46,86
109,5,4.73394,8,46,86
110,5,4.69091,8,46,86
111,5,4.7027,8,47,87
112,5,4.71429,8,48,88
113,5,4.67257,8,48,88
114,5,4.63158,8,48,88
115,5,4.64348,8,49,89
116,5,4.65517,8,50,90
117,5,4.66667,8,51,91
118,5,4.62712,8,51,91
119,5,4.78992,8,55,95
120,5,4.8,8,56,96
121,5,4.76033,8,56,96
122,5,4.72131,8,56,96
123,5,4.68293,7,0,96
124,5,4.69355,7,1,97
125,5,4.656,7,1,97
126,5,4.66667,7,2,98
127,5,4.67717,7,3,99
128,5,4.6875,7,4,100
129,5,4.65116,7,4,100
130,5,4.8,7,8,104
131,5,4.80916,7,9,105
132,5,4.81818,7,10,106
133,5,4.78195,7,10,106
134,5,4.74627,7,10,106
135,5,4.75556,7,11,107
136,5,4.80882,7,13,109
137,5,4.81752,7,14,110
138,5,4.82609,7,15,111
139,5,4.83453,7,16,112
140,5,4.8,7,16,112
141,5,4.80851,7,17,113
142,5,4.8169,7,18,114
143,5,4.82517,7,19,115
144,5,4.79167,7,19,115
145,5,4.84138,7,21,117
146,5,4.84932,7,22,118
147,5,4.81633,7,22,118
148,5,4.82432,7,23,119
149,5,4.87248,7,25,121
150,5,4.88,7,26,122
151,5,4.88742,7,27,123
152,5,4.89474,7,28,124
153,5,4.90196,7,29,125
154,5,4.87013,7,29,125
155,5,4.83871,6,0,125
156,5,4.80769,6,0,125
157,5,4.81529,6,1,126
158,6,4.82278,6,2,127
159,6,4.79245,6,2,127
160,6,4.8,6,3,128
161,6,4.80745,6,4,129
162,6,4.77778,6,4,129
163,6,4.74847,6,4,129
164,11,4.90244,6,9,134
165,11,4.90909,6,10,135
166,11,4.95181,6,12,137
167,11,4.92216,6,12,137
168,11,4.92857,6,13,138
169,11,4.89941,6,13,138
170,11,4.87059,6,13,138
171,11,4.87719,6,14,139
172,11,4.84884,6,14,139
173,11,4.82081,6,14,139
174,11,4.7931,6,14,139
175,11,4.8,6,15,140
176,11,4.77273,6,15,140
177,11,4.77966,6,16,141
178,11,4.75281,6,16,141
179,11,4.75978,6,17,142
180,11,4.76667,6,18,143
181,11,4.74033,6,18,143
182,11,4.71429,6,18,143
183,11,4.68852,6,18,143
184,11,4.69565,6,19,144
185,11,4.67027,6,19,144
186,11,4.67742,6,20,145
187,11,4.68449,6,21,146
188,11,4.65957,6,21,146
189,11,4.63492,6,21,146
190,11,4.64211,6,22,147
191,11,4.6178,6,22,147
192,11,4.59375,6,22,147
193,11,4.56995,6,22,147
194,11,4.57732,6,23,148
195,11,4.61538,6,25,150
196,11,4.62245,6,26,151
197,11,4.72081,6,30,155
198,11,4.81818,6,34,159
199,11,4.79397,6,34,159
200,11,4.8,6,35,160
201,11,4.77612,6,35,160
202,11,4.75248,6,35,160
203,11,4.75862,6,36,161
204,11,4.76471,6,37,162
205,11,4.74146,5,0,162
206,11,4.71845,5,0,162
207,11,4.72464,5,1,163
208,11,4.70192,5,1,163
209,11,4.67943,5,1,163
210,11,4.65714,5,1,163
211,11,4.63507,5,1,163
212,11,4.61321,5,1,163
213,11,4.64789,5,3,165
214,11,4.65421,5,4,166
215,12,4.66047,5,5,167
216,12,4.63889,5,5,167
217,12,4.64516,5,6,168
218,13,4.65138,5,7,169
219,13,4.73973,5,11,173
220,13,4.71818,5,11,173
221,13,4.72398,5,12,174
222,13,4.7027,5,12,174
223,13,4.70852,5,13,175
224,13,4.71429,5,14,176
225,13,4.69333,5,14,176
226,13,4.67257,5,14,176
227,13,4.70485,5,16,178
228,13,4.78947,5,20,182
229,13,4.76856,5,20,182
230,13,4.74783,5,20,182
231,13,4.75325,5,21,183
232,13,4.73276,5,21,183
233,14,4.7382,5,22,184
234,14,4.71795,5,22,184
235,14,4.69787,5,22,184
236,14,4.67797,5,22,184
237,14,4.65823,5,22,184
238,14,4.68908,5,24,186
239,14,4.69456,5,25,187
240,14,4.675,5,25,187
241,14,4.6556,5,25,187
242,14,4.68595,5,27,189
243,14,4.66667,5,27,189
244,14,4.64754,5,27,189
245,14,4.65306,5,28,190
246,14,4.63415,5,28,190
247,14,4.61538,5,28,190
248,14,4.59677,5,28,190
249,14,4.57831,5,28,190
250,14,4.584,5,29,191
251,14,4.58964,5,30,192
252,14,4.59524,5,31,193
253,14,4.60079,5,32,194
254,14,4.6063,5,33,195
255,14,4.61176,5,34,196
256,14,4.61719,5,35,197
257,14,4.62257,5,36,198
258,14,4.60465,5,36,198
259,14,4.67954,5,40,202
260,14,4.68462,5,41,203
261,15,4.68966,5,42,204
262,15,4.67176,4,0,204
263,15,4.65399,4,0,204
264,15,4.63636,4,0,204
265,15,4.61887,4,0,204
266,15,4.62406,4,1,205
267,15,4.62921,4,2,206
268,15,4.63433,4,3,207
269,15,4.6171,4,3,207
270,15,4.64444,4,5,209
271,15,4.62731,4,5,209
272,15,4.63235,4,6,210
273,15,4.63736,4,7,211
274,15,4.62044,3,0,211
275,15,4.62545,3,1,212
276,15,4.63043,3,2,213
277,16,4.63538,3,3,214
278,16,4.61871,3,3,214
279,17,4.62366,3,4,215
280,17,4.60714,3,4,215
281,17,4.6121,3,5,216
282,17,4.61702,3,6,217
283,17,4.60071,3,6,217
284,17,4.60563,3,7,218
285,17,4.71579,3,13,224
286,17,4.6993,3,13,224
287,17,4.68293,3,13,224
288,17,4.75,3,17,228
289,17,4.73356,2,0,228
290,17,4.71724,2,0,228
291,17,4.70103,1,0,228
292,17,4.76712,1,4,232
293,17,4.75085,1,4,232
294,17,4.73469,1,4,232
295,17,4.71864,1,4,232
296,17,4.7027,1,4,232
297,17,4.70707,1,5,233
298,17,4.69128,1,5,233
299,17,4.67559,1,5,233
300,17,4.66,1,5,233
301,17,4.66445,1,6,234
302,17,4.64901,1,6,234
303,17,4.63366,1,6,234
304,17,4.63816,1,7,235
305,17,4.64262,1,8,236
306,17,4.64706,1,9,237
307,17,4.65147,1,10,238
308,17,4.63636,1,10,238
309,17,4.64078,1,11,239
