1,0,0,10,0,0
2,0,0,10,0,0
3,2,4,10,2,2
4,2,3,10,2,2
5,2,2.4,10,2,2
6,2,6,10,6,6
7,2,6,10,7,7
8,2,5.25,10,7,7
9,2,4.66667,10,7,7
10,2,4.8,10,8,8
11,2,4.36364,10,8,8
12,2,4,9,0,8
13,2,3.69231,9,0,8
14,2,3.42857,9,0,8
15,2,3.2,9,0,8
16,2,3,8,0,8
17,2,2.82353,8,0,8
18,2,2.66667,8,0,8
19,2,2.84211,8,1,9
20,2,2.7,8,1,9
21,2,2.57143,8,1,9
22,2,2.72727,8,2,10
23,2,2.6087,8,2,10
24,2,2.5,8,2,10
25,2,2.4,8,2,10
26,2,2.30769,8,2,10
27,2,2.22222,8,2,10
28,2,2.14286,8,2,10
29,2,2.48276,8,4,12
30,2,2.6,8,5,13
31,2,2.51613,8,5,13
32,2,2.4375,8,5,13
33,2,2.54545,8,6,14
34,2,2.47059,8,6,14
35,2,2.4,8,6,14
36,2,2.33333,8,6,14
37,2,2.43243,8,7,15
38,2,2.36842,8,7,15
39,2,2.30769,8,7,15
40,2,2.85,8,11,19
41,2,2.78049,8,11,19
42,2,2.71429,8,11,19
43,2,3.2093,8,15,23
44,2,3.54545,8,18,26
45,2,3.6,8,19,27
46,2,3.52174,8,19,27
47,2,3.57447,8,20,28
48,2,3.5,8,20,28
49,2,3.55102,8,21,29
50,2,3.48,8,21,29
51,2,3.52941,8,22,30
52,2,3.57692,8,23,31
53,2,3.50943,8,23,31
54,2,3.44444,8,23,31
55,2,3.38182,7,0,31
56,2,3.32143,7,0,31
57,2,3.26316,7,0,31
58,2,3.2069,7,0,31
59,2,3.15254,7,0,31
60,2,3.1,7,0,31
61,2,3.04918,7,0,31
62,2,3,7,0,31
63,2,2.95238,7,0,31
64,2,3,7,1,32
65,2,3.04615,7,2,33
66,2,3.09091,7,3,34
67,2,3.04478,7,3,34
68,2,3.08824,7,4,35
69,2,3.04348,7,4,35
70,2,3.08571,7,5,36
71,2,3.04225,7,5,36
72,2,3.08333,7,6,37
73,2,3.0411,7,6,37
74,2,3.32432,7,10,41
75,2,3.36,7,11,42
76,2,3.31579,7,11,42
77,2,3.27273,7,11,42
78,2,3.61538,7,16,47
79,2,3.56962,7,16,47
80,2,3.525,7,16,47
81,2,3.48148,7,16,47
82,2,3.5122,7,17,48
83,2,3.46988,7,17,48
84,2,3.5,7,18,49
85,2,3.52941,7,19,50
86,2,3.48837,7,19,50
87,2,3.44828,7,19,50
88,2,3.40909,7,19,50
89,2,3.37079,7,19,50
90,2,3.33333,7,19,50
91,2,3.36264,7,20,51
92,2,3.32609,7,20,51
93,2,3.35484,7,21,52
94,2,3.38298,7,22,53
95,2,3.34737,7,22,53
96,2,3.375,7,23,54
97,2,3.34021,7,23,54
98,2,3.36735,7,24,55
99,2,3.33333,7,24,55
100,2,3.3,7,24,55
101,2,3.32673,7,25,56
102,2,3.29412,7,25,56
103,2,3.26214,7,25,56
104,2,3.34615,7,27,58
105,2,3.37143,7,28,59
106,2,3.33962,7,28,59
107,2,3.53271,7,32,63
108,2,3.5,7,32,63
109,2,3.52294,7,33,64
110,2,3.49091,7,33,64
111,2,3.45946,7,33,64
112,2,3.42857,7,33,64
113,3,3.45133,7,34,65
114,3,3.47368,7,35,66
115,3,3.49565,7,36,67
116,5,3.56897,7,38,69
117,5,3.74359,7,42,73
118,6,3.76271,7,43,74
119,6,3.93277,7,47,78
120,6,3.95,7,48,79
121,6,3.91736,7,48,79
122,6,3.93443,7,49,80
123,6,3.95122,7,50,81
124,6,3.96774,7,51,82
125,6,3.984,7,52,83
126,6,3.95238,7,52,83
127,6,3.9685,7,53,84
128,6,3.98438,7,54,85
129,6,4,7,55,86
130,6,3.96923,7,55,86
131,6,3.93893,7,55,86
132,6,3.95455,7,56,87
133,6,3.92481,7,56,87
134,6,3.9403,7,57,88
135,6,3.91111,7,57,88
136,6,3.88235,7,57,88
137,6,3.89781,7,58,89
138,6,3.86957,7,58,89
139,6,3.84173,7,58,89
140,6,3.81429,7,58,89
141,6,3.82979,7,59,90
142,6,3.84507,7,60,91
143,6,3.9021,7,62,93
144,6,3.875,7,62,93
145,6,3.88966,7,63,94
146,6,3.90411,7,64,95
147,6,3.87755,7,64,95
148,6,3.85135,6,0,95
149,6,3.86577,6,1,96
150,6,3.84,6,1,96
151,6,3.8543,6,2,97
152,6,3.82895,6,2,97
153,6,3.80392,6,2,97
154,6,3.77922,6,2,97
155,6,3.75484,6,2,97
156,6,3.73077,6,2,97
157,6,3.74522,6,3,98
158,6,3.75949,6,4,99
159,6,3.73585,6,4,99
160,6,3.75,6,5,100
161,6,3.80124,6,7,102
162,6,3.77778,6,7,102
163,6,3.79141,6,8,103
164,6,3.76829,6,8,103
165,6,3.78182,6,9,104
166,6,3.79518,6,10,105
167,6,3.80838,6,11,106
168,6,3.82143,6,12,107
169,6,3.83432,6,13,108
170,6,3.95294,6,17,112
171,6,3.96491,6,18,113
172,6,3.97674,6,19,114
173,6,3.98844,6,20,115
174,6,4,6,21,116
175,6,4.04571,6,23,118
176,6,4.05682,6,24,119
177,6,4.0339,6,24,119
178,6,4.04494,6,25,120
179,6,4.02235,6,25,120
180,6,4.03333,6,26,121
181,6,4.01105,5,0,121
182,6,3.98901,5,0,121
183,6,4,5,1,122
184,6,4.01087,5,2,123
185,6,4.02162,5,3,124
186,6,4.03226,5,4,125
187,6,4.0107,5,4,125
188,6,4.02128,5,5,126
189,6,4,5,5,126
190,6,4.04211,5,7,128
191,6,4.02094,5,7,128
192,6,4.03125,5,8,129
193,6,4.13472,5,12,133
194,6,4.1134,5,12,133
195,6,4.12308,5,13,134
196,6,4.10204,5,13,134
197,6,4.08122,5,13,134
198,6,4.06061,5,13,134
199,6,4.1005,5,15,136
200,6,4.08,5,15,136
201,6,4.08955,5,16,137
202,6,4.06931,5,16,137
203,6,4.10837,5,18,139
204,6,4.08824,5,18,139
205,7,4.09756,5,19,140
206,7,4.1068,5,20,141
207,7,4.17391,5,23,144
208,7,4.18269,5,24,145
209,7,4.16268,5,24,145
210,7,4.17143,5,25,146
211,7,4.18009,5,26,147
212,7,4.18868,5,27,148
213,7,4.19718,5,28,149
214,7,4.20561,5,29,150
215,7,4.21395,5,30,151
216,7,4.30556,5,34,155
217,7,4.34101,5,36,157
218,7,4.34862,5,37,158
219,7,4.32877,5,37,158
220,7,4.33636,5,38,159
221,7,4.31674,5,38,159
222,7,4.2973,5,38,159
223,7,4.33184,5,40,161
224,7,4.41964,5,44,165
225,7,4.56,5,50,171
226,7,4.59292,5,52,173
227,8,4.59912,5,53,174
228,8,4.60526,5,54,175
229,8,4.58515,5,54,175
230,8,4.66957,5,58,179
231,8,4.7013,5,60,181
232,8,4.68103,4,0,181
233,8,4.6867,4,1,182
234,8,4.69231,4,2,183
235,8,4.69787,4,3,184
236,8,4.67797,4,3,184
237,8,4.68354,3,0,185
238,8,4.66387,3,0,185
239,8,4.64435,3,0,185
240,8,4.625,3,0,185
241,8,4.63071,3,1,186
242,8,4.61157,3,1,186
243,9,4.61728,3,2,187
244,9,4.59836,3,2,187
245,9,4.60408,3,3,188
246,9,4.58537,3,3,188
247,9,4.5668,3,3,188
248,9,4.54839,3,3,188
249,9,4.55422,3,4,189
250,10,4.56,3,5,190
251,10,4.54183,3,5,190
252,10,4.52381,3,5,190
253,10,4.52964,3,6,191
254,10,4.51181,3,6,191
255,10,4.63529,3,12,197
256,10,4.61719,3,12,197
257,10,4.59922,3,12,197
258,10,4.5814,3,12,197
259,10,4.56371,3,12,197
260,10,4.54615,3,12,197
261,10,4.52874,3,12,197
262,10,4.51145,3,12,197
263,10,4.51711,3,13,198
264,10,4.5,3,13,198
265,10,4.50566,3,14,199
266,10,4.57895,3,18,203
267,10,4.62921,3,21,206
268,11,4.63433,3,22,207
269,11,4.6171,3,22,207
270,11,4.6,3,22,207
271,11,4.60517,3,23,208
272,11,4.61029,3,24,209
273,11,4.61538,3,25,210
274,11,4.59854,3,25,210
275,11,4.60364,3,26,211
276,13,4.63043,3,28,213
277,13,4.61372,3,28,213
278,13,4.61871,3,29,214
279,13,4.62366,3,30,215
280,13,4.62857,3,31,216
281,13,4.63345,3,32,217
282,14,4.6383,3,33,218
283,14,4.70671,3,37,222
284,14,4.71127,3,38,223
285,14,4.77895,3,42,227
286,14,4.76224,2,0,227
287,14,4.76655,2,1,228
288,14,4.83333,2,5,232
289,14,4.81661,2,5,232
290,14,4.82069,2,6,233
291,14,4.82474,2,7,234
292,14,4.80822,1,0,234
293,14,4.79181,1,0,234
294,14,4.77551,1,0,234
295,14,4.75932,1,0,234
296,14,4.76351,1,1,235
297,14,4.76768,1,2,236
298,14,4.75168,1,2,236
299,14,4.73579,1,2,236
300,14,4.72,1,2,236
301,14,4.70432,1,2,236
302,14,4.76821,1,6,240
303,14,4.75248,1,6,240
304,14,4.75658,1,7,241
305,14,4.74098,0,0,241