1,0,0,10,0,0
2,0,0,10,0,0
3,0,0,10,0,0
4,0,0,10,0,0
5,0,0,10,0,0
6,0,0,10,0,0
7,0,1.71429,10,2,2
8,0,1.5,10,2,2
9,0,1.33333,10,2,2
10,0,1.2,10,2,2
11,0,1.09091,10,2,2
12,0,1,10,2,2
13,0,1.38462,10,3,3
14,1,1.71429,10,4,4
15,1,1.6,10,4,4
16,1,2.625,10,7,7
17,1,3.88235,10,11,11
18,1,3.66667,10,11,11
19,1,3.47368,10,11,11
20,1,3.3,10,11,11
21,1,3.14286,10,11,11
22,1,3,10,11,11
23,1,3.13043,10,12,12
24,1,3,10,12,12
25,1,2.88,10,12,12
26,1,2.76923,10,12,12
27,1,2.66667,10,12,12
28,1,2.57143,10,12,12
29,1,2.48276,10,12,12
30,1,2.4,10,12,12
31,1,3.09677,10,16,16
32,1,3,10,16,16
33,1,2.90909,10,16,16
34,1,2.82353,10,16,16
35,1,2.74286,10,16,16
36,1,3.33333,10,20,20
37,1,3.24324,10,20,20
38,1,3.15789,10,20,20
39,1,3.07692,10,20,20
40,1,3,10,20,20
41,1,2.92683,10,20,20
42,1,2.85714,10,20,20
43,2,2.93023,10,21,21
44,2,3.40909,10,25,25
45,2,3.46667,10,26,26
46,2,3.52174,10,27,27
47,2,3.44681,10,27,27
48,2,3.375,10,27,27
49,2,3.30612,10,27,27
50,2,3.72,10,31,31
51,2,3.64706,10,31,31
52,2,3.57692,10,31,31
53,2,3.50943,10,31,31
54,2,3.66667,10,33,33
55,2,3.70909,10,34,34
56,2,4.07143,10,38,38
57,2,4.21053,10,40,40
58,2,4.55172,10,44,44
59,2,4.47458,10,44,44
60,2,4.5,10,45,45
61,2,4.42623,10,45,45
62,2,4.54839,10,47,47
63,3,4.57143,10,48,48
64,3,4.5,10,48,48
65,3,4.52308,10,49,49
66,3,4.45455,10,49,49
67,3,4.38806,10,49,49
68,3,4.67647,10,53,53
69,3,4.6087,10,53,53
70,3,4.62857,10,54,54
71,3,4.64789,10,55,55
72,3,4.58333,10,55,55
73,3,4.52055,10,55,55
74,3,4.45946,10,55,55
75,3,4.48,10,56,56
76,3,4.42105,10,56,56
77,3,4.44156,10,57,57
78,3,4.38462,10,57,57
79,3,4.40506,10,58,58
80,3,4.425,10,59,59
81,3,4.37037,10,59,59
82,3,4.31707,10,59,59
83,3,4.26506,10,59,59
84,3,4.21429,10,59,59
85,3,4.23529,10,60,60
86,3,4.25581,10,61,61
87,3,4.48276,10,65,65
88,3,4.43182,10,65,65
89,3,4.44944,10,66,66
90,3,4.4,10,66,66
91,3,4.41758,10,67,67
92,3,4.43478,10,68,68
93,3,4.64516,10,72,72
94,3,4.65957,10,73,73
95,3,4.61053,10,73,73
96,3,4.6875,10,75,75
97,3,4.70103,10,76,76
98,3,4.71429,10,77,77
99,3,4.66667,10,77,77
100,3,4.62,9,0,77
101,3,4.57426,9,0,77
102,3,4.52941,9,0,77
103,3,4.48544,9,0,77
104,3,4.5,9,1,78
105,3,4.45714,9,1,78
106,3,4.4717,9,2,79
107,3,4.65421,9,6,83
108,3,4.66667,9,7,84
109,3,4.6789,9,8,85
110,3,4.63636,9,8,85
111,3,4.59459,9,8,85
112,3,4.60714,9,9,86
113,3,4.61947,9,10,87
114,3,4.63158,9,11,88
115,3,4.64348,9,12,89
116,3,4.65517,9,13,90
117,3,4.66667,9,14,91
118,3,4.62712,9,14,91
119,3,4.63866,9,15,92
120,3,4.6,9,15,92
121,3,4.56198,9,15,92
122,3,4.52459,9,15,92
123,3,4.4878,9,15,92
124,3,4.64516,9,19,96
125,4,4.656,9,20,97
126,4,4.61905,9,20,97
127,4,4.67717,9,22,99
128,4,4.6875,9,23,100
129,4,4.65116,9,23,100
130,4,4.66154,9,24,101
131,4,4.71756,9,26,103
132,4,4.68182,9,26,103
133,4,4.64662,9,26,103
134,4,4.65672,9,27,104
135,4,4.62222,9,27,104
136,4,4.63235,9,28,105
137,4,4.59854,9,28,105
138,4,4.6087,9,29,106
139,4,4.57554,9,29,106
140,4,4.58571,9,30,107
141,4,4.55319,9,30,107
142,4,4.56338,9,31,108
143,4,4.53147,9,31,108
144,4,4.54167,9,32,109
145,4,4.55172,9,33,110
146,4,4.56164,9,34,111
147,4,4.53061,9,34,111
148,4,4.54054,9,35,112
149,4,4.55034,9,36,113
150,4,4.52,9,36,113
151,5,4.5298,9,37,114
152,5,4.53947,9,38,115
153,5,4.5098,9,38,115
154,5,4.51948,9,39,116
155,5,4.52903,9,40,117
156,5,4.53846,9,41,118
157,5,4.50955,9,41,118
158,5,4.48101,9,41,118
159,5,4.49057,9,42,119
160,5,4.575,9,45,122
161,5,4.58385,9,46,123
162,5,4.55556,9,46,123
163,5,4.52761,9,46,123
164,5,4.5,9,46,123
165,5,4.50909,9,47,124
166,5,4.48193,8,0,124
167,6,4.49102,8,1,125
168,6,4.46429,7,0,125
169,6,4.47337,7,1,126
170,6,4.44706,7,1,126
171,6,4.45614,7,2,127
172,6,4.46512,7,3,128
173,6,4.43931,7,3,128
174,6,4.41379,7,3,128
175,6,4.42286,7,4,129
176,6,4.39773,7,4,129
177,6,4.40678,7,5,130
178,6,4.41573,7,6,131
179,6,4.39106,7,6,131
180,6,4.43333,7,8,133
181,6,4.40884,7,8,133
182,6,4.38462,6,0,133
183,6,4.39344,6,1,134
184,6,4.36957,6,1,134
185,6,4.34595,6,1,134
186,6,4.32258,5,0,134
187,6,4.29947,5,0,134
188,6,4.40426,5,4,138
189,6,4.4127,5,5,139
190,6,4.42105,5,6,140
191,6,4.42932,5,7,141
192,6,4.59375,5,13,147
193,6,4.56995,5,13,147
194,6,4.54639,5,13,147
195,6,4.52308,5,13,147
196,6,4.5,5,13,147
197,6,4.50761,5,14,148
198,6,4.48485,5,14,148
199,6,4.49246,5,15,149
200,6,4.5,5,16,150
201,6,4.47761,5,16,150
202,6,4.45545,5,16,150
203,6,4.49261,5,18,152
204,6,4.47059,5,18,152
205,6,4.47805,5,19,153
206,6,4.51456,5,21,155
207,6,4.55072,5,23,157
208,6,4.52885,5,23,157
209,6,4.53589,5,24,158
210,6,4.51429,4,0,158
211,6,4.49289,4,0,158
212,6,4.5,4,1,159
213,6,4.47887,4,1,159
214,6,4.45794,4,1,159
215,6,4.43721,4,1,159
216,6,4.41667,4,1,159
217,6,4.39631,4,1,159
218,6,4.37615,4,1,159
219,6,4.35616,4,1,159
220,6,4.33636,4,1,159
221,6,4.42534,4,5,163
222,6,4.40541,4,5,163
223,6,4.41256,4,6,164
224,6,4.41964,4,7,165
225,6,4.50667,4,11,169
226,6,4.51327,4,12,170
227,8,4.54626,4,14,172
228,8,4.52632,4,14,172
229,8,4.50655,4,14,172
230,8,4.51304,4,15,173
231,8,4.49351,4,15,173
232,8,4.47414,4,15,173
233,8,4.48069,4,16,174
234,8,4.48718,4,17,175
235,9,4.49362,4,18,176
236,9,4.5,4,19,177
237,9,4.50633,4,20,178
238,9,4.53782,4,22,180
239,9,4.61925,4,26,184
240,9,4.65,4,28,186
241,9,4.6556,4,29,187
242,9,4.73554,4,33,191
243,9,4.74074,4,34,192
244,9,4.7459,4,35,193
245,9,4.75102,4,36,194
246,9,4.73171,3,0,194
247,9,4.73684,3,1,195
248,9,4.81452,3,5,199
249,9,4.81928,3,6,200
250,9,4.824,3,7,201
251,9,4.80478,3,7,201
252,10,4.80952,3,8,202
253,10,4.79051,3,8,202
254,12,4.8189,3,10,204
255,12,4.82353,3,11,205
256,12,4.80469,3,11,205
257,12,4.78599,3,11,205
258,13,4.7907,3,12,206
259,13,4.79537,3,13,207
260,13,4.77692,3,13,207
261,13,4.75862,3,13,207
262,13,4.74046,3,13,207
263,13,4.74525,3,14,208
264,13,4.75,3,15,209
265,13,4.73208,2,0,209
266,13,4.73684,2,1,210
267,13,4.7191,2,1,210
268,13,4.70149,2,1,210
269,13,4.68401,2,1,210
270,13,4.66667,2,1,210
271,13,4.64945,2,1,210
272,13,4.76471,2,7,216
273,13,4.83516,2,11,220
274,13,4.83942,2,12,221
275,13,4.84364,2,13,222
276,14,4.84783,2,14,223
277,14,4.85199,2,15,224
278,14,4.85612,2,16,225
279,14,4.83871,2,16,225
280,14,4.84286,2,17,226
281,14,4.82562,2,17,226
282,14,4.82979,2,18,227
283,14,4.89753,2,22,231
284,14,4.88028,2,22,231
285,14,4.86316,1,0,231
286,14,4.84615,1,0,231
287,14,4.89199,1,3,234
288,14,4.95833,1,7,238
289,14,4.96194,1,8,239
290,14,4.94483,1,8,239
291,14,4.92784,1,8,239
292,14,4.91096,0,0,239
