1,0,0,10,0,0
2,0,0,10,0,0
3,0,8,10,4,4
4,0,7.5,10,5,5
5,0,6,10,5,5
6,0,5,10,5,5
7,0,5.14286,10,6,6
8,0,4.5,10,6,6
9,0,4,10,6,6
10,1,4.2,10,7,7
11,1,3.81818,10,7,7
12,1,3.5,10,7,7
13,1,3.69231,10,8,8
14,1,5.14286,10,12,12
15,1,4.8,10,12,12
16,1,4.875,10,13,13
17,1,4.58824,10,13,13
18,1,4.33333,10,13,13
19,1,4.10526,10,13,13
20,1,3.9,10,13,13
21,1,3.71429,10,13,13
22,1,3.81818,10,14,14
23,2,3.91304,10,15,15
24,2,3.75,10,15,15
25,2,4.56,10,19,19
26,2,4.38462,10,19,19
27,2,4.22222,10,19,19
28,2,4.92857,10,23,23
29,2,4.75862,10,23,23
30,2,4.8,10,24,24
31,2,4.64516,10,24,24
32,2,4.6875,10,25,25
33,2,5.63636,10,31,31
34,3,5.64706,10,32,32
35,3,5.65714,10,33,33
36,3,5.5,10,33,33
37,3,5.35135,10,33,33
38,3,5.84211,10,37,37
39,3,5.84615,10,38,38
40,3,5.7,10,38,38
41,3,6.14634,10,42,42
42,3,6,10,42,42
43,3,6.4186,10,46,46
44,4,6.40909,10,47,47
45,4,6.26667,10,47,47
46,4,6.3913,10,49,49
47,4,6.76596,10,53,53
48,4,7.125,10,57,57
49,4,7.46939,10,61,61
50,4,7.32,10,61,61
51,4,7.29412,10,62,62
52,4,7.15385,10,62,62
53,4,7.4717,10,66,66
54,4,7.44444,10,67,67
55,4,7.74545,10,71,71
56,4,7.60714,10,71,71
57,4,7.47368,10,71,71
58,4,7.44828,10,72,72
59,4,7.42373,10,73,73
60,4,7.4,10,74,74
61,4,7.37705,10,75,75
62,4,7.64516,10,79,79
63,5,7.61905,10,80,80
64,5,7.59375,10,81,81
65,5,7.56923,10,82,82
66,5,7.54545,10,83,83
67,5,7.52239,10,84,84
68,5,7.5,10,85,85
69,6,7.47826,10,86,86
70,6,7.71429,10,90,90
71,6,7.69014,10,91,91
72,6,7.91667,10,95,95
73,6,7.80822,10,95,95
74,6,7.78378,10,96,96
75,6,7.68,10,96,96
76,6,7.73684,10,98,98
77,6,7.79221,10,100,100
78,6,7.76923,10,101,101
79,6,7.74684,10,102,102
80,6,8.1,10,108,108
81,6,8.2963,10,112,112
82,6,8.4878,10,116,116
83,7,8.45783,10,117,117
84,7,8.35714,10,117,117
85,7,8.25882,10,117,117
86,8,8.23256,10,118,118
87,8,8.13793,10,118,118
88,8,8.11364,10,119,119
89,8,8.08989,10,120,120
90,8,8,10,120,120
91,8,7.97802,10,121,121
92,8,7.95652,10,122,122
93,8,7.87097,10,122,122
94,8,7.91489,10,124,124
95,8,8.08421,10,128,128
96,8,8.0625,10,129,129
97,8,8.04124,10,130,130
98,8,8.02041,10,131,131
99,8,8.18182,10,135,135
100,8,8.1,10,135,135
101,8,8.0198,10,135,135
102,8,8,10,136,136
103,8,7.92233,10,136,136
104,8,7.90385,10,137,137
105,8,7.82857,10,137,137
106,8,7.75472,10,137,137
107,8,7.73832,10,138,138
108,8,7.66667,10,138,138
109,8,7.59633,10,138,138
110,8,7.58182,10,139,139
111,8,7.51351,10,139,139
112,8,7.44643,10,139,139
113,8,7.38053,10,139,139
114,8,7.36842,10,140,140
115,9,7.35652,10,141,141
116,9,7.34483,10,142,142
117,9,7.33333,10,143,143
118,9,7.32203,10,144,144
119,9,7.31092,10,145,145
120,9,7.25,10,145,145
121,9,7.23967,10,146,146
122,9,7.18033,10,146,146
123,9,7.21951,10,148,148
124,9,7.20968,10,149,149
125,10,7.2,10,150,150
126,10,7.19048,10,151,151
127,10,7.1811,10,152,152
128,10,7.40625,10,158,158
129,10,7.34884,10,158,158
130,10,7.33846,10,159,159
131,10,7.32824,10,160,160
132,10,7.31818,10,161,161
133,10,7.26316,10,161,161
134,10,7.20896,10,161,161
135,10,7.2,10,162,162
136,10,7.41176,10,168,168
137,10,7.40146,10,169,169
138,10,7.34783,10,169,169
139,10,7.33813,10,170,170
140,10,7.32857,10,171,171
141,10,7.44681,10,175,175
142,10,7.43662,10,176,176
143,10,7.46853,10,178,178
144,10,7.41667,10,178,178
145,10,7.36552,10,178,178
146,10,7.35616,10,179,179
147,10,7.30612,10,179,179
148,10,7.25676,10,179,179
149,10,7.24832,10,180,180
150,10,7.2,10,180,180
151,10,7.23179,10,182,182
152,10,7.42105,10,188,188
153,10,7.37255,9,0,188
154,10,7.32468,9,0,188
155,10,7.31613,9,1,189
156,10,7.30769,9,2,190
157,10,7.26115,9,2,190
158,10,7.25316,9,3,191
159,10,7.24528,9,4,192
160,10,7.2375,9,5,193
161,10,7.22981,9,6,194
162,10,7.22222,9,7,195
163,10,7.21472,9,8,196
164,10,7.39024,9,14,202
165,10,7.38182,9,15,203
166,10,7.33735,9,15,203
167,10,7.29341,9,15,203
168,10,7.28571,9,16,204
169,10,7.27811,9,17,205
170,10,7.37647,9,21,209
171,10,7.36842,9,22,210
172,10,7.53488,9,28,216
173,11,7.52601,9,29,217
174,11,7.51724,9,30,218
175,11,7.50857,9,31,219
176,11,7.5,9,32,220
177,11,7.49153,9,33,221
178,11,7.65169,9,39,227
179,11,7.67598,9,41,229
180,11,7.76667,9,45,233
181,11,7.72376,9,45,233
182,11,7.87912,9,51,239
183,11,7.83607,9,51,239
184,11,7.79348,9,51,239
185,11,7.78378,9,52,240
186,11,7.77419,9,53,241
187,11,7.86096,9,57,245
188,12,7.85106,9,58,246
189,12,7.84127,9,59,247
190,12,7.92632,9,63,251
191,12,7.88482,9,63,251
192,12,7.90625,9,65,253
193,12,7.98964,9,69,257
194,12,7.97938,9,70,258
195,12,8,9,72,260
196,12,7.95918,9,72,260
197,12,7.94924,9,73,261
198,12,8.0303,9,77,265
199,12,8.0201,9,78,266
200,12,8.01,9,79,267
201,12,8.14925,9,85,273
202,12,8.13861,9,86,274
203,12,8.09852,9,86,274
204,12,8.05882,9,86,274
205,12,8.13659,9,90,278
206,12,8.09709,9,90,278
207,12,8.08696,9,91,279
208,12,8.07692,9,92,280
209,12,8.03828,9,92,280
210,12,8,9,92,280
211,12,7.99052,9,93,281
212,12,7.98113,9,94,282
213,12,7.97183,9,95,283
214,12,8.04673,9,99,287
215,12,8.0093,9,99,287
216,12,8,9,100,288
217,12,7.99078,9,101,289
218,12,7.98165,9,102,290
219,12,7.9726,9,103,291
220,12,7.93636,9,103,291
221,12,7.95475,9,105,293
222,12,8.02703,9,109,297
223,12,8.15247,9,115,303
224,12,8.22321,9,119,307
225,12,8.29333,9,123,311
226,13,8.28319,9,124,312
227,13,8.35242,9,128,316
228,13,8.31579,9,128,316
229,13,8.27948,8,0,316
230,13,8.26957,8,1,317
231,13,8.31169,8,4,320
232,13,8.43103,8,10,326
233,13,8.39485,8,10,326
234,13,8.41026,8,12,328
235,13,8.37447,7,0,328
236,13,8.36441,7,1,329
237,13,8.35443,7,2,330
238,13,8.31933,7,2,330
239,13,8.30962,7,3,331
240,14,8.3,7,4,332
241,15,8.29046,7,5,333
242,16,8.28099,7,6,334
243,16,8.24691,7,6,334
244,16,8.31148,7,10,338
245,16,8.30204,7,11,339
246,16,8.26829,7,11,339
247,16,8.23482,6,0,339
248,16,8.25,6,2,341
249,16,8.24096,6,3,342
250,16,8.208,6,3,342
251,16,8.1992,6,4,343
252,16,8.16667,6,4,343
253,17,8.1581,6,5,344
254,17,8.12598,6,5,344
255,17,8.11765,5,0,345
256,17,8.08594,5,0,345
257,17,8.07782,5,1,346
258,17,8.04651,5,1,346
259,17,8.03861,5,2,347
260,17,8.03077,5,3,348
261,17,8.02299,5,4,349
262,17,8.08397,5,8,353
263,17,8.05323,5,8,353
264,17,8.04545,5,9,354
265,17,8.03774,5,10,355
266,17,8.03008,5,11,356
267,17,8.02247,5,12,357
268,17,8.01493,5,13,358
269,17,8.00743,5,14,359
270,17,8,5,15,360
271,17,8.05904,5,19,364
272,17,8.05147,5,20,365
273,17,8.04396,5,21,366
274,17,8.0365,5,22,367
275,17,8.02909,5,23,368
276,18,8.04348,5,25,370
277,18,8.0361,5,26,371
278,18,8.09353,5,30,375
279,18,8.08602,5,31,376
280,18,8.07857,5,32,377
281,18,8.07117,5,33,378
282,18,8.12766,5,37,382
283,18,8.12014,5,38,383
284,18,8.09155,5,38,383
285,18,8.06316,5,38,383
286,18,8.05594,5,39,384
287,19,8.04878,5,40,385
288,19,8.04167,5,41,386
289,20,8.0346,5,42,387
290,20,8.02759,5,43,388
291,20,8,5,43,388
292,20,8.0137,5,45,390
293,20,8.00683,5,46,391
294,20,8,5,47,392
295,20,7.99322,5,48,393
296,20,7.96622,5,48,393
297,20,7.9596,5,49,394
298,20,7.95302,5,50,395
299,20,7.96656,5,52,397
300,21,7.96,5,53,398
301,21,7.95349,5,54,399
302,21,7.94702,5,55,400
303,21,7.94059,5,56,401
304,21,7.91447,4,0,401
305,21,7.88852,4,0,401
306,21,7.90196,4,2,403
307,21,7.89577,4,3,404
308,21,7.87013,3,0,404
309,21,7.86408,3,1,405
310,21,7.87742,3,3,407
311,21,7.89068,3,5,409
312,21,7.86538,2,0,409
313,21,7.85942,2,1,410
314,21,7.8535,2,2,411
