1,0,0,10,0,0
2,0,0,10,0,0
3,0,2,10,1,1
4,0,1.5,10,1,1
5,0,1.2,10,1,1
6,0,1,10,1,1
7,0,0.857143,10,1,1
8,0,0.75,10,1,1
9,0,0.666667,10,1,1
10,0,0.6,10,1,1
11,0,0.545455,10,1,1
12,0,0.5,10,1,1
13,0,0.923077,10,2,2
14,0,1.28571,10,3,3
15,0,1.6,10,4,4
16,0,1.5,10,4,4
17,0,1.41176,10,4,4
18,0,1.33333,10,4,4
19,0,1.26316,10,4,4
20,0,1.2,10,4,4
21,0,1.42857,10,5,5
22,0,1.63636,10,6,6
23,1,1.82609,10,7,7
24,2,2,10,8,8
25,2,1.92,10,8,8
26,2,1.84615,10,8,8
27,2,1.77778,10,8,8
28,2,1.92857,10,9,9
29,2,1.86207,10,9,9
30,2,1.8,10,9,9
31,2,1.74194,10,9,9
32,2,2.4375,10,13,13
33,3,2.54545,10,14,14
34,3,2.47059,10,14,14
35,3,3.08571,10,18,18
36,3,3,10,18,18
37,3,3.56757,10,22,22
38,3,3.47368,10,22,22
39,3,3.53846,10,23,23
40,3,3.45,10,23,23
41,3,3.5122,10,24,24
42,3,3.42857,10,24,24
43,3,3.34884,10,24,24
44,3,3.27273,10,24,24
45,3,3.2,10,24,24
46,3,3.91304,10,30,30
47,3,3.82979,10,30,30
48,3,3.875,10,31,31
49,3,3.79592,9,0,31
50,3,3.72,9,0,31
51,3,3.64706,9,0,31
52,3,4.03846,9,4,35
53,3,3.96226,9,4,35
54,3,3.88889,9,4,35
55,3,3.81818,9,4,35
56,3,4.17857,9,8,39
57,3,4.10526,9,8,39
58,3,4.44828,9,12,43
59,3,4.37288,9,12,43
60,3,4.4,9,13,44
61,3,4.42623,9,14,45
62,3,4.45161,9,15,46
63,3,4.38095,9,15,46
64,3,4.5,9,17,48
65,3,4.43077,9,17,48
66,3,4.36364,9,17,48
67,3,4.29851,9,17,48
68,3,4.58824,9,21,52
69,3,4.52174,9,21,52
70,3,4.8,9,25,56
71,3,5.07042,9,29,60
72,3,5.33333,9,33,64
73,3,5.58904,9,37,68
74,3,5.83784,9,41,72
75,3,5.76,9,41,72
76,3,5.68421,9,41,72
77,3,5.61039,9,41,72
78,3,5.53846,8,0,72
79,3,5.46835,8,0,72
80,3,5.475,8,1,73
81,3,5.40741,8,1,73
82,3,5.34146,8,1,73
83,3,5.27711,8,1,73
84,3,5.28571,8,2,74
85,3,5.50588,8,6,78
86,3,5.72093,8,10,82
87,3,5.65517,8,10,82
88,3,5.65909,8,11,83
89,3,5.73034,8,13,85
90,3,5.93333,8,17,89
91,4,5.93407,8,18,90
92,5,5.93478,8,19,91
93,5,5.87097,8,19,91
94,5,5.80851,8,19,91
95,5,5.74737,8,19,91
96,5,5.6875,8,19,91
97,5,5.62887,8,19,91
98,5,5.63265,8,20,92
99,6,5.63636,8,21,93
100,6,5.58,8,21,93
101,6,5.52475,8,21,93
102,6,5.52941,8,22,94
103,6,5.53398,8,23,95
104,6,5.53846,8,24,96
105,6,5.6,8,26,98
106,6,5.60377,8,27,99
107,6,5.5514,8,27,99
108,6,5.55556,8,28,100
109,6,5.61468,8,30,102
110,6,5.56364,8,30,102
111,6,5.56757,8,31,103
112,6,5.51786,8,31,103
113,6,5.46903,8,31,103
114,6,5.42105,8,31,103
115,6,5.37391,8,31,103
116,6,5.32759,8,31,103
117,6,5.28205,8,31,103
118,6,5.28814,8,32,104
119,6,5.29412,8,33,105
120,6,5.3,8,34,106
121,6,5.30579,8,35,107
122,6,5.45902,8,39,111
123,6,5.60976,8,43,115
124,6,5.6129,8,44,116
125,6,5.568,8,44,116
126,6,5.57143,8,45,117
127,6,5.5748,8,46,118
128,6,5.53125,8,46,118
129,6,5.48837,8,46,118
130,6,5.49231,8,47,119
131,6,5.45038,8,47,119
132,6,5.40909,8,47,119
133,6,5.36842,8,47,119
134,6,5.32836,8,47,119
135,6,5.28889,8,47,119
136,6,5.25,8,47,119
137,6,5.21168,8,47,119
138,6,5.21739,8,48,120
139,6,5.22302,8,49,121
140,6,5.18571,8,49,121
141,6,5.23404,8,51,123
142,6,5.19718,8,51,123
143,6,5.16084,8,51,123
144,6,5.20833,8,53,125
145,6,5.17241,8,53,125
146,6,5.17808,8,54,126
147,6,5.18367,8,55,127
148,6,5.14865,8,55,127
149,6,5.11409,8,55,127
150,6,5.12,8,56,128
151,6,5.08609,8,56,128
152,6,5.09211,8,57,129
153,6,5.05882,8,57,129
154,6,5.02597,8,57,129
155,6,5.14839,8,61,133
156,6,5.15385,8,62,134
157,6,5.12102,8,62,134
158,6,5.12658,8,63,135
159,6,5.09434,8,63,135
160,6,5.1,8,64,136
161,6,5.10559,8,65,137
162,6,5.11111,8,66,138
163,6,5.07975,8,66,138
164,6,5.08537,8,67,139
165,6,5.05455,8,67,139
166,6,5.06024,8,68,140
167,6,5.06587,8,69,141
168,6,5.03571,8,69,141
169,6,5.04142,8,70,142
170,6,5.01176,8,70,142
171,6,5.01754,8,71,143
172,6,5.02326,8,72,144
173,6,4.99422,8,72,144
174,6,5.10345,8,76,148
175,6,5.10857,8,77,149
176,6,5.11364,8,78,150
177,6,5.11864,8,79,151
178,6,5.1236,8,80,152
179,6,5.09497,8,80,152
180,6,5.1,8,81,153
181,6,5.10497,8,82,154
182,6,5.14286,8,84,156
183,6,5.2459,8,88,160
184,6,5.25,8,89,161
185,6,5.22162,8,89,161
186,6,5.22581,8,90,162
187,6,5.22995,8,91,163
188,6,5.23404,8,92,164
189,6,5.20635,8,92,164
190,6,5.17895,8,92,164
191,6,5.27749,8,96,168
192,6,5.375,8,100,172
193,6,5.37824,8,101,173
194,6,5.38144,8,102,174
195,6,5.35385,8,102,174
196,6,5.35714,8,103,175
197,6,5.36041,8,104,176
198,6,5.33333,8,104,176
199,6,5.33668,8,105,177
200,6,5.31,8,105,177
201,6,5.34328,8,107,179
202,6,5.31683,8,107,179
203,6,5.3202,8,108,180
204,7,5.32353,8,109,181
205,7,5.32683,8,110,182
206,7,5.30097,8,110,182
207,7,5.30435,8,111,183
208,7,5.30769,8,112,184
209,7,5.311,8,113,185
210,7,5.31429,8,114,186
211,7,5.31754,8,115,187
212,7,5.29245,8,115,187
213,7,5.29577,8,116,188
214,7,5.29907,8,117,189
215,7,5.30233,8,118,190
216,7,5.27778,8,118,190
217,7,5.25346,8,118,190
218,7,5.22936,8,118,190
219,7,5.23288,8,119,191
220,7,5.23636,8,120,192
221,7,5.23982,8,121,193
222,7,5.24324,8,122,194
223,7,5.32735,8,126,198
224,7,5.30357,7,0,198
225,7,5.38667,7,4,202
226,7,5.36283,7,4,202
227,7,5.36564,7,5,203
228,7,5.34211,7,5,203
229,7,5.31878,7,5,203
230,7,5.32174,7,6,204
231,7,5.2987,7,6,204
232,8,5.30172,7,7,205
233,8,5.27897,7,7,205
234,8,5.28205,7,8,206
235,8,5.25957,7,8,206
236,8,5.26271,7,9,207
237,8,5.24051,7,9,207
238,8,5.26891,7,11,209
239,13,5.37238,7,16,214
240,13,5.35,7,16,214
241,13,5.3527,7,17,215
242,13,5.35537,7,18,216
243,13,5.33333,7,18,216
244,13,5.31148,7,18,216
245,13,5.31429,7,19,217
246,13,5.29268,7,19,217
247,13,5.27126,7,19,217
248,13,5.25,7,19,217
249,13,5.3253,7,23,221
250,13,5.4,7,27,225
251,13,5.40239,7,28,226
252,13,5.38095,7,28,226
253,13,5.3834,7,29,227
254,13,5.3622,7,29,227
255,13,5.48235,7,35,233
256,13,5.46094,7,35,233
257,13,5.43969,7,35,233
258,13,5.44186,7,36,234
259,13,5.42085,6,0,234
260,13,5.4,6,0,234
261,13,5.42529,6,2,236
262,13,5.49618,6,6,240
263,13,5.4981,6,7,241
264,13,5.47727,6,7,241
265,13,5.54717,6,11,245
266,13,5.54887,6,12,246
267,13,5.55056,6,13,247
268,13,5.6194,6,17,251
269,13,5.62082,6,18,252
270,13,5.68889,6,22,256
271,13,5.6679,6,22,256
272,13,5.77941,6,28,262
273,13,5.82418,6,31,265
274,13,5.82482,6,32,266
275,13,5.89091,6,36,270
276,13,5.8913,6,37,271
277,13,5.87004,5,0,271
278,13,5.8705,5,1,272
279,13,5.84946,5,1,272
280,13,5.87143,5,3,274
281,13,5.85053,5,3,274
282,13,5.91489,5,7,278
283,13,5.9788,5,11,282
284,13,5.97887,5,12,283
285,13,5.97895,5,13,284
286,13,5.97902,5,14,285
287,13,5.97909,5,15,286
288,13,5.97917,5,16,287
289,13,5.95848,5,16,287
290,13,5.93793,4,0,287
291,13,6,4,4,291
292,13,5.97945,4,4,291
293,13,5.95904,4,4,291
294,13,5.95918,4,5,292
295,13,6.02034,4,9,296
296,13,6.02027,4,10,297
297,13,6.0404,4,12,299
298,13,6.04027,4,13,300
299,13,6.02007,4,13,300
300,13,6.08,4,17,304
301,13,6.09967,4,19,306
302,13,6.09934,4,20,307
303,13,6.09901,4,21,308
304,13,6.15789,4,25,312
305,13,6.17705,4,27,314
306,13,6.17647,4,28,315