1,0,24,10,4,4
2,0,12,10,4,4
3,0,8,10,4,4
4,0,6,10,4,4
5,0,7.2,10,6,6
6,0,6,10,6,6
7,0,8.57143,10,10,10
8,0,7.5,10,10,10
9,0,6.66667,10,10,10
10,0,6,10,10,10
11,0,7.63636,10,14,14
12,0,7,10,14,14
13,0,6.46154,10,14,14
14,0,6.42857,10,15,15
15,0,6,10,15,15
16,0,5.625,10,15,15
17,0,5.29412,10,15,15
18,0,5,10,15,15
19,0,4.73684,10,15,15
20,0,4.5,10,15,15
21,1,4.57143,10,16,16
22,2,4.63636,10,17,17
23,2,4.69565,10,18,18
24,2,5.5,10,22,22
25,2,6.24,10,26,26
26,2,6.92308,10,30,30
27,3,6.88889,10,31,31
28,3,6.64286,10,31,31
29,3,6.41379,10,31,31
30,3,7,10,35,35
31,3,6.77419,10,35,35
32,3,7.3125,10,39,39
33,3,7.81818,10,43,43
34,3,7.58824,10,43,43
35,3,7.54286,10,44,44
36,3,7.5,10,45,45
37,3,7.2973,10,45,45
38,3,7.10526,10,45,45
39,3,7.53846,10,49,49
40,4,7.5,10,50,50
41,4,7.31707,10,50,50
42,4,7.14286,10,50,50
43,4,7.81395,10,56,56
44,4,7.77273,10,57,57
45,4,7.73333,10,58,58
46,4,7.69565,10,59,59
47,4,8.29787,10,65,65
48,4,8.625,10,69,69
49,4,8.44898,9,0,69
50,4,8.76,9,4,73
51,4,8.58824,9,4,73
52,4,8.42308,9,4,73
53,4,8.26415,9,4,73
54,4,8.22222,9,5,74
55,4,8.07273,9,5,74
56,4,7.92857,9,5,74
57,4,7.78947,9,5,74
58,4,8.27586,9,11,80
59,4,8.13559,8,0,80
60,4,8,8,0,80
61,4,7.96721,8,1,81
62,4,7.93548,8,2,82
63,4,7.80952,7,0,82
64,4,7.6875,7,0,82
65,4,7.66154,7,1,83
66,4,7.54545,7,1,83
67,4,7.43284,7,1,83
68,4,7.32353,7,1,83
69,4,7.30435,7,2,84
70,4,7.2,7,2,84
71,4,7.09859,7,2,84
72,4,7,7,2,84
73,4,6.90411,7,2,84
74,4,6.81081,7,2,84
75,4,6.72,7,2,84
76,4,6.63158,7,2,84
77,4,6.54545,7,2,84
78,4,6.53846,7,3,85
79,4,6.4557,7,3,85
80,4,6.45,7,4,86
81,4,6.37037,7,4,86
82,4,6.36585,7,5,87
83,4,6.36145,7,6,88
84,4,6.28571,7,6,88
85,4,6.49412,7,10,92
86,4,6.4186,7,10,92
87,4,6.48276,7,12,94
88,4,6.40909,7,12,94
89,4,6.40449,7,13,95
90,4,6.6,7,17,99
91,4,6.52747,6,0,99
92,4,6.45652,6,0,99
93,4,6.3871,6,0,99
94,4,6.31915,6,0,99
95,4,6.25263,6,0,99
96,4,6.25,6,1,100
97,4,6.18557,6,1,100
98,4,6.12245,6,1,100
99,4,6.12121,6,2,101
100,4,6.06,6,2,101
101,4,6.05941,6,3,102
102,4,6,6,3,102
103,4,6,6,4,103
104,4,5.94231,6,4,103
105,4,5.88571,6,4,103
106,4,5.83019,6,4,103
107,4,6,6,8,107
108,4,6.05556,6,10,109
109,4,6.22018,6,14,113
110,4,6.16364,6,14,113
111,4,6.16216,6,15,114
112,4,6.10714,6,15,114
113,4,6.10619,6,16,115
114,4,6.26316,6,20,119
115,4,6.2087,6,20,119
116,4,6.15517,6,20,119
117,4,6.30769,6,24,123
118,4,6.25424,6,24,123
119,4,6.2521,6,25,124
120,4,6.4,6,29,128
121,4,6.34711,6,29,128
122,4,6.29508,6,29,128
123,4,6.2439,6,29,128
124,4,6.19355,6,29,128
125,4,6.144,6,29,128
126,4,6.14286,6,30,129
127,4,6.09449,6,30,129
128,4,6.09375,6,31,130
129,4,6.09302,6,32,131
130,4,6.04615,6,32,131
131,4,6.18321,6,36,135
132,4,6.18182,6,37,136
133,4,6.13534,6,37,136
134,4,6.08955,6,37,136
135,4,6.08889,6,38,137
136,4,6.04412,6,38,137
137,4,6.08759,6,40,139
138,4,6.04348,6,40,139
139,4,6,6,40,139
140,4,5.95714,6,40,139
141,4,5.91489,6,40,139
142,4,5.87324,6,40,139
143,4,5.83217,5,0,139
144,4,5.79167,5,0,139
145,4,5.75172,5,0,139
146,4,5.71233,5,0,139
147,4,5.67347,5,0,139
148,4,5.63514,5,0,139
149,4,5.59732,5,0,139
150,4,5.56,5,0,139
151,4,5.52318,5,0,139
152,4,5.48684,5,0,139
153,4,5.45098,5,0,139
154,4,5.45455,5,1,140
155,4,5.41935,5,1,140
156,4,5.38462,5,1,140
157,4,5.35032,5,1,140
158,4,5.35443,5,2,141
159,4,5.32075,5,2,141
160,4,5.3625,5,4,143
161,4,5.36646,5,5,144
162,4,5.37037,5,6,145
163,4,5.37423,5,7,146
164,4,5.34146,5,7,146
165,4,5.30909,5,7,146
166,4,5.27711,5,7,146
167,4,5.24551,5,7,146
168,4,5.35714,5,11,150
169,4,5.36095,5,12,151
170,4,5.36471,5,13,152
171,4,5.36842,5,14,153
172,4,5.37209,5,15,154
173,4,5.34104,5,15,154
174,4,5.34483,5,16,155
175,4,5.31429,5,16,155
176,4,5.42045,5,20,159
177,4,5.45763,5,22,161
178,4,5.46067,5,23,162
179,4,5.43017,5,23,162
180,4,5.43333,5,24,163
181,4,5.40331,5,24,163
182,4,5.37363,5,24,163
183,4,5.34426,5,24,163
184,4,5.31522,5,24,163
185,4,5.28649,5,24,163
186,4,5.29032,5,25,164
187,4,5.26203,5,25,164
188,4,5.26596,5,26,165
189,4,5.26984,5,27,166
190,4,5.27368,5,28,167
191,4,5.24607,5,28,167
192,4,5.25,5,29,168
193,4,5.25389,5,30,169
194,4,5.2268,5,30,169
195,4,5.2,5,30,169
196,4,5.17347,5,30,169
197,4,5.14721,5,30,169
198,4,5.15152,5,31,170
199,4,5.12563,5,31,170
200,4,5.1,5,31,170
201,4,5.07463,5,31,170
202,4,5.0495,5,31,170
203,4,5.02463,5,31,170
204,4,5.02941,5,32,171
205,4,5.03415,5,33,172
206,4,5.00971,5,33,172
207,4,4.98551,5,33,172
208,4,4.96154,5,33,172
209,4,5.05263,5,37,176
210,4,5.02857,5,37,176
211,4,5.03318,5,38,177
212,4,5.12264,5,42,181
213,4,5.12676,5,43,182
214,4,5.21495,5,47,186
215,4,5.1907,5,47,186
216,4,5.19444,5,48,187
217,4,5.17051,5,48,187
218,4,5.14679,5,48,187
219,4,5.12329,5,48,187
220,4,5.1,5,48,187
221,4,5.07692,5,48,187
222,4,5.05405,5,48,187
223,4,5.13901,5,52,191
