1,0,0,10,0,0
2,0,0,10,0,0
3,0,0,10,0,0
4,0,0,10,0,0
5,0,2.4,10,2,2
6,0,4,10,4,4
7,0,3.42857,10,4,4
8,1,3.75,10,5,5
9,1,4,10,6,6
10,1,3.6,10,6,6
11,1,3.27273,10,6,6
12,1,3,10,6,6
13,1,2.76923,10,6,6
14,1,2.57143,10,6,6
15,1,2.4,10,6,6
16,1,2.25,10,6,6
17,1,2.11765,10,6,6
18,1,2,10,6,6
19,1,1.89474,10,6,6
20,1,1.8,10,6,6
21,1,1.71429,10,6,6
22,1,1.63636,10,6,6
23,1,1.56522,10,6,6
24,1,1.5,10,6,6
25,1,1.44,10,6,6
26,1,1.38462,10,6,6
27,1,2.22222,10,10,10
28,1,2.14286,10,10,10
29,1,2.06897,10,10,10
30,1,2,10,10,10
31,1,1.93548,10,10,10
32,1,2.0625,10,11,11
33,1,2,9,0,11
34,1,1.94118,9,0,11
35,2,2.05714,9,1,12
36,2,2,9,1,12
37,2,1.94595,9,1,12
38,2,1.89474,9,1,12
39,2,1.84615,9,1,12
40,2,1.8,9,1,12
41,2,1.7561,9,1,12
42,2,1.71429,8,0,12
43,2,1.67442,8,0,12
44,2,1.63636,8,0,12
45,2,2,8,3,15
46,2,1.95652,8,3,15
47,2,1.91489,8,3,15
48,2,2,8,4,16
49,2,2.20408,8,6,18
50,2,2.52,8,9,21
51,2,2.47059,8,9,21
52,2,2.42308,8,9,21
53,2,2.60377,8,11,23
54,3,2.66667,8,12,24
55,3,2.61818,8,12,24
56,3,2.57143,8,12,24
57,4,3.05263,8,17,29
58,4,3,8,17,29
59,4,3.05085,8,18,30
60,5,3.1,8,19,31
61,6,3.54098,8,24,36
62,6,3.87097,8,28,40
63,6,3.80952,8,28,40
64,6,3.75,8,28,40
65,6,3.69231,8,28,40
66,6,3.63636,8,28,40
67,6,3.67164,8,29,41
68,6,3.61765,8,29,41
69,6,3.56522,8,29,41
70,6,3.68571,8,31,43
71,6,3.71831,8,32,44
72,6,3.66667,8,32,44
73,6,3.61644,8,32,44
74,6,3.89189,8,36,48
75,6,3.84,8,36,48
76,6,3.78947,8,36,48
77,6,3.74026,8,36,48
78,6,3.69231,8,36,48
79,6,3.87342,8,39,51
80,6,3.825,8,39,51
81,6,3.85185,8,40,52
82,6,3.80488,8,40,52
83,6,3.75904,8,40,52
84,6,4,8,44,56
85,6,3.95294,8,44,56
86,6,3.90698,8,44,56
87,6,3.93103,8,45,57
88,6,3.95455,8,46,58
89,6,3.91011,8,46,58
90,6,3.86667,8,46,58
91,6,3.89011,8,47,59
92,6,3.84783,8,47,59
93,6,3.80645,8,47,59
94,6,3.76596,8,47,59
95,6,3.85263,8,49,61
96,6,3.8125,8,49,61
97,6,3.83505,8,50,62
98,7,3.85714,8,51,63
99,7,3.81818,8,51,63
100,7,3.78,8,51,63
101,7,3.80198,8,52,64
102,7,3.82353,8,53,65
103,7,3.78641,8,53,65
104,7,3.80769,8,54,66
105,7,3.77143,8,54,66
106,7,3.79245,8,55,67
107,7,3.81308,8,56,68
108,7,3.83333,8,57,69
109,7,3.9633,8,60,72
110,7,3.92727,8,60,72
111,7,3.94595,8,61,73
112,7,3.91071,8,61,73
113,7,4.0354,8,64,76
114,7,4.05263,8,65,77
115,7,4.06957,8,66,78
116,7,4.08621,8,67,79
117,7,4.05128,8,67,79
118,7,4.01695,8,67,79
119,7,3.98319,8,67,79
120,7,4,8,68,80
121,8,4.01653,8,69,81
122,8,3.98361,8,69,81
123,8,4,8,70,82
124,8,4.01613,8,71,83
125,8,4.176,8,75,87
126,8,4.14286,8,75,87
127,8,4.11024,8,75,87
128,8,4.17188,8,77,89
129,8,4.13953,8,77,89
130,8,4.10769,8,77,89
131,8,4.12214,8,78,90
132,8,4.09091,8,78,90
133,8,4.06015,8,78,90
134,8,4.1194,8,80,92
135,8,4.08889,8,80,92
136,8,4.10294,8,81,93
137,8,4.11679,8,82,94
138,8,4.13043,8,83,95
139,8,4.14388,8,84,96
140,8,4.11429,8,84,96
141,8,4.17021,8,86,98
142,8,4.14085,8,86,98
143,8,4.15385,8,87,99
144,9,4.16667,8,88,100
145,9,4.13793,8,88,100
146,9,4.15068,8,89,101
147,9,4.12245,8,89,101
148,9,4.13514,8,90,102
149,9,4.14765,8,91,103
150,9,4.12,8,91,103
151,9,4.09272,8,91,103
152,9,4.22368,8,95,107
153,9,4.23529,8,96,108
154,9,4.24675,8,97,109
155,9,4.25806,8,98,110
156,9,4.23077,7,0,110
157,9,4.20382,7,0,110
158,9,4.17722,7,0,110
159,10,4.22642,7,2,112
160,10,4.425,7,8,118
161,10,4.39752,7,8,118
162,10,4.37037,7,8,118
163,10,4.34356,7,8,118
164,10,4.31707,7,8,118
165,10,4.32727,7,9,119
166,10,4.37349,7,11,121
167,10,4.38323,7,12,122
168,10,4.39286,7,13,123
169,10,4.40237,7,14,124
170,10,4.37647,7,14,124
171,10,4.38596,7,15,125
172,10,4.39535,7,16,126
173,10,4.40462,7,17,127
174,10,4.37931,7,17,127
175,10,4.38857,7,18,128
176,10,4.39773,7,19,129
177,10,4.37288,7,19,129
178,10,4.34831,7,19,129
179,10,4.39106,7,21,131
180,10,4.36667,7,21,131
181,10,4.40884,7,23,133
182,10,4.41758,7,24,134
183,10,4.42623,7,25,135
184,10,4.43478,7,26,136
185,10,4.44324,7,27,137
186,10,4.41935,7,27,137
187,10,4.45989,7,29,139
188,10,4.46809,7,30,140
189,10,4.44444,7,30,140
190,10,4.45263,7,31,141
191,10,4.42932,7,31,141
192,10,4.53125,7,35,145
193,10,4.56995,7,37,147
194,10,4.57732,7,38,148
195,10,4.55385,7,38,148
196,10,4.53061,7,38,148
197,10,4.50761,7,38,148
198,10,4.48485,7,38,148
199,10,4.46231,7,38,148
200,10,4.44,7,38,148
201,10,4.44776,7,39,149
202,10,4.45545,7,40,150
203,10,4.4335,7,40,150
204,10,4.44118,7,41,151
205,10,4.41951,7,41,151
206,10,4.39806,7,41,151
207,10,4.4058,7,42,152
208,10,4.41346,7,43,153
209,10,4.39234,7,43,153
210,10,4.42857,7,45,155
211,10,4.40758,6,0,155
212,10,4.38679,6,0,155
213,10,4.42254,6,2,157
214,15,4.54206,6,7,162
215,15,4.52093,6,7,162
216,20,4.63889,6,12,167
217,20,4.61751,6,12,167
218,20,4.62385,6,13,168
219,20,4.60274,6,13,168
220,20,4.63636,6,15,170
221,20,4.61538,6,15,170
222,20,4.64865,6,17,172
223,20,4.68161,6,19,174
224,20,4.6875,6,20,175
225,20,4.66667,6,20,175
226,20,4.67257,6,21,176
227,20,4.67841,6,22,177
228,24,4.76316,6,26,181
229,24,4.74236,6,26,181
230,24,4.74783,6,27,182
231,24,4.72727,6,27,182
232,24,4.75862,6,29,184
233,24,4.76395,6,30,185
234,24,4.76923,6,31,186
235,24,4.85106,6,35,190
236,24,4.83051,6,35,190
237,24,4.83544,6,36,191
238,24,4.84034,6,37,192
239,24,4.82008,6,37,192
240,24,4.825,6,38,193
241,24,4.82988,6,39,194
242,24,4.83471,6,40,195
243,24,4.91358,6,44,199
244,24,4.91803,6,45,200
245,24,4.92245,6,46,201
246,24,4.90244,6,46,201
247,24,4.90688,6,47,202
248,24,4.8871,6,47,202
249,24,4.89157,6,48,203
250,24,4.872,6,48,203
251,24,4.85259,6,48,203
252,24,4.88095,6,50,205
253,24,4.88538,6,51,206
254,24,4.88976,6,52,207
255,24,4.89412,6,53,208
256,24,4.875,6,53,208
257,24,4.87938,6,54,209
258,24,4.88372,6,55,210
259,24,4.88803,6,56,211
260,24,4.86923,6,56,211
261,24,4.87356,6,57,212
262,24,4.85496,6,57,212
263,24,4.8365,6,57,212
264,24,4.81818,6,57,212
265,24,4.82264,6,58,213
266,24,4.80451,6,58,213
267,24,4.80899,6,59,214
268,24,4.81343,6,60,215
269,24,4.79554,6,60,215
270,24,4.82222,6,62,217
271,24,4.82657,6,63,218
272,24,4.85294,6,65,220
273,24,4.96703,6,71,226
274,24,4.94891,6,71,226
275,24,4.97455,6,73,228
276,24,4.97826,6,74,229
277,24,4.98195,6,75,230
278,24,5.05036,6,79,234
279,24,5.11828,6,83,238
280,24,5.18571,6,87,242
281,24,5.20996,6,89,244
282,25,5.29787,6,94,249
283,25,5.27915,6,94,249
284,25,5.28169,6,95,250
285,25,5.34737,6,99,254
286,25,5.34965,6,100,255
287,25,5.35192,6,101,256
288,26,5.35417,6,102,257
289,26,5.33564,6,102,257
290,26,5.35862,6,104,259
291,26,5.42268,6,108,263
292,26,5.5274,6,114,269
293,27,5.52901,6,115,270
294,30,5.57143,6,118,273
295,30,5.55254,5,0,273
296,31,5.55405,5,1,274
297,31,5.61616,5,5,278
298,31,5.63758,5,7,280
299,31,5.6388,5,8,281
300,31,5.64,5,9,282
301,31,5.66113,5,11,284
302,31,5.66225,5,12,285
303,31,5.68317,5,14,287
304,31,5.70395,5,16,289
305,31,5.68525,4,0,289
306,31,5.66667,3,0,289
307,36,5.74593,3,5,294
308,36,5.74675,3,6,295
309,36,5.74757,3,7,296
310,40,5.80645,3,11,300
311,40,5.80707,3,12,301
312,40,5.80769,3,13,302
313,45,5.88498,3,18,307
314,45,5.88535,3,19,308
315,45,5.88571,3,20,309
316,45,5.92405,3,23,312
317,45,5.98107,3,27,316
318,46,5.98113,3,28,317
319,46,5.96238,3,28,317