1,0,0,10,0,0
2,1,6,10,2,2
3,1,6,10,3,3
4,1,4.5,10,3,3
5,1,3.6,10,3,3
6,2,4,10,4,4
7,2,3.42857,10,4,4
8,2,3,10,4,4
9,2,5.33333,10,8,8
10,2,7.2,10,12,12
11,2,6.54545,10,12,12
12,2,6.5,10,13,13
13,2,6,10,13,13
14,2,6,10,14,14
15,2,6.4,10,16,16
16,2,6,10,16,16
17,2,5.64706,10,16,16
18,2,5.33333,10,16,16
19,2,5.05263,10,16,16
20,2,4.8,9,0,16
21,2,4.57143,9,0,16
22,2,4.36364,9,0,16
23,2,4.17391,9,0,16
24,2,4,9,0,16
25,2,3.84,9,0,16
26,2,3.69231,9,0,16
27,2,3.55556,9,0,16
28,2,3.42857,9,0,16
29,2,4.13793,9,4,20
30,2,4,9,4,20
31,2,3.87097,9,4,20
32,3,3.9375,9,5,21
33,3,3.81818,9,5,21
34,4,3.88235,9,6,22
35,4,4.45714,9,10,26
36,4,4.33333,9,10,26
37,4,4.21622,9,10,26
38,4,4.10526,9,10,26
39,4,4.15385,9,11,27
40,4,4.05,9,11,27
41,4,3.95122,9,11,27
42,4,3.85714,9,11,27
43,5,3.90698,9,12,28
44,5,3.81818,9,12,28
45,5,3.73333,9,12,28
46,5,3.65217,9,12,28
47,6,3.70213,9,13,29
48,6,3.625,9,13,29
49,6,3.55102,9,13,29
50,6,3.48,9,13,29
51,6,3.52941,9,14,30
52,6,3.92308,9,18,34
53,6,3.84906,9,18,34
54,6,3.77778,9,18,34
55,6,3.70909,9,18,34
56,10,4.07143,9,22,38
57,10,4.42105,9,26,42
58,10,4.34483,8,0,42
59,10,4.37288,8,1,43
60,10,4.3,8,1,43
61,10,4.22951,8,1,43
62,11,4.25806,8,2,44
63,11,4.19048,8,2,44
64,11,4.125,8,2,44
65,11,4.06154,8,2,44
66,11,4,8,2,44
67,11,3.9403,8,2,44
68,11,3.88235,8,2,44
69,11,3.82609,8,2,44
70,11,3.85714,8,3,45
71,11,3.80282,8,3,45
72,11,3.75,8,3,45
73,11,3.78082,8,4,46
74,12,3.81081,8,5,47
75,13,3.84,8,6,48
76,13,3.78947,8,6,48
77,13,3.81818,8,7,49
78,13,3.76923,8,7,49
79,13,3.72152,8,7,49
80,13,3.75,8,8,50
81,13,3.7037,8,8,50
82,13,3.65854,8,8,50
83,13,3.68675,8,9,51
84,13,3.92857,8,13,55
85,13,3.88235,7,0,55
86,13,3.90698,7,1,56
87,13,3.86207,7,1,56
88,13,3.81818,7,1,56
89,13,3.77528,7,1,56
90,13,3.73333,7,1,56
91,13,3.69231,7,1,56
92,13,3.78261,7,3,58
93,13,3.74194,7,3,58
94,13,3.82979,7,5,60
95,13,3.78947,7,5,60
96,14,3.8125,7,6,61
97,14,3.7732,7,6,61
98,14,3.79592,7,7,62
99,19,4.06061,7,12,67
100,19,4.02,7,12,67
101,19,3.9802,7,12,67
102,19,3.94118,7,12,67
103,19,3.90291,6,0,67
104,19,4.09615,6,4,71
105,19,4.05714,6,4,71
106,19,4.07547,6,5,72
107,19,4.03738,6,5,72
108,19,4,6,5,72
109,19,3.9633,6,5,72
110,19,3.92727,6,5,72
111,19,3.89189,6,5,72
112,19,3.85714,6,5,72
113,19,3.87611,6,6,73
114,19,3.89474,6,7,74
115,19,3.86087,6,7,74
116,19,3.82759,6,7,74
117,19,3.89744,6,9,76
118,19,3.86441,6,9,76
119,19,3.83193,6,9,76
120,19,3.85,6,10,77
121,19,3.81818,6,10,77
122,19,3.83607,6,11,78
123,19,3.80488,6,11,78
124,19,3.77419,6,11,78
125,19,3.792,6,12,79
126,19,3.7619,6,12,79
127,19,3.73228,6,12,79
128,19,3.70312,6,12,79
129,19,3.67442,6,12,79
130,19,3.64615,6,12,79
131,19,3.66412,6,13,80
132,19,3.63636,6,13,80
133,19,3.60902,6,13,80
134,19,3.62687,6,14,81
135,19,3.64444,6,15,82
136,19,3.61765,6,15,82
137,19,3.59124,6,15,82
138,19,3.56522,6,15,82
139,20,3.58273,6,16,83
140,20,3.55714,6,16,83
141,20,3.53191,6,16,83
142,20,3.50704,6,16,83
143,20,3.48252,6,16,83
144,20,3.70833,6,22,89
145,20,3.72414,6,23,90
146,20,3.73973,6,24,91
147,20,3.71429,6,24,91
148,20,3.68919,6,24,91
149,20,3.66443,6,24,91
150,20,3.64,6,24,91
151,21,3.65563,6,25,92
152,21,3.67105,6,26,93
153,21,3.64706,6,26,93
154,21,3.62338,6,26,93
155,21,3.63871,6,27,94
156,21,3.61538,6,27,94
157,21,3.59236,6,27,94
158,21,3.56962,6,27,94
159,21,3.54717,6,27,94
160,21,3.675,6,31,98
161,21,3.68944,6,32,99
162,21,3.66667,6,32,99
163,21,3.71779,6,34,101
164,21,3.73171,6,35,102
165,21,3.70909,6,35,102
166,21,3.68675,6,35,102
167,21,3.7006,6,36,103
168,21,3.71429,6,37,104
169,21,3.72781,6,38,105
170,21,3.74118,6,39,106
171,21,3.75439,6,40,107
172,21,3.73256,6,40,107
173,21,3.71098,6,40,107
174,21,3.68966,6,40,107
175,21,3.66857,6,40,107
176,21,3.68182,6,41,108
177,21,3.66102,6,41,108
178,21,3.64045,6,41,108
179,21,3.65363,6,42,109
180,21,3.66667,6,43,110
181,21,3.67956,6,44,111
182,21,3.65934,6,44,111
183,21,3.63934,6,44,111
184,21,3.65217,6,45,112
185,21,3.66486,6,46,113
186,21,3.64516,6,46,113
187,21,3.62567,6,46,113
188,21,3.6383,6,47,114
189,21,3.61905,6,47,114
190,21,3.63158,6,48,115
191,21,3.61257,6,48,115
192,21,3.59375,6,48,115
193,21,3.60622,6,49,116
194,21,3.58763,6,49,116
195,21,3.69231,6,53,120
196,21,3.67347,6,53,120
197,21,3.65482,6,53,120
198,21,3.63636,6,53,120
199,21,3.70854,6,56,123
200,21,3.72,6,57,124
201,21,3.70149,6,57,124
202,21,3.71287,6,58,125
203,21,3.72414,6,59,126
204,21,3.70588,6,59,126
205,21,3.80488,6,63,130
206,21,3.78641,6,63,130
207,21,3.76812,6,63,130
208,21,3.80769,6,65,132
209,21,3.81818,6,66,133
210,21,3.8,6,66,133
211,21,3.78199,6,66,133
212,21,3.76415,6,66,133
213,21,3.74648,6,66,133
214,21,3.81308,6,69,136
215,21,3.79535,6,69,136
216,21,3.80556,6,70,137
217,21,3.78802,6,70,137
218,21,3.77064,6,70,137
219,21,3.80822,6,72,139
220,21,3.81818,6,73,140
221,21,3.8009,6,73,140
222,21,3.78378,5,0,140
223,21,3.79372,5,1,141
224,21,3.77679,5,1,141
225,21,3.86667,5,5,145
226,21,3.95575,5,9,149
227,21,3.96476,5,10,150
228,21,3.94737,5,10,150
229,21,3.95633,5,11,151
230,21,4.04348,5,15,155
231,21,4.07792,5,17,157
232,21,4.08621,5,18,158
233,21,4.09442,5,19,159
234,21,4.07692,5,19,159
235,21,4.08511,5,20,160
236,21,4.09322,5,21,161
237,21,4.10127,5,22,162
238,21,4.10924,5,23,163
239,21,4.11715,5,24,164
240,21,4.125,5,25,165
241,21,4.10788,5,25,165
242,21,4.09091,4,0,165
243,21,4.09877,4,1,166
244,21,4.10656,4,2,167
245,22,4.11429,4,3,168
246,23,4.12195,4,4,169
247,23,4.12955,4,5,170
248,23,4.1129,4,5,170
249,23,4.12048,4,6,171
250,23,4.128,4,7,172
251,23,4.13546,4,8,173
252,23,4.14286,4,9,174
253,23,4.1502,4,10,175
254,23,4.15748,4,11,176
255,23,4.14118,4,11,176
256,23,4.21875,4,15,180
257,23,4.22568,4,16,181
258,23,4.2093,3,0,181
259,23,4.19305,3,0,181
260,23,4.17692,2,0,181
261,23,4.16092,2,0,181
262,23,4.14504,2,0,181
263,23,4.12928,1,0,181
264,23,4.11364,1,0,181
265,23,4.09811,1,0,181
266,23,4.10526,1,1,182
267,24,4.11236,1,2,183
268,24,4.09701,1,2,183
269,24,4.10409,1,3,184
270,24,4.08889,1,3,184
271,24,4.0738,0,0,184