1,0,0,10,0,0
2,0,0,10,0,0
3,0,2,10,1,1
4,0,1.5,9,0,1
5,0,1.2,9,0,1
6,0,1,9,0,1
7,0,0.857143,9,0,1
8,0,3.75,9,4,5
9,0,3.33333,9,4,5
10,0,3,9,4,5
11,0,2.72727,9,4,5
12,0,2.5,9,4,5
13,0,2.30769,9,4,5
14,0,3.85714,9,8,9
15,0,3.6,8,0,9
16,0,3.375,8,0,9
17,2,3.88235,8,2,11
18,2,3.66667,8,2,11
19,2,3.47368,8,2,11
20,2,3.3,8,2,11
21,2,3.14286,8,2,11
22,2,3,8,2,11
23,2,2.86957,8,2,11
24,2,2.75,8,2,11
25,2,2.64,8,2,11
26,2,2.53846,8,2,11
27,2,2.44444,8,2,11
28,2,2.35714,8,2,11
29,2,2.27586,8,2,11
30,2,2.2,8,2,11
31,2,2.12903,8,2,11
32,2,2.25,8,3,12
33,2,2.54545,8,5,14
34,2,2.47059,8,5,14
35,2,2.57143,8,6,15
36,2,2.5,8,6,15
37,2,2.43243,8,6,15
38,2,2.52632,8,7,16
39,2,2.46154,8,7,16
40,2,3,8,11,20
41,2,2.92683,8,11,20
42,2,2.85714,8,11,20
43,2,2.7907,8,11,20
44,2,2.72727,8,11,20
45,2,2.8,8,12,21
46,2,2.73913,8,12,21
47,2,2.68085,8,12,21
48,2,2.625,8,12,21
49,2,2.57143,8,12,21
50,2,2.52,8,12,21
51,2,2.47059,8,12,21
52,2,2.88462,8,16,25
53,2,2.83019,8,16,25
54,2,2.88889,8,17,26
55,2,2.83636,8,17,26
56,2,2.78571,8,17,26
57,2,2.73684,8,17,26
58,2,2.68966,8,17,26
59,2,2.74576,8,18,27
60,2,2.7,8,18,27
61,2,2.7541,8,19,28
62,2,2.70968,8,19,28
63,2,2.66667,8,19,28
64,2,2.625,8,19,28
65,2,2.58462,8,19,28
66,2,2.54545,8,19,28
67,2,2.50746,8,19,28
68,3,2.55882,8,20,29
69,3,2.69565,8,22,31
70,3,2.65714,8,22,31
71,3,2.61972,8,22,31
72,3,2.58333,8,22,31
73,3,2.63014,8,23,32
74,3,2.91892,8,27,36
75,4,2.96,8,28,37
76,4,3,8,29,38
77,4,3.03896,8,30,39
78,4,3.07692,8,31,40
79,4,3.03797,8,31,40
80,4,3,8,31,40
81,4,3.03704,8,32,41
82,4,3.07317,8,33,42
83,4,3.10843,8,34,43
84,4,3.07143,8,34,43
85,4,3.10588,8,35,44
86,4,3.06977,8,35,44
87,4,3.10345,8,36,45
88,4,3.06818,8,36,45
89,4,3.03371,8,36,45
90,4,3.13333,8,38,47
91,4,3.0989,8,38,47
92,4,3.06522,8,38,47
93,4,3.09677,8,39,48
94,4,3.12766,8,40,49
95,4,3.09474,8,40,49
96,4,3.1875,8,42,51
97,4,3.15464,8,42,51
98,4,3.36735,8,46,55
99,4,3.33333,8,46,55
100,4,3.36,8,47,56
101,4,3.38614,8,48,57
102,4,3.35294,8,48,57
103,4,3.37864,8,49,58
104,4,3.40385,8,50,59
105,4,3.42857,8,51,60
106,9,3.67925,8,56,65
107,9,3.98131,8,62,71
108,9,3.94444,8,62,71
109,9,3.9633,8,63,72
110,9,3.98182,8,64,73
111,9,4,8,65,74
112,9,3.96429,8,65,74
113,9,3.9292,8,65,74
114,9,3.94737,8,66,75
115,9,3.96522,8,67,76
116,9,3.98276,8,68,77
117,9,4,8,69,78
118,9,3.9661,8,69,78
119,9,3.93277,8,69,78
120,9,3.95,8,70,79
121,9,4.01653,8,72,81
122,9,4.03279,8,73,82
123,9,4.09756,8,75,84
124,9,4.06452,8,75,84
125,9,4.08,8,76,85
126,9,4.04762,8,76,85
127,9,4.06299,8,77,86
128,9,4.03125,8,77,86
129,9,4,8,77,86
130,9,3.96923,8,77,86
131,9,3.98473,8,78,87
132,9,4,8,79,88
133,9,4.06015,8,81,90
134,9,4.02985,8,81,90
135,9,4.17778,8,85,94
136,9,4.14706,8,85,94
137,9,4.16058,8,86,95
138,9,4.13043,8,86,95
139,9,4.27338,8,90,99
140,9,4.28571,8,91,100
141,9,4.29787,8,92,101
142,9,4.43662,8,96,105
143,10,4.44755,8,97,106
144,10,4.45833,8,98,107
145,11,4.46897,8,99,108
146,11,4.43836,8,99,108
147,12,4.44898,8,100,109
148,12,4.41892,8,100,109
149,13,4.42953,8,101,110
150,13,4.4,8,101,110
151,13,4.4106,8,102,111
152,13,4.38158,8,102,111
153,13,4.39216,8,103,112
154,13,4.51948,8,107,116
155,13,4.52903,8,108,117
156,13,4.53846,8,109,118
157,13,4.54777,8,110,119
158,13,4.51899,8,110,119
159,13,4.49057,8,110,119
160,13,4.4625,8,110,119
161,13,4.43478,8,110,119
162,13,4.44444,8,111,120
163,13,4.45399,8,112,121
164,13,4.42683,8,112,121
165,13,4.43636,8,113,122
166,13,4.40964,8,113,122
167,13,4.38323,7,0,122
168,13,4.35714,7,0,122
169,13,4.33136,7,0,122
170,13,4.34118,7,1,123
171,13,4.31579,7,1,123
172,13,4.2907,7,1,123
173,13,4.2659,7,1,123
174,13,4.27586,7,2,124
175,13,4.28571,7,3,125
176,13,4.29545,7,4,126
177,13,4.27119,7,4,126
178,13,4.31461,7,6,128
179,13,4.32402,7,7,129
180,13,4.3,7,7,129
181,13,4.27624,6,0,129
182,13,4.25275,6,0,129
183,13,4.22951,6,0,129
184,13,4.23913,6,1,130
185,13,4.21622,6,1,130
186,13,4.22581,6,2,131
187,13,4.23529,6,3,132
188,13,4.24468,6,4,133
189,13,4.22222,6,4,133
190,13,4.23158,6,5,134
191,13,4.20942,6,5,134
192,13,4.1875,6,5,134
193,13,4.19689,6,6,135
194,13,4.17526,6,6,135
195,13,4.18462,6,7,136
196,13,4.19388,6,8,137
197,13,4.17259,6,8,137
198,13,4.21212,6,10,139
199,13,4.25126,6,12,141
200,13,4.23,6,12,141
201,13,4.20896,6,12,141
202,13,4.18812,6,12,141
203,13,4.19704,6,13,142
204,13,4.29412,6,17,146
205,13,4.27317,6,17,146
206,13,4.28155,6,18,147
207,13,4.26087,6,18,147
208,13,4.24038,5,0,147
209,13,4.2201,5,0,147
210,13,4.2,5,0,147
211,13,4.20853,5,1,148
212,13,4.18868,5,1,148
213,13,4.16901,5,1,148
214,13,4.17757,5,2,149
215,13,4.18605,5,3,150
216,13,4.16667,5,3,150
217,13,4.17512,5,4,151
218,13,4.15596,5,4,151
219,13,4.13699,5,4,151
220,13,4.11818,5,4,151
221,13,4.09955,5,4,151
222,13,4.08108,5,4,151
223,13,4.08969,5,5,152
224,13,4.17857,5,9,156
225,13,4.16,5,9,156
226,13,4.22124,5,12,159
227,13,4.20264,5,12,159
228,13,4.21053,5,13,160
229,13,4.19214,4,0,160
230,13,4.17391,4,0,160
231,13,4.15584,4,0,160
232,13,4.16379,4,1,161
233,13,4.14592,4,1,161
234,13,4.23077,4,5,165
235,13,4.21277,4,5,165
236,13,4.19492,4,5,165
237,13,4.17722,4,5,165
238,13,4.15966,4,5,165
239,13,4.14226,4,5,165
240,13,4.125,4,5,165
241,13,4.20747,4,9,169
242,13,4.19008,4,9,169
243,13,4.19753,4,10,170
244,13,4.20492,4,11,171
245,13,4.18776,4,11,171
246,13,4.19512,4,12,172
247,13,4.20243,4,13,173
248,13,4.18548,4,13,173
249,13,4.16867,4,13,173
250,13,4.152,4,13,173
251,13,4.13546,4,13,173
252,13,4.16667,4,15,175
253,13,4.1502,4,15,175
254,13,4.15748,4,16,176
255,13,4.16471,4,17,177
256,13,4.17188,4,18,178
257,13,4.15564,3,0,178
258,13,4.13953,3,0,178
259,13,4.14672,3,1,179
260,13,4.13077,3,1,179
261,13,4.13793,3,2,180
262,13,4.14504,3,3,181
263,13,4.12928,3,3,181
264,13,4.11364,3,3,181
265,13,4.12075,3,4,182
266,13,4.10526,3,4,182
267,15,4.13483,3,6,184
268,15,4.1194,3,6,184
269,15,4.10409,2,0,184
270,15,4.08889,2,0,184
271,15,4.0738,2,0,184
272,15,4.08088,2,1,185
273,15,4.08791,2,2,186
274,16,4.09489,2,3,187
275,16,4.08,2,3,187
276,16,4.06522,2,3,187
277,16,4.0722,2,4,188
278,16,4.05755,2,4,188
279,16,4.06452,2,5,189
280,16,4.05,2,5,189
281,16,4.03559,2,5,189
282,16,4.02128,2,5,189
283,17,4.02827,2,6,190
284,17,4.03521,2,7,191
285,17,4.10526,2,11,195
286,17,4.11189,2,12,196
287,17,4.09756,2,12,196
288,17,4.08333,2,12,196
289,17,4.15225,2,16,200
290,18,4.15862,2,17,201
291,18,4.14433,1,0,201
292,18,4.17123,1,2,203
293,18,4.17747,1,3,204
294,18,4.18367,1,4,205
295,18,4.21017,1,6,207
296,18,4.19595,0,0,207