1,0,0,10,0,0
2,0,0,10,0,0
3,0,0,10,0,0
4,0,1.5,10,1,1
5,0,1.2,10,1,1
6,0,2,10,2,2
7,0,1.71429,10,2,2
8,0,1.5,10,2,2
9,0,2,10,3,3
10,0,4.2,10,7,7
11,0,6,10,11,11
12,0,8.5,10,17,17
13,0,8.30769,10,18,18
14,0,7.71429,10,18,18
15,0,7.2,10,18,18
16,0,6.75,10,18,18
17,0,7.76471,10,22,22
18,0,7.33333,10,22,22
19,0,8.21053,10,26,26
20,0,7.8,10,26,26
21,0,7.42857,10,26,26
22,0,8.18182,10,30,30
23,0,8.08696,10,31,31
24,0,7.75,10,31,31
25,0,7.44,10,31,31
26,0,7.15385,10,31,31
27,0,6.88889,10,31,31
28,0,6.64286,10,31,31
29,0,6.41379,10,31,31
30,0,7,10,35,35
31,0,6.96774,10,36,36
32,1,6.9375,10,37,37
33,1,6.72727,10,37,37
34,1,6.52941,10,37,37
35,1,6.34286,10,37,37
36,1,6.16667,10,37,37
37,1,6,10,37,37
38,1,6,10,38,38
39,1,5.84615,10,38,38
40,1,5.7,10,38,38
41,1,5.56098,10,38,38
42,1,5.42857,10,38,38
43,1,5.30233,10,38,38
44,1,5.18182,10,38,38
45,1,5.06667,9,0,38
46,1,4.95652,9,0,38
47,1,4.85106,9,0,38
48,1,4.75,9,0,38
49,1,4.65306,9,0,38
50,1,4.56,9,0,38
51,1,4.58824,9,1,39
52,1,4.5,9,1,39
53,1,4.41509,9,1,39
54,1,4.77778,9,5,43
55,1,4.69091,9,5,43
56,1,4.60714,9,5,43
57,1,4.52632,9,5,43
58,1,4.55172,9,6,44
59,1,4.47458,9,6,44
60,1,4.4,9,6,44
61,1,4.32787,9,6,44
62,1,4.25806,9,6,44
63,1,4.28571,9,7,45
64,1,4.21875,9,7,45
65,1,4.15385,9,7,45
66,1,4.09091,9,7,45
67,1,4.38806,9,11,49
68,1,4.32353,9,11,49
69,1,4.26087,9,11,49
70,1,4.2,9,11,49
71,1,4.14085,9,11,49
72,1,4.16667,9,12,50
73,1,4.10959,9,12,50
74,1,4.05405,9,12,50
75,1,4,9,12,50
76,1,4.26316,9,16,54
77,1,4.28571,9,17,55
78,1,4.23077,9,17,55
79,1,4.17722,9,17,55
80,1,4.2,9,18,56
81,1,4.14815,9,18,56
82,1,4.39024,9,22,60
83,1,4.33735,9,22,60
84,1,4.28571,9,22,60
85,1,4.51765,9,26,64
86,1,4.53488,9,27,65
87,1,4.48276,9,27,65
88,1,4.5,9,28,66
89,1,4.7191,9,32,70
90,1,4.93333,9,36,74
91,1,4.87912,9,36,74
92,1,4.8913,9,37,75
93,1,4.90323,9,38,76
94,1,4.85106,9,38,76
95,1,4.86316,9,39,77
96,1,4.875,9,40,78
97,1,4.82474,9,40,78
98,1,4.77551,9,40,78
99,1,4.78788,9,41,79
100,1,4.74,9,41,79
101,1,4.75248,9,42,80
102,1,4.70588,9,42,80
103,1,4.66019,9,42,80
104,1,4.84615,9,46,84
105,1,4.85714,9,47,85
106,1,4.81132,9,47,85
107,1,4.82243,9,48,86
108,6,5.05556,9,53,91
109,6,5.00917,9,53,91
110,6,5.01818,9,54,92
111,6,4.97297,9,54,92
112,6,4.92857,9,54,92
113,6,4.93805,9,55,93
114,6,4.89474,9,55,93
115,6,4.85217,9,55,93
116,6,4.91379,9,57,95
117,6,4.87179,9,57,95
118,6,4.88136,9,58,96
119,6,4.84034,9,58,96
120,6,5,9,62,100
121,6,5.00826,9,63,101
122,6,5.01639,9,64,102
123,6,5.02439,9,65,103
124,6,5.17742,9,69,107
125,6,5.136,9,69,107
126,6,5.09524,9,69,107
127,6,5.05512,9,69,107
128,6,5.20312,9,73,111
129,6,5.16279,9,73,111
130,6,5.12308,9,73,111
131,6,5.12977,9,74,112
132,6,5.09091,9,74,112
133,6,5.32331,9,80,118
134,6,5.32836,9,81,119
135,6,5.28889,9,81,119
136,6,5.29412,9,82,120
137,6,5.25547,9,82,120
138,6,5.21739,9,82,120
139,6,5.17986,9,82,120
140,6,5.18571,9,83,121
141,6,5.19149,9,84,122
142,6,5.19718,9,85,123
143,6,5.2028,9,86,124
144,6,5.20833,9,87,125
145,6,5.21379,9,88,126
146,6,5.21918,9,89,127
147,6,5.18367,9,89,127
148,6,5.14865,9,89,127
149,6,5.11409,9,89,127
150,6,5.08,8,0,127
151,6,5.04636,8,0,127
152,6,5.05263,8,1,128
153,6,5.05882,8,2,129
154,6,5.06494,8,3,130
155,6,5.07097,8,4,131
156,6,5.03846,7,0,131
157,6,5.00637,7,0,131
158,7,5.01266,7,1,132
159,8,5.0566,7,3,134
160,8,5.0625,7,4,135
161,8,5.06832,7,5,136
162,8,5.03704,7,5,136
163,8,5.00613,7,5,136
164,8,5.0122,7,6,137
165,13,5.16364,7,11,142
166,13,5.16867,7,12,143
167,13,5.13772,6,0,143
168,13,5.10714,6,0,143
169,13,5.11243,6,1,144
170,13,5.22353,6,5,148
171,13,5.22807,6,6,149
172,13,5.23256,6,7,150
173,13,5.27168,6,9,152
174,13,5.24138,6,9,152
175,13,5.24571,6,10,153
176,13,5.25,6,11,154
177,14,5.25424,6,12,155
178,14,5.25843,6,13,156
179,14,5.26257,6,14,157
180,14,5.26667,6,15,158
181,14,5.27072,6,16,159
182,14,5.30769,6,18,161
183,14,5.31148,6,19,162
184,14,5.41304,6,23,166
185,14,5.44865,6,25,168
186,14,5.45161,6,26,169
187,14,5.42246,6,26,169
188,14,5.42553,6,27,170
189,14,5.39683,6,27,170
190,14,5.4,6,28,171
191,14,5.37173,6,28,171
192,14,5.375,6,29,172
193,14,5.37824,6,30,173
194,14,5.38144,6,31,174
195,14,5.35385,6,31,174
196,14,5.35714,6,32,175
197,14,5.36041,6,33,176
198,14,5.39394,6,35,178
199,14,5.39698,6,36,179
200,14,5.4,6,37,180
201,14,5.37313,6,37,180
202,14,5.37624,6,38,181
203,14,5.37931,6,39,182
204,14,5.35294,6,39,182
205,14,5.32683,6,39,182
206,14,5.30097,6,39,182
207,14,5.30435,6,40,183
208,14,5.30769,6,41,184
209,14,5.2823,6,41,184
210,14,5.28571,6,42,185
211,14,5.34597,6,45,188
212,14,5.34906,6,46,189
213,14,5.43662,6,50,193
214,14,5.41121,6,50,193
215,14,5.38605,6,50,193
216,14,5.38889,6,51,194
217,14,5.39171,6,52,195
218,14,5.3945,6,53,196
219,14,5.36986,6,53,196
220,14,5.4,6,55,198
221,14,5.40271,6,56,199
222,14,5.40541,6,57,200
223,14,5.40807,6,58,201
224,14,5.41071,6,59,202
225,14,5.49333,6,63,206
226,14,5.49558,6,64,207
227,14,5.4978,6,65,208
228,14,5.47368,6,65,208
229,14,5.55459,6,69,212
230,14,5.55652,6,70,213
231,14,5.53247,6,70,213
232,14,5.61207,6,74,217
233,14,5.61373,6,75,218
234,14,5.58974,6,75,218
235,14,5.59149,6,76,219
236,15,5.59322,6,77,220
237,15,5.62025,6,79,222
238,16,5.62185,6,80,223
239,16,5.59833,6,80,223
240,16,5.6,6,81,224
241,16,5.60166,6,82,225
242,16,5.57851,6,82,225
243,18,5.60494,6,84,227
244,18,5.65574,6,87,230
245,18,5.63265,6,87,230
246,18,5.63415,6,88,231
247,18,5.61134,6,88,231
248,18,5.58871,6,88,231
249,18,5.59036,6,89,232
250,18,5.616,6,91,234
251,18,5.61753,6,92,235
252,18,5.61905,6,93,236
253,18,5.62055,6,94,237
254,18,5.59843,6,94,237
255,18,5.67059,6,98,241
256,18,5.67188,6,99,242
257,18,5.74319,6,103,246
258,18,5.74419,6,104,247
259,18,5.74517,6,105,248
260,18,5.72308,6,105,248
261,18,5.72414,6,106,249
262,18,5.72519,6,107,250
263,18,5.77186,6,110,253
264,18,5.79545,6,112,255
265,19,5.79623,6,113,256
266,19,5.79699,6,114,257
267,19,5.77528,5,0,257
268,19,5.84328,5,4,261
269,19,5.84387,5,5,262
270,19,5.84444,5,6,263
271,19,5.91144,5,10,267
272,19,5.91176,5,11,268
273,19,5.91209,5,12,269
274,19,5.89051,5,12,269
275,19,5.89091,5,13,270
276,19,5.8913,5,14,271
277,20,5.8917,5,15,272
278,20,5.89209,5,16,273
279,20,5.95699,5,20,277
280,20,5.97857,5,22,279
281,20,6.08541,5,28,285
282,20,6.10638,5,30,287
283,20,6.10601,5,31,288
284,20,6.10563,5,32,289
285,20,6.08421,5,32,289
286,20,6.08392,5,33,290
287,20,6.06272,5,33,290
288,20,6.08333,5,35,292
289,20,6.10381,5,37,294
290,20,6.08276,5,37,294
291,20,6.08247,5,38,295
292,21,6.08219,5,39,296
293,21,6.14334,5,43,300
294,22,6.14286,5,44,301
295,22,6.14237,5,45,302
296,22,6.16216,5,47,304
297,22,6.14141,4,0,304
298,22,6.14094,4,1,305
299,22,6.14047,4,2,306
300,22,6.2,4,6,310
301,22,6.19934,4,7,311
302,22,6.25828,4,11,315
303,22,6.25743,4,12,316
304,23,6.25658,4,13,317
305,24,6.25574,4,14,318
306,24,6.2549,4,15,319
307,24,6.3127,4,19,323
308,24,6.31169,4,20,324