1,0,0,10,0,0
2,0,0,10,0,0
3,0,0,10,0,0
4,0,0,10,0,0
5,0,0,10,0,0
6,0,0,10,0,0
7,0,0,10,0,0
8,0,0,10,0,0
9,0,0,10,0,0
10,0,2.4,10,4,4
11,0,2.18182,10,4,4
12,0,2,10,4,4
13,0,1.84615,10,4,4
14,0,2.14286,10,5,5
15,0,2.4,10,6,6
16,0,2.625,10,7,7
17,0,2.47059,10,7,7
18,0,2.33333,10,7,7
19,0,2.21053,10,7,7
20,0,2.4,10,8,8
21,0,2.28571,10,8,8
22,0,3.27273,10,12,12
23,0,3.13043,10,12,12
24,0,3.5,10,14,14
25,0,3.36,10,14,14
26,0,3.23077,10,14,14
27,0,3.11111,10,14,14
28,0,3.85714,10,18,18
29,0,3.72414,10,18,18
30,0,3.6,10,18,18
31,0,3.67742,10,19,19
32,0,3.75,10,20,20
33,0,4,10,22,22
34,0,3.88235,10,22,22
35,0,4.45714,10,26,26
36,0,4.5,10,27,27
37,0,4.54054,10,28,28
38,0,4.42105,10,28,28
39,0,4.92308,10,32,32
40,0,4.8,10,32,32
41,0,4.68293,10,32,32
42,0,4.71429,10,33,33
43,0,4.60465,10,33,33
44,0,4.77273,10,35,35
45,0,4.66667,10,35,35
46,0,4.56522,10,35,35
47,0,4.97872,10,39,39
48,0,5,10,40,40
49,0,4.89796,10,40,40
50,0,5.52,10,46,46
51,0,5.41176,10,46,46
52,0,5.30769,10,46,46
53,0,5.32075,10,47,47
54,0,5.33333,10,48,48
55,0,5.23636,9,0,48
56,0,5.57143,9,4,52
57,0,5.47368,9,4,52
58,0,5.7931,9,8,56
59,0,5.69492,9,8,56
60,0,6,9,12,60
61,0,5.90164,9,12,60
62,0,6,9,14,62
63,0,6,9,15,63
64,0,6.09375,9,17,65
65,0,6.36923,9,21,69
66,0,6.63636,9,25,73
67,0,6.62687,9,26,74
68,0,6.88235,9,30,78
69,0,6.78261,9,30,78
70,0,6.77143,9,31,79
71,0,6.67606,8,0,79
72,0,6.58333,8,0,79
73,0,6.57534,8,1,80
74,0,6.56757,8,2,81
75,0,6.56,8,3,82
76,0,6.55263,8,4,83
77,0,6.54545,8,5,84
78,0,6.53846,8,6,85
79,0,6.4557,8,6,85
80,0,6.45,8,7,86
81,0,6.37037,8,7,86
82,0,6.36585,8,8,87
83,0,6.36145,8,9,88
84,0,6.28571,8,9,88
85,0,6.49412,8,13,92
86,0,6.48837,8,14,93
87,0,6.41379,8,14,93
88,0,6.34091,8,14,93
89,0,6.26966,8,14,93
90,0,6.26667,8,15,94
91,0,6.1978,8,15,94
92,0,6.13043,8,15,94
93,0,6.06452,8,15,94
94,0,6.06383,8,16,95
95,0,6.06316,8,17,96
96,0,6.0625,8,18,97
97,0,6,8,18,97
98,0,5.93878,8,18,97
99,0,5.93939,8,19,98
100,0,5.88,8,19,98
101,0,5.88119,8,20,99
102,0,5.82353,8,20,99
103,0,5.76699,8,20,99
104,0,5.76923,8,21,100
105,0,5.77143,8,22,101
106,0,5.71698,8,22,101
107,0,5.71963,8,23,102
108,0,5.72222,8,24,103
109,0,5.66972,8,24,103
110,0,5.67273,8,25,104
111,0,5.67568,8,26,105
112,0,5.67857,8,27,106
113,0,5.68142,8,28,107
114,0,5.68421,8,29,108
115,0,5.73913,8,31,110
116,0,5.68966,8,31,110
117,0,5.69231,8,32,111
118,0,5.69492,8,33,112
119,0,5.64706,8,33,112
120,0,5.6,8,33,112
121,0,5.55372,8,33,112
122,0,5.55738,8,34,113
123,0,5.56098,8,35,114
124,0,5.56452,8,36,115
125,0,5.712,8,40,119
126,0,5.66667,8,40,119
127,0,5.62205,8,40,119
128,0,5.57812,8,40,119
129,0,5.53488,8,40,119
130,0,5.53846,8,41,120
131,0,5.54198,8,42,121
132,0,5.5,7,0,121
133,0,5.45865,7,0,121
134,0,5.46269,7,1,122
135,0,5.42222,7,1,122
136,0,5.38235,7,1,122
137,0,5.38686,7,2,123
138,0,5.34783,7,2,123
139,0,5.35252,7,3,124
140,0,5.35714,7,4,125
141,0,5.3617,7,5,126
142,0,5.3662,7,6,127
143,0,5.32867,7,6,127
144,0,5.33333,7,7,128
145,0,5.33793,7,8,129
146,0,5.34247,7,9,130
147,0,5.34694,7,10,131
148,0,5.31081,7,10,131
149,0,5.27517,7,10,131
150,1,5.28,7,11,132
151,1,5.24503,7,11,132
152,1,5.25,7,12,133
153,1,5.21569,7,12,133
154,1,5.18182,7,12,133
155,1,5.14839,7,12,133
156,1,5.15385,7,13,134
157,1,5.12102,7,13,134
158,1,5.08861,6,0,134
159,1,5.0566,6,0,134
160,1,5.025,6,0,134
161,1,4.99379,6,0,134
162,1,4.96296,6,0,134
163,1,4.93252,6,0,134
164,1,4.90244,6,0,134
165,1,4.87273,5,0,134
166,1,4.84337,5,0,134
167,1,4.81437,5,0,134
168,1,4.78571,5,0,134
169,1,4.7929,5,1,135
170,1,4.76471,5,1,135
171,1,4.73684,5,1,135
172,1,4.7093,5,1,135
173,1,4.68208,5,1,135
174,2,4.72414,5,3,137
175,2,4.73143,5,4,138
176,2,4.70455,5,4,138
177,2,4.67797,5,4,138
178,2,4.65169,5,4,138
179,2,4.65922,5,5,139
180,2,4.66667,5,6,140
181,2,4.64088,5,6,140
182,2,4.61538,5,6,140
183,2,4.59016,5,6,140
184,2,4.56522,5,6,140
185,2,4.57297,5,7,141
186,2,4.54839,5,7,141
187,2,4.55615,5,8,142
188,3,4.56383,5,9,143
189,8,4.69841,5,14,148
190,8,4.70526,5,15,149
191,8,4.68063,5,15,149
192,8,4.65625,5,15,149
193,8,4.66321,5,16,150
194,8,4.6701,5,17,151
195,8,4.64615,5,17,151
196,8,4.62245,5,17,151
197,8,4.59898,5,17,151
198,8,4.57576,4,0,151
199,8,4.55276,4,0,151
200,8,4.53,4,0,151
201,8,4.50746,4,0,151
202,9,4.51485,4,1,152
203,9,4.49261,4,1,152
204,9,4.5,4,2,153
205,9,4.47805,4,2,153
206,11,4.51456,4,4,155
207,11,4.49275,4,4,155
208,11,4.47115,4,4,155
209,11,4.44976,4,4,155
210,11,4.42857,4,4,155
211,11,4.52133,4,8,159
212,11,4.5283,4,9,160
213,11,4.56338,4,11,162
214,11,4.57009,4,12,163
215,11,4.54884,4,12,163
216,11,4.52778,4,12,163
217,11,4.50691,4,12,163
218,12,4.51376,4,13,164
219,12,4.49315,4,13,164
220,17,4.60909,4,18,169
221,17,4.61538,4,19,170
222,17,4.62162,4,20,171
223,17,4.6009,4,20,171
224,17,4.60714,4,21,172
225,17,4.61333,4,22,173
226,17,4.69912,4,26,177
227,17,4.67841,4,26,177
228,17,4.65789,4,26,177
229,17,4.63755,4,26,177
230,17,4.64348,4,27,178
231,17,4.67532,4,29,180
232,17,4.65517,4,29,180
233,17,4.66094,4,30,181
234,17,4.66667,4,31,182
235,17,4.67234,4,32,183
236,17,4.70339,4,34,185
237,17,4.68354,4,34,185
238,17,4.66387,4,34,185
239,17,4.64435,4,34,185
240,17,4.65,4,35,186
241,17,4.6805,4,37,188
242,17,4.76033,4,41,192
243,17,4.74074,3,0,192
244,17,4.7459,3,1,193
245,18,4.75102,3,2,194
246,18,4.7561,3,3,195
247,18,4.76113,3,4,196
248,18,4.79032,3,6,198
249,18,4.77108,3,6,198
250,18,4.776,3,7,199
251,18,4.78088,3,8,200
252,18,4.78571,3,9,201
253,18,4.79051,3,10,202
254,18,4.77165,3,10,202
255,18,4.75294,3,10,202
256,18,4.75781,3,11,203
257,18,4.83268,3,15,207
258,18,4.90698,3,19,211
259,18,4.9112,3,20,212
260,18,4.89231,3,20,212
261,19,4.89655,3,21,213
262,19,4.87786,3,21,213
263,19,4.88213,3,22,214
264,19,4.86364,3,22,214
265,19,4.84528,3,22,214
266,20,4.84962,3,23,215
267,20,4.85393,3,24,216
268,20,4.83582,3,24,216
269,20,4.81784,3,24,216
270,20,4.8,2,0,216
271,20,4.78229,2,0,216
272,20,4.76471,2,0,216
273,20,4.74725,2,0,216
274,20,4.75182,2,1,217
275,20,4.75636,2,2,218
276,21,4.76087,2,3,219
277,21,4.76534,2,4,220
278,21,4.7482,2,4,220
279,21,4.75269,2,5,221
280,21,4.75714,2,6,222
281,21,4.76157,2,7,223
282,21,4.74468,2,7,223
283,21,4.72792,2,7,223
284,21,4.73239,2,8,224
285,21,4.8,2,12,228
286,21,4.78322,2,12,228
287,22,4.78746,2,13,229
288,22,4.79167,2,14,230
289,22,4.85813,2,18,234
290,22,4.84138,2,18,234
291,22,4.90722,2,22,238
292,22,4.89041,1,0,238
293,22,4.8942,1,1,239
294,22,4.89796,1,2,240
295,22,4.88136,1,2,240
296,22,4.86486,1,2,240
297,22,4.86869,1,3,241
298,22,4.85235,1,3,241
299,22,4.85619,1,4,242
300,22,4.86,1,5,243
301,22,4.84385,0,0,243