1,0,0,10,0,0
2,0,0,10,0,0
3,0,0,10,0,0
4,0,6,10,4,4
5,0,4.8,10,4,4
6,1,5,10,5,5
7,1,4.28571,10,5,5
8,2,4.5,10,6,6
9,2,6.66667,10,10,10
10,2,7.2,10,12,12
11,2,7.09091,10,13,13
12,2,6.5,10,13,13
13,2,6,10,13,13
14,2,5.57143,10,13,13
15,2,5.2,10,13,13
16,2,4.875,10,13,13
17,2,4.58824,10,13,13
18,2,4.33333,10,13,13
19,2,4.10526,10,13,13
20,2,3.9,10,13,13
21,2,4.85714,10,17,17
22,2,4.63636,10,17,17
23,2,4.95652,10,19,19
24,2,5,10,20,20
25,2,4.8,10,20,20
26,2,4.84615,10,21,21
27,2,5.11111,10,23,23
28,2,4.92857,10,23,23
29,3,4.96552,10,24,24
30,3,4.8,10,24,24
31,3,5.41935,10,28,28
32,3,5.25,10,28,28
33,3,5.09091,10,28,28
34,3,4.94118,9,0,28
35,3,5.31429,9,3,31
36,3,5.16667,9,3,31
37,3,5.02703,9,3,31
38,4,5.05263,9,4,32
39,4,4.92308,9,4,32
40,4,5.7,9,10,38
41,4,6.14634,9,14,42
42,4,6,9,14,42
43,4,5.86047,9,14,42
44,4,5.72727,9,14,42
45,4,5.6,9,14,42
46,4,6,9,18,46
47,4,5.87234,9,18,46
48,4,5.75,9,18,46
49,4,5.7551,9,19,47
50,4,5.64,9,19,47
51,4,5.52941,9,19,47
52,4,5.88462,9,23,51
53,4,6.11321,9,26,54
54,4,6.11111,9,27,55
55,4,6.43636,9,31,59
56,4,6.32143,9,31,59
57,4,6.21053,9,31,59
58,4,6.10345,9,31,59
59,4,6.40678,9,35,63
60,4,6.3,9,35,63
61,4,6.39344,9,37,65
62,4,6.29032,9,37,65
63,4,6.19048,9,37,65
64,4,6.09375,9,37,65
65,4,6,9,37,65
66,4,6,9,38,66
67,4,5.91045,9,38,66
68,4,6.17647,9,42,70
69,4,6.08696,9,42,70
70,5,6.08571,9,43,71
71,5,6.08451,9,44,72
72,5,6,9,44,72
73,5,6,9,45,73
74,5,5.91892,9,45,73
75,5,5.92,9,46,74
76,5,5.92105,9,47,75
77,5,5.84416,9,47,75
78,5,5.84615,9,48,76
79,5,5.77215,9,48,76
80,5,5.7,9,48,76
81,5,5.62963,8,0,76
82,5,5.56098,8,0,76
83,5,5.49398,8,0,76
84,5,5.42857,8,0,76
85,5,5.43529,8,1,77
86,5,5.44186,8,2,78
87,5,5.37931,8,2,78
88,5,5.38636,8,3,79
89,5,5.32584,8,3,79
90,5,5.26667,8,3,79
91,5,5.20879,8,3,79
92,5,5.15217,8,3,79
93,5,5.09677,8,3,79
94,5,5.10638,8,4,80
95,5,5.05263,8,4,80
96,5,5,8,4,80
97,5,5.01031,8,5,81
98,5,5.02041,8,6,82
99,5,5.0303,8,7,83
100,5,5.04,8,8,84
101,5,5.22772,8,12,88
102,5,5.17647,8,12,88
103,5,5.18447,8,13,89
104,5,5.13462,8,13,89
105,5,5.08571,8,13,89
106,5,5.09434,8,14,90
107,5,5.04673,8,14,90
108,5,5.05556,8,15,91
109,5,5.06422,8,16,92
110,5,5.01818,8,16,92
111,5,4.97297,8,16,92
112,5,4.98214,8,17,93
113,5,5.15044,8,21,97
114,5,5.21053,8,23,99
115,5,5.21739,8,24,100
116,5,5.27586,8,26,102
117,5,5.28205,8,27,103
118,5,5.28814,8,28,104
119,5,5.29412,8,29,105
120,5,5.25,8,29,105
121,5,5.20661,8,29,105
122,5,5.16393,8,29,105
123,5,5.12195,8,29,105
124,5,5.08065,7,0,105
125,5,5.04,7,0,105
126,5,5,7,0,105
127,5,5.00787,7,1,106
128,5,4.96875,7,1,106
129,5,4.97674,7,2,107
130,5,4.98462,7,3,108
131,5,4.94656,7,3,108
132,5,4.90909,7,3,108
133,5,4.87218,7,3,108
134,5,4.8806,7,4,109
135,5,4.88889,7,5,110
136,5,4.89706,7,6,111
137,5,4.86131,7,6,111
138,5,4.91304,7,8,113
139,5,4.8777,7,8,113
140,5,4.84286,7,8,113
141,5,4.80851,7,8,113
142,5,4.8169,7,9,114
143,5,4.82517,7,10,115
144,5,4.83333,7,11,116
145,5,4.8,7,11,116
146,5,4.80822,7,12,117
147,5,4.77551,7,12,117
148,5,4.74324,7,12,117
149,5,4.79195,7,14,119
150,5,4.8,7,15,120
151,5,4.84768,7,17,122
152,5,4.85526,7,18,123
153,5,4.86275,7,19,124
154,5,4.87013,7,20,125
155,5,4.87742,7,21,126
156,5,4.88462,7,22,127
157,5,4.8535,7,22,127
158,5,4.82278,7,22,127
159,5,4.83019,7,23,128
160,5,4.8375,7,24,129
161,5,4.84472,7,25,130
162,5,4.85185,7,26,131
163,5,4.82209,7,26,131
164,5,4.82927,7,27,132
165,5,4.94545,7,31,136
166,5,4.95181,7,32,137
167,5,4.99401,7,34,139
168,5,5,7,35,140
169,5,5.00592,7,36,141
170,5,5.01176,7,37,142
171,5,4.98246,7,37,142
172,5,4.98837,7,38,143
173,5,4.99422,7,39,144
174,5,5.10345,7,43,148
175,5,5.10857,7,44,149
176,5,5.11364,7,45,150
177,5,5.11864,7,46,151
178,5,5.1236,7,47,152
179,5,5.09497,7,47,152
180,5,5.1,7,48,153
181,5,5.10497,7,49,154
182,5,5.07692,7,49,154
183,5,5.08197,7,50,155
184,5,5.05435,7,50,155
185,5,5.02703,7,50,155
186,5,5,7,50,155
187,5,5.00535,7,51,156
188,5,4.97872,7,51,156
189,5,4.98413,7,52,157
190,5,4.95789,7,52,157
191,5,4.93194,7,52,157
192,5,4.9375,7,53,158
193,5,4.94301,7,54,159
194,5,4.94845,7,55,160
195,5,4.92308,7,55,160
196,5,4.92857,7,56,161
197,5,4.90355,7,56,161
198,5,4.90909,7,57,162
199,5,4.91457,7,58,163
200,5,4.92,7,59,164
201,5,4.89552,7,59,164
202,5,4.87129,7,59,164
203,5,4.87685,7,60,165
204,5,4.85294,7,60,165
205,5,4.94634,7,64,169
206,5,4.95146,7,65,170
207,5,4.95652,7,66,171
208,5,4.93269,7,66,171
209,5,4.9378,7,67,172
210,5,4.91429,7,67,172
211,5,4.91943,7,68,173
212,5,4.92453,7,69,174
213,5,4.90141,7,69,174
214,5,4.90654,7,70,175
215,5,4.88372,7,70,175
216,5,4.86111,7,70,175
217,5,4.86636,7,71,176
218,5,4.87156,7,72,177
219,5,4.87671,7,73,178
220,5,4.88182,7,74,179
221,5,4.85973,7,74,179
222,5,4.89189,7,76,181
223,5,4.95067,7,79,184
224,5,4.95536,7,80,185
225,5,4.96,7,81,186
226,5,4.9646,7,82,187
227,5,4.94273,7,82,187
228,5,4.97368,7,84,189
229,5,4.97817,7,85,190
230,5,5.03478,7,88,193
231,5,5.03896,7,89,194
232,5,5.06897,7,91,196
233,5,5.15021,7,95,200
234,5,5.17949,7,97,202
235,5,5.18298,7,98,203
236,5,5.16102,7,98,203
237,5,5.16456,7,99,204
238,6,5.16807,7,100,205
239,6,5.17155,7,101,206
240,6,5.2,7,103,208
241,6,5.20332,7,104,209
242,6,5.18182,7,104,209
243,6,5.16049,7,104,209
244,6,5.16393,7,105,210
245,6,5.19184,7,107,212
246,6,5.17073,7,107,212
247,6,5.17409,7,108,213
248,6,5.15323,6,0,213
249,6,5.13253,6,0,213
250,6,5.136,6,1,214
251,6,5.13944,6,2,215
252,6,5.14286,6,3,216
253,6,5.12253,6,3,216
254,6,5.10236,6,3,216
255,6,5.12941,6,5,218
256,6,5.13281,6,6,219
257,6,5.11284,6,6,219
258,6,5.11628,6,7,220
259,6,5.09653,6,7,220
260,6,5.07692,6,7,220
261,6,5.14943,6,11,224
262,6,5.12977,6,11,224
263,6,5.13308,6,12,225
264,6,5.11364,6,12,225
265,6,5.09434,6,12,225
266,6,5.09774,6,13,226
267,6,5.07865,6,13,226
268,6,5.08209,6,14,227
269,6,5.0855,6,15,228
270,6,5.15556,6,19,232
271,6,5.15867,6,20,233
272,6,5.13971,6,20,233
273,6,5.20879,6,24,237
274,6,5.21168,6,25,238
275,6,5.19273,6,25,238
276,6,5.17391,5,0,238
277,6,5.1769,5,1,239
278,6,5.15827,5,1,239
279,7,5.16129,5,2,240
280,7,5.14286,5,2,240
281,7,5.12456,5,2,240
282,7,5.12766,5,3,241
283,7,5.10954,5,3,241
284,7,5.09155,5,3,241
285,7,5.07368,5,3,241
286,7,5.13986,5,7,245
287,7,5.20557,5,11,249
288,7,5.20833,5,12,250
289,7,5.27336,5,16,254
290,7,5.25517,5,16,254
291,7,5.31959,5,20,258
292,7,5.34247,5,22,260
293,7,5.40614,5,26,264
294,7,5.38776,5,26,264
295,7,5.38983,5,27,265
296,7,5.41216,5,29,267
297,7,5.39394,4,0,267
298,7,5.37584,4,0,267
299,8,5.37793,4,1,268
300,8,5.4,4,3,270
301,9,5.40199,4,4,271
302,9,5.40397,4,5,272
303,9,5.46535,4,9,276
304,9,5.46711,4,10,277
305,9,5.44918,3,0,277