1,0,0,10,0,0
2,0,0,10,0,0
3,0,8,10,4,4
4,0,6,10,4,4
5,0,4.8,10,4,4
6,0,4,10,4,4
7,0,4.28571,10,5,5
8,0,6.75,10,9,9
9,0,6,10,9,9
10,0,5.4,10,9,9
11,0,4.90909,10,9,9
12,0,4.5,10,9,9
13,0,4.15385,10,9,9
14,0,4.28571,10,10,10
15,0,4,10,10,10
16,0,4.5,10,12,12
17,0,4.58824,10,13,13
18,0,4.33333,10,13,13
19,0,5.36842,10,17,17
20,0,5.4,10,18,18
21,0,5.14286,10,18,18
22,0,5.45455,10,20,20
23,0,6,10,23,23
24,0,5.75,10,23,23
25,0,5.52,10,23,23
26,0,5.53846,10,24,24
27,0,5.55556,10,25,25
28,0,5.35714,10,25,25
29,0,5.17241,10,25,25
30,0,5,10,25,25
31,0,4.83871,10,25,25
32,0,4.6875,10,25,25
33,0,4.54545,10,25,25
34,0,4.58824,10,26,26
35,0,4.45714,10,26,26
36,0,4.33333,10,26,26
37,0,4.21622,10,26,26
38,0,4.10526,10,26,26
39,0,4,10,26,26
40,0,3.9,10,26,26
41,0,3.95122,10,27,27
42,0,3.85714,10,27,27
43,0,3.76744,10,27,27
44,0,3.81818,10,28,28
45,0,4.26667,10,32,32
46,0,4.30435,10,33,33
47,1,4.34043,10,34,34
48,1,4.5,10,36,36
49,1,4.40816,10,36,36
50,1,4.32,10,36,36
51,1,4.23529,10,36,36
52,1,4.26923,10,37,37
53,1,4.18868,10,37,37
54,1,4.11111,10,37,37
55,1,4.14545,10,38,38
56,1,4.17857,10,39,39
57,1,4.21053,10,40,40
58,1,4.24138,10,41,41
59,1,4.16949,10,41,41
60,2,4.2,10,42,42
61,2,4.22951,10,43,43
62,2,4.16129,10,43,43
63,2,4.19048,10,44,44
64,2,4.21875,10,45,45
65,2,4.15385,10,45,45
66,2,4.09091,10,45,45
67,2,4.1194,10,46,46
68,2,4.14706,10,47,47
69,2,4.08696,10,47,47
70,2,4.02857,10,47,47
71,2,4.14085,10,49,49
72,2,4.08333,10,49,49
73,2,4.0274,10,49,49
74,2,3.97297,10,49,49
75,2,4.08,10,51,51
76,2,4.02632,10,51,51
77,2,3.97403,10,51,51
78,2,3.92308,10,51,51
79,2,3.87342,9,0,51
80,2,3.825,9,0,51
81,2,4.07407,9,4,55
82,2,4.02439,9,4,55
83,2,4.04819,9,5,56
84,2,4,9,5,56
85,2,4.02353,9,6,57
86,2,3.97674,9,6,57
87,2,3.93103,9,6,57
88,2,3.88636,9,6,57
89,2,3.8427,9,6,57
90,2,3.8,9,6,57
91,2,3.75824,9,6,57
92,2,3.78261,9,7,58
93,2,3.74194,9,7,58
94,2,3.70213,9,7,58
95,2,3.66316,8,0,58
96,2,3.625,8,0,58
97,2,3.64948,8,1,59
98,2,3.67347,8,2,60
99,2,3.63636,8,2,60
100,2,3.66,8,3,61
101,3,3.68317,8,4,62
102,3,3.70588,8,5,63
103,3,3.78641,8,7,65
104,3,3.80769,8,8,66
105,3,3.82857,8,9,67
106,3,3.79245,8,9,67
107,3,3.98131,8,13,71
108,3,4.16667,8,17,75
109,3,4.12844,8,17,75
110,3,4.14545,8,18,76
111,3,4.16216,8,19,77
112,3,4.17857,8,20,78
113,3,4.24779,8,22,80
114,3,4.21053,8,22,80
115,3,4.22609,8,23,81
116,3,4.18966,8,23,81
117,3,4.15385,8,23,81
118,3,4.16949,8,24,82
119,3,4.18487,8,25,83
120,3,4.2,8,26,84
121,3,4.21488,8,27,85
122,3,4.22951,8,28,86
123,3,4.2439,8,29,87
124,3,4.20968,8,29,87
125,3,4.176,8,29,87
126,3,4.19048,8,30,88
127,3,4.20472,8,31,89
128,3,4.17188,8,31,89
129,3,4.27907,8,34,92
130,3,4.24615,8,34,92
131,3,4.25954,8,35,93
132,3,4.22727,8,35,93
133,3,4.2406,8,36,94
134,3,4.25373,8,37,95
135,3,4.26667,8,38,96
136,3,4.23529,8,38,96
137,3,4.24818,8,39,97
138,3,4.26087,8,40,98
139,3,4.27338,8,41,99
140,3,4.28571,8,42,100
141,3,4.25532,8,42,100
142,3,4.26761,8,43,101
143,3,4.27972,8,44,102
144,3,4.25,8,44,102
145,3,4.22069,8,44,102
146,3,4.19178,8,44,102
147,3,4.20408,8,45,103
148,3,4.17568,8,45,103
149,3,4.26846,8,48,106
150,3,4.28,8,49,107
151,3,4.29139,8,50,108
152,3,4.26316,8,50,108
153,3,4.23529,8,50,108
154,3,4.24675,8,51,109
155,3,4.25806,8,52,110
156,3,4.26923,8,53,111
157,3,4.28025,8,54,112
158,3,4.29114,8,55,113
159,3,4.30189,8,56,114
160,3,4.275,8,56,114
161,3,4.39752,8,60,118
162,3,4.40741,8,61,119
163,3,4.38037,8,61,119
164,3,4.39024,8,62,120
165,3,4.4,8,63,121
166,3,4.40964,8,64,122
167,3,4.38323,8,64,122
168,3,4.39286,8,65,123
169,3,4.50888,8,69,127
170,3,4.48235,8,69,127
171,3,4.49123,8,70,128
172,3,4.60465,8,74,132
173,3,4.61272,8,75,133
174,3,4.62069,8,76,134
175,3,4.62857,8,77,135
176,3,4.63636,8,78,136
177,3,4.61017,8,78,136
178,3,4.61798,8,79,137
179,8,4.75978,8,84,142
180,8,4.73333,8,84,142
181,8,4.70718,8,84,142
182,8,4.71429,8,85,143
183,8,4.72131,8,86,144
184,8,4.72826,8,87,145
185,8,4.76757,8,89,147
186,8,4.77419,8,90,148
187,8,4.78075,8,91,149
188,8,4.88298,8,95,153
189,8,4.85714,8,95,153
190,8,4.89474,8,97,155
191,8,4.90052,8,98,156
192,8,4.875,8,98,156
193,8,4.88083,8,99,157
194,8,4.97938,8,103,161
195,8,4.95385,8,103,161
196,8,4.95918,8,104,162
197,8,4.96447,8,105,163
198,8,4.9697,8,106,164
199,8,4.97487,8,107,165
200,8,4.98,8,108,166
201,8,4.95522,8,108,166
202,8,4.9604,8,109,167
203,8,4.93596,8,109,167
204,8,5.02941,8,113,171
205,8,5.03415,8,114,172
206,8,5.03883,8,115,173
207,8,5.04348,8,116,174
208,8,5.13462,8,120,178
209,8,5.13876,8,121,179
210,8,5.22857,8,125,183
211,8,5.20379,8,125,183
212,8,5.20755,8,126,184
213,8,5.1831,8,126,184
214,8,5.18692,8,127,185
215,8,5.16279,8,127,185
216,8,5.16667,8,128,186
217,8,5.17051,8,129,187
218,8,5.17431,8,130,188
219,8,5.17808,8,131,189
220,8,5.18182,8,132,190
221,8,5.15837,8,132,190
222,8,5.18919,8,134,192
223,8,5.19283,8,135,193
224,8,5.16964,8,135,193
225,8,5.17333,8,136,194
226,8,5.17699,8,137,195
227,9,5.18062,8,138,196
228,9,5.18421,8,139,197
229,9,5.16157,8,139,197
230,9,5.16522,8,140,198
231,9,5.22078,8,143,201
232,9,5.19828,8,143,201
233,9,5.20172,8,144,202
234,9,5.20513,8,145,203
235,9,5.20851,8,146,204
236,9,5.23729,8,148,206
237,9,5.24051,8,149,207
238,9,5.2437,8,150,208
239,9,5.22176,8,150,208
240,11,5.25,8,152,210
241,11,5.25311,8,153,211
242,11,5.2562,8,154,212
243,11,5.25926,8,155,213
244,11,5.2623,8,156,214
245,11,5.26531,8,157,215
246,11,5.26829,8,158,216
247,11,5.24696,8,158,216
248,11,5.27419,8,160,218
249,11,5.25301,8,160,218
250,11,5.232,8,160,218
251,11,5.21116,8,160,218
252,11,5.19048,8,160,218
253,12,5.19368,8,161,219
254,12,5.31496,8,167,225
255,12,5.38824,8,171,229
256,12,5.39062,8,172,230
257,12,5.46304,8,176,234
258,12,5.46512,8,177,235
259,12,5.46718,8,178,236
260,12,5.44615,8,178,236
261,12,5.51724,8,182,240
262,12,5.49618,8,182,240
263,12,5.4981,8,183,241
264,12,5.61364,8,189,247
265,12,5.7283,8,195,253
266,12,5.84211,8,201,259
267,12,5.8427,8,202,260
268,12,5.91045,8,206,264
269,12,5.93309,8,208,266
270,12,6,8,212,270
271,12,6.06642,8,216,274
272,12,6.13235,8,220,278
273,12,6.13187,8,221,279
274,12,6.10949,7,0,279
275,12,6.08727,7,0,279
276,12,6.08696,7,1,280
277,12,6.08664,7,2,281
278,12,6.08633,7,3,282
279,12,6.08602,6,0,283
280,12,6.08571,6,1,284
281,14,6.10676,6,3,286
282,14,6.10638,6,4,287
283,14,6.10601,6,5,288
284,14,6.10563,6,6,289
285,14,6.10526,6,7,290
286,14,6.16783,6,11,294
287,14,6.16725,6,12,295
288,14,6.1875,6,14,297
289,19,6.2699,6,19,302
290,19,6.26897,6,20,303
291,19,6.3299,6,24,307
292,19,6.32877,6,25,308
293,19,6.43003,6,31,314
294,20,6.42857,6,32,315
295,23,6.4678,6,35,318
296,23,6.46622,6,36,319
297,23,6.46465,6,37,320
298,23,6.56376,6,43,326
299,24,6.56187,6,44,327
300,24,6.56,6,45,328
301,24,6.57807,6,47,330
302,24,6.57616,6,48,331
303,24,6.59406,6,50,333
304,24,6.65132,6,54,337
305,24,6.74754,6,60,343
306,24,6.84314,6,66,349
307,24,6.82085,5,0,349
308,24,6.83766,5,2,351