1,0,0,10,0,0
2,0,0,10,0,0
3,0,2,10,1,1
4,1,3,10,2,2
5,1,2.4,10,2,2
6,1,6,10,6,6
7,1,5.14286,10,6,6
8,1,7.5,10,10,10
9,1,6.66667,10,10,10
10,1,8.4,10,14,14
11,1,8.72727,10,16,16
12,1,10,10,20,20
13,1,10.1538,10,22,22
14,1,9.85714,10,23,23
15,1,11.6,10,29,29
16,2,11.25,10,30,30
17,3,10.9412,10,31,31
18,3,10.6667,10,32,32
19,3,10.1053,10,32,32
20,3,9.9,10,33,33
21,3,9.42857,10,33,33
22,3,9,10,33,33
23,3,8.6087,10,33,33
24,3,9.25,10,37,37
25,3,9.84,10,41,41
26,3,9.46154,9,0,41
27,3,9.11111,9,0,41
28,3,9.21429,9,2,43
29,3,9.72414,9,6,47
30,3,9.4,9,6,47
31,3,10.2581,9,12,53
32,4,10.125,9,13,54
33,4,9.81818,9,13,54
34,4,9.52941,9,13,54
35,4,9.25714,9,13,54
36,5,9.16667,9,14,55
37,5,8.91892,9,14,55
38,5,8.68421,9,14,55
39,6,8.61538,9,15,56
40,6,8.4,9,15,56
41,6,9.07317,9,21,62
42,6,8.85714,9,21,62
43,6,8.65116,9,21,62
44,6,8.59091,9,22,63
45,6,8.4,9,22,63
46,6,8.34783,9,23,64
47,6,8.17021,9,23,64
48,6,8,9,23,64
49,6,7.83673,9,23,64
50,6,7.68,9,23,64
51,6,7.52941,9,23,64
52,6,7.38462,9,23,64
53,6,7.35849,9,24,65
54,6,7.22222,9,24,65
55,7,7.2,9,25,66
56,7,7.07143,9,25,66
57,7,7.05263,9,26,67
58,7,7.34483,9,30,71
59,7,7.32203,9,31,72
60,7,7.2,9,31,72
61,7,7.18033,9,32,73
62,7,7.45161,9,36,77
63,7,7.33333,9,36,77
64,7,7.21875,9,36,77
65,7,7.10769,9,36,77
66,7,7.18182,9,38,79
67,7,7.07463,9,38,79
68,7,6.97059,9,38,79
69,7,6.95652,9,39,80
70,8,6.94286,9,40,81
71,8,6.92958,9,41,82
72,8,6.83333,9,41,82
73,8,6.73973,9,41,82
74,8,6.64865,8,0,82
75,8,6.56,8,0,82
76,8,6.47368,8,0,82
77,8,6.54545,8,2,84
78,8,6.46154,8,2,84
79,8,6.37975,8,2,84
80,8,6.3,8,2,84
81,8,6.22222,8,2,84
82,8,6.14634,8,2,84
83,8,6.07229,8,2,84
84,8,6.07143,8,3,85
85,8,6.28235,8,7,89
86,8,6.2093,8,7,89
87,8,6.13793,8,7,89
88,8,6.06818,8,7,89
89,8,6,8,7,89
90,8,6,8,8,90
91,8,5.93407,8,8,90
92,8,5.86957,8,8,90
93,8,5.80645,8,8,90
94,8,6,8,12,94
95,8,6,8,13,95
96,8,5.9375,8,13,95
97,8,5.87629,8,13,95
98,8,6.06122,8,17,99
99,8,6,8,17,99
100,8,5.94,8,17,99
101,8,5.88119,8,17,99
102,8,5.94118,8,19,101
103,8,5.8835,8,19,101
104,8,5.82692,8,19,101
105,8,5.77143,8,19,101
106,8,5.71698,8,19,101
107,9,5.71963,8,20,102
108,9,5.66667,8,20,102
109,9,5.66972,8,21,103
110,9,5.67273,8,22,104
111,10,5.67568,8,23,105
112,10,5.67857,8,24,106
113,10,5.73451,8,26,108
114,10,5.68421,8,26,108
115,10,5.68696,8,27,109
116,10,5.63793,8,27,109
117,10,5.58974,8,27,109
118,10,5.59322,8,28,110
119,10,5.54622,8,28,110
120,10,5.5,8,28,110
121,10,5.45455,8,28,110
122,10,5.40984,8,28,110
123,10,5.36585,8,28,110
124,10,5.37097,8,29,111
125,10,5.376,8,30,112
126,10,5.33333,8,30,112
127,10,5.33858,8,31,113
128,10,5.29688,8,31,113
129,10,5.30233,8,32,114
130,10,5.26154,8,32,114
131,10,5.26718,8,33,115
132,10,5.22727,8,33,115
133,10,5.18797,8,33,115
134,10,5.19403,8,34,116
135,10,5.2,8,35,117
136,11,5.20588,8,36,118
137,11,5.21168,8,37,119
138,11,5.17391,8,37,119
139,11,5.17986,8,38,120
140,11,5.14286,8,38,120
141,11,5.10638,8,38,120
142,11,5.23944,8,42,124
143,11,5.2028,8,42,124
144,11,5.33333,8,46,128
145,11,5.29655,8,46,128
146,11,5.30137,8,47,129
147,11,5.26531,8,47,129
148,11,5.22973,8,47,129
149,11,5.2349,8,48,130
150,11,5.2,8,48,130
151,11,5.16556,8,48,130
152,11,5.13158,8,48,130
153,11,5.09804,8,48,130
154,11,5.1039,8,49,131
155,11,5.07097,8,49,131
156,11,5.03846,8,49,131
157,11,5.00637,8,49,131
158,11,5.01266,8,50,132
159,11,4.98113,8,50,132
160,11,4.9875,8,51,133
161,11,4.99379,8,52,134
162,11,5.11111,8,56,138
163,11,5.07975,8,56,138
164,11,5.19512,8,60,142
165,11,5.2,8,61,143
166,11,5.16867,8,61,143
167,12,5.17365,8,62,144
168,12,5.17857,8,63,145
169,13,5.18343,8,64,146
170,13,5.15294,8,64,146
171,13,5.12281,8,64,146
172,13,5.09302,8,64,146
173,13,5.09827,8,65,147
174,13,5.10345,8,66,148
175,13,5.07429,8,66,148
176,13,5.04545,8,66,148
177,13,5.01695,8,66,148
178,13,5.05618,8,68,150
179,13,5.02793,7,0,150
180,13,5.03333,7,1,151
181,13,5.00552,7,1,151
182,13,4.97802,7,1,151
183,13,4.95082,7,1,151
184,13,4.95652,7,2,152
185,13,4.96216,7,3,153
186,13,4.96774,7,4,154
187,13,5.00535,7,6,156
188,13,5.01064,7,7,157
189,13,4.98413,6,0,157
190,13,4.95789,6,0,157
191,13,4.93194,6,0,157
192,13,4.90625,6,0,157
193,13,4.88083,5,0,157
194,13,4.85567,5,0,157
195,13,4.86154,5,1,158
196,13,4.86735,5,2,159
197,13,4.90355,5,4,161
198,13,4.87879,4,0,161
199,13,4.85427,4,0,161
200,13,4.83,4,0,161
201,13,4.80597,4,0,161
202,13,4.81188,4,1,162
203,13,4.78818,4,1,162
204,13,4.76471,4,1,162
205,13,4.74146,4,1,162
206,13,4.71845,4,1,162
207,13,4.69565,4,1,162
208,13,4.67308,4,1,162
209,13,4.65072,4,1,162
210,13,4.68571,4,3,164
211,13,4.66351,4,3,164
212,13,4.64151,4,3,164
213,13,4.61972,4,3,164
214,13,4.59813,4,3,164
215,14,4.60465,4,4,165
216,14,4.58333,4,4,165
217,14,4.56221,4,4,165
218,14,4.54128,4,4,165
219,14,4.52055,4,4,165
220,14,4.5,4,4,165
221,14,4.50679,4,5,166
222,14,4.51351,4,6,167
223,14,4.49327,4,6,167
224,14,4.47321,4,6,167
225,14,4.45333,4,6,167
226,14,4.46018,4,7,168
227,14,4.44053,4,7,168
228,15,4.44737,4,8,169
229,15,4.42795,4,8,169
230,15,4.4087,3,0,169
231,15,4.38961,3,0,169
232,15,4.47414,3,4,173
233,15,4.45494,3,4,173
234,15,4.4359,3,4,173
235,15,4.44255,3,5,174
236,15,4.44915,3,6,175
237,15,4.43038,3,6,175
238,16,4.43697,3,7,176
239,16,4.41841,3,7,176
240,16,4.4,3,7,176
241,16,4.38174,3,7,176
242,16,4.38843,3,8,177
243,16,4.37037,3,8,177
244,16,4.35246,3,8,177
245,16,4.33469,3,8,177
246,16,4.41463,3,12,181
247,16,4.42105,3,13,182
248,16,4.42742,3,14,183
249,16,4.43373,3,15,184
250,16,4.416,3,15,184
251,16,4.39841,3,15,184
252,16,4.40476,3,16,185
253,16,4.38735,3,16,185
254,16,4.3937,3,17,186
255,16,4.37647,3,17,186
256,16,4.45312,3,21,190
257,16,4.4358,3,21,190
258,16,4.44186,3,22,191
259,16,4.51737,3,26,195
260,16,4.5,2,0,195
261,16,4.50575,2,1,196
262,16,4.48855,2,1,196
263,16,4.47148,2,1,196
264,16,4.47727,2,2,197
265,16,4.50566,2,4,199
266,16,4.51128,2,5,200
267,16,4.51685,2,6,201
268,16,4.5,2,6,201
269,16,4.50558,2,7,202
270,16,4.51111,2,8,203
271,16,4.51661,2,9,204
272,16,4.5,2,9,204
273,16,4.48352,2,9,204
274,16,4.46715,2,9,204
275,16,4.45091,2,9,204
276,16,4.43478,1,0,204
277,16,4.41877,1,0,204
278,16,4.40288,1,0,204
279,16,4.4086,1,1,205
280,16,4.41429,1,2,206
281,16,4.39858,1,2,206
282,16,4.46809,1,6,210
283,16,4.4523,1,6,210
284,16,4.45775,1,7,211
285,16,4.44211,1,7,211
286,16,4.42657,0,0,211