1,0,0,10,0,0
2,0,0,10,0,0
3,1,2,10,1,1
4,1,7.5,10,5,5
5,1,6,10,5,5
6,1,5,10,5,5
7,1,4.28571,10,5,5
8,1,6.75,10,9,9
9,2,6.66667,10,10,10
10,2,8.4,10,14,14
11,2,7.63636,10,14,14
12,3,7.5,10,15,15
13,3,6.92308,10,15,15
14,3,6.42857,10,15,15
15,3,6.4,10,16,16
16,3,6.375,10,17,17
17,3,6.35294,10,18,18
18,3,6,10,18,18
19,3,6,10,19,19
20,3,6,10,20,20
21,3,5.71429,10,20,20
22,3,5.45455,10,20,20
23,4,5.47826,10,21,21
24,4,5.25,10,21,21
25,5,5.28,10,22,22
26,5,6,10,26,26
27,5,5.77778,10,26,26
28,5,5.57143,10,26,26
29,5,5.37931,10,26,26
30,5,5.4,10,27,27
31,5,5.41935,10,28,28
32,5,5.25,10,28,28
33,5,5.09091,10,28,28
34,5,4.94118,10,28,28
35,5,5.14286,10,30,30
36,5,5,10,30,30
37,5,4.86486,10,30,30
38,6,4.89474,10,31,31
39,6,4.76923,10,31,31
40,6,5.1,10,34,34
41,6,4.97561,10,34,34
42,6,4.85714,10,34,34
43,6,4.88372,10,35,35
44,6,4.77273,10,35,35
45,6,4.66667,10,35,35
46,6,5.08696,10,39,39
47,6,4.97872,10,39,39
48,6,5,10,40,40
49,6,4.89796,10,40,40
50,6,4.8,10,40,40
51,6,4.70588,10,40,40
52,6,5.07692,10,44,44
53,6,4.98113,10,44,44
54,6,4.88889,10,44,44
55,6,4.8,9,0,44
56,6,4.71429,9,0,44
57,6,5.05263,9,4,48
58,6,4.96552,9,4,48
59,6,4.98305,9,5,49
60,6,4.9,9,5,49
61,6,4.81967,9,5,49
62,6,4.74194,9,5,49
63,6,4.66667,9,5,49
64,6,4.59375,9,5,49
65,6,4.52308,9,5,49
66,6,4.54545,9,6,50
67,6,4.47761,9,6,50
68,6,4.41176,9,6,50
69,6,4.52174,9,8,52
70,6,4.45714,9,8,52
71,6,4.47887,9,9,53
72,7,4.5,9,10,54
73,7,4.43836,9,10,54
74,7,4.7027,9,14,58
75,7,4.96,9,18,62
76,7,4.89474,9,18,62
77,7,4.98701,9,20,64
78,7,4.92308,9,20,64
79,7,4.93671,9,21,65
80,7,4.875,9,21,65
81,7,4.88889,9,22,66
82,7,4.90244,9,23,67
83,7,4.84337,9,23,67
84,7,4.78571,9,23,67
85,7,4.72941,9,23,67
86,7,4.67442,9,23,67
87,7,4.62069,9,23,67
88,7,4.56818,9,23,67
89,7,4.58427,9,24,68
90,7,4.6,9,25,69
91,7,4.61538,9,26,70
92,7,4.82609,9,30,74
93,7,4.77419,9,30,74
94,7,4.7234,9,30,74
95,7,4.73684,9,31,75
96,7,4.75,9,32,76
97,7,4.70103,9,32,76
98,7,4.65306,9,32,76
99,7,4.66667,9,33,77
100,7,4.62,9,33,77
101,8,4.63366,9,34,78
102,8,4.64706,9,35,79
103,8,4.60194,9,35,79
104,8,4.61538,9,36,80
105,9,4.62857,9,37,81
106,9,4.69811,9,39,83
107,9,4.65421,9,39,83
108,9,4.61111,9,39,83
109,9,4.56881,9,39,83
110,9,4.58182,9,40,84
111,10,4.59459,9,41,85
112,10,4.60714,9,42,86
113,10,4.61947,9,43,87
114,10,4.63158,9,44,88
115,10,4.64348,9,45,89
116,10,4.65517,9,46,90
117,10,4.82051,9,50,94
118,10,4.77966,9,50,94
119,10,4.7395,8,0,94
120,10,4.7,8,0,94
121,10,4.66116,8,0,94
122,10,4.67213,8,1,95
123,11,4.68293,8,2,96
124,11,4.69355,8,3,97
125,11,4.704,8,4,98
126,11,4.71429,8,5,99
127,11,4.72441,8,6,100
128,11,4.6875,8,6,100
129,11,4.69767,8,7,101
130,11,4.70769,8,8,102
131,11,4.67176,8,8,102
132,11,4.68182,8,9,103
133,11,4.64662,8,9,103
134,11,4.65672,8,10,104
135,11,4.66667,8,11,105
136,11,4.67647,8,12,106
137,11,4.72993,8,14,108
138,11,4.73913,8,15,109
139,11,4.7482,8,16,110
140,11,4.71429,8,16,110
141,11,4.68085,8,16,110
142,11,4.64789,8,16,110
143,11,4.65734,8,17,111
144,11,4.66667,8,18,112
145,11,4.67586,8,19,113
146,11,4.64384,8,19,113
147,11,4.61224,8,19,113
148,11,4.62162,8,20,114
149,11,4.63087,8,21,115
150,11,4.6,8,21,115
151,11,4.60927,8,22,116
152,11,4.57895,8,22,116
153,11,4.58824,8,23,117
154,11,4.55844,8,23,117
155,11,4.56774,8,24,118
156,11,4.53846,8,24,118
157,11,4.54777,8,25,119
158,11,4.55696,8,26,120
159,11,4.56604,8,27,121
160,11,4.575,8,28,122
161,11,4.58385,8,29,123
162,11,4.62963,8,31,125
163,11,4.63804,8,32,126
164,11,4.64634,8,33,127
165,11,4.69091,8,35,129
166,11,4.66265,8,35,129
167,11,4.63473,8,35,129
168,11,4.64286,8,36,130
169,11,4.65089,8,37,131
170,11,4.62353,8,37,131
171,11,4.63158,8,38,132
172,11,4.60465,8,38,132
173,11,4.57803,8,38,132
174,11,4.58621,8,39,133
175,11,4.59429,8,40,134
176,11,4.70455,8,44,138
177,11,4.71186,8,45,139
178,11,4.7191,8,46,140
179,11,4.75978,8,48,142
180,11,4.73333,8,48,142
181,11,4.74033,8,49,143
182,11,4.71429,7,0,143
183,11,4.81967,7,4,147
184,11,4.79348,7,4,147
185,11,4.76757,7,4,147
186,11,4.80645,7,6,149
187,11,4.81283,7,7,150
188,11,4.91489,7,11,154
189,12,4.92063,7,12,155
190,12,4.89474,7,12,155
191,12,4.90052,7,13,156
192,12,4.90625,7,14,157
193,12,4.91192,7,15,158
194,12,4.8866,7,15,158
195,12,4.86154,7,15,158
196,12,4.83673,7,15,158
197,12,4.81218,7,15,158
198,12,4.84848,7,17,160
199,12,4.85427,7,18,161
200,12,4.86,7,19,162
201,12,4.86567,7,20,163
202,12,4.90099,7,22,165
203,12,4.9064,7,23,166
204,12,4.91176,7,24,167
205,12,4.8878,7,24,167
206,12,4.86408,7,24,167
207,12,4.84058,7,24,167
208,12,4.84615,7,25,168
209,12,4.82297,7,25,168
210,12,4.8,7,25,168
211,12,4.77725,6,0,168
212,12,4.75472,6,0,168
213,12,4.76056,6,1,169
214,12,4.76636,6,2,170
215,12,4.77209,6,3,171
216,12,4.75,6,3,171
217,12,4.72811,6,3,171
218,13,4.73394,6,4,172
219,13,4.73973,6,5,173
220,13,4.71818,6,5,173
221,13,4.69683,6,5,173
222,13,4.78378,6,9,177
223,13,4.78924,6,10,178
224,13,4.76786,6,10,178
225,13,4.74667,6,10,178
226,13,4.75221,6,11,179
227,13,4.73128,6,11,179
228,13,4.76316,6,13,181
229,13,4.74236,6,13,181
230,13,4.72174,6,13,181
231,13,4.80519,6,17,185
232,13,4.83621,6,19,187
233,13,4.81545,6,19,187
234,13,4.79487,6,19,187
235,13,4.77447,6,19,187
236,13,4.75424,5,0,187
237,13,4.73418,5,0,187
238,13,4.71429,5,0,187
239,13,4.69456,5,0,187
240,13,4.7,5,1,188
241,13,4.70539,5,2,189
242,13,4.68595,5,2,189
243,13,4.66667,5,2,189
244,13,4.64754,5,2,189
245,13,4.72653,5,6,193
246,13,4.80488,5,10,197
247,13,4.80972,5,11,198
248,14,4.81452,5,12,199
249,14,4.79518,5,12,199
250,14,4.872,5,16,203
251,14,4.85259,5,16,203
252,14,4.92857,5,20,207
253,14,4.93281,5,21,208
254,14,4.96063,5,23,210
255,19,5.05882,5,28,215
256,19,5.0625,5,29,216
257,19,5.08949,5,31,218
258,19,5.06977,5,31,218
259,19,5.09653,5,33,220
260,19,5.07692,5,33,220
261,19,5.08046,5,34,221
262,19,5.06107,5,34,221
263,19,5.04183,5,34,221
264,19,5.02273,5,34,221
265,19,5.02642,5,35,222
266,19,5.03008,5,36,223
267,19,5.03371,5,37,224
268,19,5.03731,5,38,225
269,19,5.01859,5,38,225
270,19,5.08889,5,42,229
271,19,5.07011,5,42,229
272,19,5.07353,5,43,230
273,19,5.07692,5,44,231
274,19,5.05839,5,44,231
275,19,5.06182,5,45,232
276,19,5.04348,5,45,232
277,19,5.02527,5,45,232
278,19,5.02878,5,46,233
279,19,5.03226,5,47,234
280,19,5.03571,5,48,235
281,19,5.0605,5,50,237
282,19,5.06383,5,51,238
283,19,5.06714,5,52,239
284,19,5.17606,5,58,245
285,19,5.17895,5,59,246
286,19,5.16084,5,59,246
287,19,5.14286,5,59,246
288,19,5.125,5,59,246
289,19,5.10727,5,59,246
290,19,5.17241,5,63,250
291,19,5.17526,5,64,251
292,20,5.17808,5,65,252
293,20,5.18089,5,66,253
294,21,5.18367,5,67,254
295,21,5.18644,5,68,255
296,21,5.20946,5,70,257
297,21,5.19192,5,70,257
298,21,5.1745,5,70,257
299,21,5.15719,5,70,257
300,21,5.22,5,74,261
