1,0,0,10,0,0
2,0,0,10,0,0
3,0,0,10,0,0
4,0,0,10,0,0
5,0,4.8,10,4,4
6,0,4,10,4,4
7,0,3.42857,10,4,4
8,0,6,10,8,8
9,0,5.33333,10,8,8
10,0,5.4,10,9,9
11,0,5.45455,10,10,10
12,0,5,10,10,10
13,0,6.46154,10,14,14
14,0,6,10,14,14
15,0,6.4,10,16,16
16,0,6,10,16,16
17,0,5.64706,10,16,16
18,0,5.33333,10,16,16
19,0,5.05263,10,16,16
20,0,4.8,10,16,16
21,0,4.57143,10,16,16
22,0,4.36364,10,16,16
23,0,4.17391,10,16,16
24,0,4,10,16,16
25,0,3.84,10,16,16
26,0,4.61538,10,20,20
27,0,4.44444,10,20,20
28,0,4.28571,10,20,20
29,0,4.13793,10,20,20
30,0,4,10,20,20
31,0,5.03226,10,26,26
32,0,4.875,10,26,26
33,0,4.72727,10,26,26
34,1,4.76471,10,27,27
35,1,4.62857,10,27,27
36,1,4.83333,10,29,29
37,1,4.7027,10,29,29
38,1,4.73684,10,30,30
39,1,4.76923,10,31,31
40,1,4.65,10,31,31
41,1,4.53659,10,31,31
42,1,4.57143,10,32,32
43,1,4.46512,9,0,32
44,1,4.5,9,1,33
45,1,4.4,9,1,33
46,1,4.43478,9,2,34
47,1,4.34043,9,2,34
48,1,4.25,9,2,34
49,1,4.28571,9,3,35
50,1,4.2,9,3,35
51,1,4.11765,9,3,35
52,1,4.03846,9,3,35
53,1,4.18868,9,5,37
54,1,4.11111,9,5,37
55,1,4.03636,9,5,37
56,1,3.96429,9,5,37
57,1,4,9,6,38
58,1,3.93103,9,6,38
59,1,3.86441,9,6,38
60,1,3.8,9,6,38
61,1,3.83607,9,7,39
62,1,3.77419,9,7,39
63,1,3.71429,9,7,39
64,1,3.65625,9,7,39
65,1,3.69231,9,8,40
66,1,3.81818,9,10,42
67,1,4.1194,9,14,46
68,1,4.14706,9,15,47
69,1,4.08696,9,15,47
70,1,4.2,9,17,49
71,1,4.14085,9,17,49
72,1,4.16667,9,18,50
73,1,4.19178,9,19,51
74,1,4.21622,9,20,52
75,1,4.24,9,21,53
76,1,4.18421,9,21,53
77,1,4.44156,9,25,57
78,1,4.38462,9,25,57
79,1,4.32911,9,25,57
80,1,4.275,9,25,57
81,1,4.22222,9,25,57
82,1,4.2439,9,26,58
83,1,4.19277,9,26,58
84,1,4.14286,9,26,58
85,1,4.16471,9,27,59
86,1,4.18605,9,28,60
87,1,4.13793,9,28,60
88,1,4.09091,9,28,60
89,1,4.04494,9,28,60
90,1,4,9,28,60
91,1,3.95604,9,28,60
92,1,3.97826,9,29,61
93,1,4,9,30,62
94,1,3.95745,9,30,62
95,1,3.91579,9,30,62
96,1,3.875,9,30,62
97,1,3.89691,9,31,63
98,1,4.04082,9,34,66
99,1,4,9,34,66
100,1,4.02,9,35,67
101,1,3.9802,9,35,67
102,1,3.94118,9,35,67
103,1,3.90291,9,35,67
104,1,3.86538,9,35,67
105,1,3.82857,9,35,67
106,1,3.79245,9,35,67
107,1,3.75701,9,35,67
108,1,3.77778,9,36,68
109,1,3.79817,9,37,69
110,1,3.76364,9,37,69
111,1,3.72973,8,0,69
112,1,3.75,8,1,70
113,1,3.76991,8,2,71
114,1,3.78947,8,3,72
115,1,3.75652,8,3,72
116,1,3.72414,8,3,72
117,1,3.69231,8,3,72
118,1,3.71186,8,4,73
119,1,3.68067,8,4,73
120,1,3.7,8,5,74
121,2,3.71901,8,6,75
122,2,3.68852,8,6,75
123,2,3.65854,8,6,75
124,2,3.62903,8,6,75
125,2,3.648,8,7,76
126,2,3.7619,8,10,79
127,2,3.73228,8,10,79
128,2,3.89062,8,14,83
129,2,3.90698,8,15,84
130,2,3.87692,7,0,84
131,2,3.84733,7,0,84
132,2,3.81818,7,0,84
133,2,3.78947,7,0,84
134,2,3.76119,7,0,84
135,2,3.73333,7,0,84
136,2,3.70588,7,0,84
137,2,3.67883,7,0,84
138,2,3.65217,7,0,84
139,2,3.6259,7,0,84
140,2,3.68571,7,2,86
141,2,3.70213,7,3,87
142,2,3.76056,7,5,89
143,2,3.77622,7,6,90
144,2,3.75,7,6,90
145,2,3.72414,7,6,90
146,2,3.73973,7,7,91
147,2,3.71429,7,7,91
148,2,3.68919,7,7,91
149,2,3.7047,7,8,92
150,2,3.72,7,9,93
151,2,3.69536,7,9,93
152,2,3.71053,7,10,94
153,2,3.68627,7,10,94
154,2,3.81818,7,14,98
155,2,3.79355,7,14,98
156,2,3.76923,7,14,98
157,2,3.89809,7,18,102
158,5,3.98734,7,21,105
159,5,3.96226,7,21,105
160,5,3.9375,7,21,105
161,5,3.98758,7,23,107
162,5,3.96296,7,23,107
163,5,3.97546,7,24,108
164,5,3.9878,7,25,109
165,5,3.96364,7,25,109
166,5,3.93976,7,25,109
167,6,3.9521,7,26,110
168,6,3.92857,7,26,110
169,6,3.94083,7,27,111
170,6,3.95294,7,28,112
171,6,3.96491,7,29,113
172,6,3.97674,7,30,114
173,6,3.98844,7,31,115
174,6,3.96552,7,31,115
175,6,3.97714,7,32,116
176,6,3.98864,7,33,117
177,6,4,7,34,118
178,6,3.97753,7,34,118
179,6,3.98883,7,35,119
180,6,4,7,36,120
181,6,3.9779,7,36,120
182,6,4.02198,7,38,122
183,6,4,7,38,122
184,6,3.97826,7,38,122
185,6,3.95676,7,38,122
186,6,3.93548,7,38,122
187,6,3.94652,7,39,123
188,6,3.95745,7,40,124
189,6,3.93651,7,40,124
190,6,3.91579,7,40,124
191,6,3.89529,7,40,124
192,6,4,7,44,128
193,6,3.97927,7,44,128
194,6,4.02062,7,46,130
195,6,4.12308,7,50,134
196,6,4.13265,7,51,135
197,6,4.11168,7,51,135
198,7,4.12121,7,52,136
199,7,4.1005,7,52,136
200,7,4.08,7,52,136
201,7,4.08955,7,53,137
202,7,4.06931,7,53,137
203,7,4.04926,7,53,137
204,7,4.05882,7,54,138
205,7,4.03902,7,54,138
206,7,4.04854,7,55,139
207,7,4.02899,7,55,139
208,7,4.03846,7,56,140
209,7,4.01914,7,56,140
210,7,4,7,56,140
211,7,4.00948,7,57,141
212,7,4.01887,7,58,142
213,7,4,7,58,142
214,7,3.98131,7,58,142
215,7,4.07442,7,62,146
216,7,4.08333,7,63,147
217,7,4.06452,7,63,147
218,7,4.07339,7,64,148
219,7,4.08219,7,65,149
220,7,4.09091,7,66,150
221,7,4.0724,7,66,150
222,7,4.08108,7,67,151
223,7,4.08969,7,68,152
224,7,4.09821,7,69,153
225,7,4.08,7,69,153
226,7,4.06195,7,69,153
227,7,4.12335,7,72,156
228,7,4.10526,7,72,156
229,7,4.08734,7,72,156
230,7,4.12174,7,74,158
231,7,4.12987,7,75,159
232,7,4.11207,7,75,159
233,7,4.12017,7,76,160
234,7,4.12821,7,77,161
235,7,4.11064,7,77,161
236,7,4.09322,7,77,161
237,7,4.07595,7,77,161
238,7,4.05882,6,0,161
239,7,4.04184,6,0,161
240,7,4.05,6,1,162
241,7,4.05809,6,2,163
242,7,4.06612,6,3,164
243,7,4.07407,6,4,165
244,7,4.05738,6,4,165
245,7,4.06531,6,5,166
246,7,4.07317,6,6,167
247,7,4.08097,6,7,168
248,7,4.08871,6,8,169
249,7,4.07229,6,8,169
250,7,4.056,6,8,169
251,7,4.06375,6,9,170
252,7,4.07143,6,10,171
253,7,4.1502,6,14,175
254,8,4.22835,6,18,179
255,8,4.21176,6,18,179
256,8,4.21875,6,19,180
257,8,4.22568,6,20,181
258,8,4.2093,6,20,181
259,8,4.28571,6,24,185
260,8,4.36154,6,28,189
261,8,4.34483,6,28,189
262,8,4.35115,6,29,190
263,8,4.35741,6,30,191
264,8,4.36364,6,31,192
265,8,4.34717,5,0,192
266,8,4.33083,5,0,192
267,8,4.31461,5,0,192
268,8,4.29851,5,0,192
269,11,4.34944,5,3,195
270,11,4.33333,5,3,195
271,11,4.36162,5,5,197
272,11,4.34559,5,5,197
273,11,4.46154,5,11,203
274,11,4.46715,5,12,204
275,11,4.45091,4,0,204
276,11,4.43478,4,0,204
277,11,4.44043,4,1,205
278,11,4.44604,4,2,206
279,11,4.51613,4,6,210
280,11,4.5,4,6,210
281,11,4.50534,4,7,211
282,11,4.48936,4,7,211
283,11,4.4947,4,8,212
284,12,4.5,4,9,213
285,12,4.48421,4,9,213
286,12,4.46853,4,9,213
287,12,4.45296,3,0,213
288,12,4.45833,3,1,214
289,12,4.46367,3,2,215
290,12,4.44828,3,2,215
291,12,4.43299,2,0,215
292,12,4.43836,2,1,216
293,12,4.42321,2,1,216
294,12,4.42857,2,2,217
295,12,4.41356,2,2,217
296,12,4.39865,1,0,217
297,12,4.38384,1,0,217
298,12,4.36913,0,0,217