1,0,24,10,4,4
2,0,12,10,4,4
3,0,8,10,4,4
4,0,6,10,4,4
5,0,4.8,10,4,4
6,0,8,10,8,8
7,0,6.85714,10,8,8
8,0,6.75,10,9,9
9,0,6,10,9,9
10,0,6,10,10,10
11,0,6.54545,10,12,12
12,0,6,10,12,12
13,0,6.92308,10,15,15
14,0,6.42857,10,15,15
15,0,7.6,10,19,19
16,0,7.5,10,20,20
17,0,7.05882,10,20,20
18,0,6.66667,10,20,20
19,0,7.57895,10,24,24
20,0,7.2,10,24,24
21,0,6.85714,10,24,24
22,0,6.81818,10,25,25
23,0,6.78261,10,26,26
24,0,6.5,10,26,26
25,0,6.24,10,26,26
26,0,6,10,26,26
27,0,6.22222,10,28,28
28,0,6,10,28,28
29,0,5.7931,10,28,28
30,0,5.6,10,28,28
31,0,5.41935,10,28,28
32,0,5.25,10,28,28
33,0,5.09091,10,28,28
34,0,4.94118,10,28,28
35,0,4.8,10,28,28
36,0,4.83333,10,29,29
37,0,4.7027,10,29,29
38,0,4.57895,10,29,29
39,0,5.07692,10,33,33
40,0,4.95,10,33,33
41,0,4.97561,10,34,34
42,0,5.42857,10,38,38
43,0,5.30233,10,38,38
44,0,5.18182,10,38,38
45,0,5.6,10,42,42
46,0,5.47826,10,42,42
47,0,5.48936,10,43,43
48,0,5.375,10,43,43
49,0,5.26531,10,43,43
50,0,5.16,10,43,43
51,0,5.05882,10,43,43
52,0,4.96154,10,43,43
53,0,4.98113,10,44,44
54,0,4.88889,9,0,44
55,0,5.23636,9,4,48
56,0,5.14286,9,4,48
57,0,5.05263,9,4,48
58,0,4.96552,9,4,48
59,0,4.88136,9,4,48
60,0,5.2,9,8,52
61,0,5.11475,9,8,52
62,0,5.12903,9,9,53
63,0,5.04762,9,9,53
64,0,4.96875,9,9,53
65,0,4.98462,9,10,54
66,0,4.90909,9,10,54
67,0,4.83582,9,10,54
68,0,5.11765,9,14,58
69,0,5.04348,9,14,58
70,0,4.97143,9,14,58
71,0,4.90141,9,14,58
72,0,4.91667,9,15,59
73,0,4.84932,9,15,59
74,0,4.78378,9,15,59
75,0,4.8,9,16,60
76,0,4.81579,9,17,61
77,0,4.83117,9,18,62
78,0,4.84615,9,19,63
79,0,4.78481,9,19,63
80,0,4.725,9,19,63
81,0,4.66667,9,19,63
82,0,4.60976,9,19,63
83,0,4.55422,9,19,63
84,0,4.5,9,19,63
85,0,4.51765,9,20,64
86,0,4.74419,9,24,68
87,0,4.75862,9,25,69
88,0,4.70455,9,25,69
89,0,4.65169,9,25,69
90,0,4.66667,9,26,70
91,0,4.61538,9,26,70
92,0,4.56522,9,26,70
93,0,4.51613,8,0,70
94,0,4.46809,8,0,70
95,0,4.42105,8,0,70
96,0,4.5,8,2,72
97,0,4.70103,8,6,76
98,0,4.65306,8,6,76
99,0,4.60606,8,6,76
100,0,4.62,8,7,77
101,0,4.57426,8,7,77
102,0,4.52941,8,7,77
103,0,4.48544,8,7,77
104,0,4.44231,8,7,77
105,0,4.51429,8,9,79
106,0,4.5283,8,10,80
107,0,4.48598,8,10,80
108,0,4.44444,8,10,80
109,0,4.45872,8,11,81
110,0,4.47273,8,12,82
111,0,4.43243,8,12,82
112,0,4.44643,8,13,83
113,0,4.46018,8,14,84
114,0,4.42105,8,14,84
115,0,4.43478,8,15,85
116,0,4.44828,8,16,86
117,0,4.46154,8,17,87
118,0,4.47458,8,18,88
119,0,4.43697,8,18,88
120,0,4.45,8,19,89
121,0,4.41322,8,19,89
122,0,4.42623,8,20,90
123,0,4.4878,8,22,92
124,0,4.45161,8,22,92
125,0,4.416,8,22,92
126,0,4.42857,8,23,93
127,0,4.44094,8,24,94
128,0,4.40625,8,24,94
129,0,4.37209,8,24,94
130,0,4.33846,8,24,94
131,0,4.30534,8,24,94
132,0,4.27273,8,24,94
133,0,4.28571,8,25,95
134,0,4.25373,8,25,95
135,0,4.26667,8,26,96
136,0,4.32353,8,28,98
137,0,4.37956,8,30,100
138,0,4.34783,8,30,100
139,0,4.35971,8,31,101
140,0,4.32857,8,31,101
141,0,4.34043,8,32,102
142,0,4.35211,8,33,103
143,0,4.32168,7,0,103
144,0,4.29167,7,0,103
145,0,4.26207,7,0,103
146,0,4.23288,7,0,103
147,0,4.2449,7,1,104
148,0,4.21622,7,1,104
149,0,4.22819,7,2,105
150,0,4.24,7,3,106
151,0,4.21192,7,3,106
152,0,4.18421,7,3,106
153,0,4.15686,7,3,106
154,0,4.12987,6,0,106
155,0,4.10323,6,0,106
156,0,4.07692,6,0,106
157,0,4.08917,6,1,107
158,0,4.06329,6,1,107
159,0,4.11321,6,3,109
160,0,4.125,6,4,110
161,0,4.13665,6,5,111
162,0,4.14815,6,6,112
163,0,4.15951,6,7,113
164,0,4.20732,6,9,115
165,0,4.18182,6,9,115
166,0,4.19277,6,10,116
167,0,4.16766,6,10,116
168,0,4.17857,6,11,117
169,0,4.15385,6,11,117
170,0,4.12941,6,11,117
171,0,4.10526,6,11,117
172,0,4.11628,6,12,118
173,0,4.09249,6,12,118
174,0,4.06897,6,12,118
175,0,4.18286,6,16,122
176,0,4.15909,6,16,122
177,0,4.33898,6,22,128
178,0,4.34831,6,23,129
179,0,4.32402,6,23,129
180,0,4.33333,6,24,130
181,0,4.30939,6,24,130
182,0,4.31868,6,25,131
183,0,4.32787,6,26,132
184,0,4.30435,6,26,132
185,0,4.28108,6,26,132
186,0,4.25806,6,26,132
187,0,4.23529,6,26,132
188,0,4.2766,6,28,134
189,0,4.44444,6,34,140
190,0,4.45263,6,35,141
191,0,4.42932,6,35,141
192,0,4.40625,6,35,141
193,0,4.41451,6,36,142
194,0,4.39175,6,36,142
195,0,4.36923,6,36,142
196,0,4.34694,6,36,142
197,0,4.32487,6,36,142
198,0,4.30303,6,36,142
199,0,4.28141,5,0,142
200,0,4.26,5,0,142
201,0,4.23881,5,0,142
202,0,4.24752,5,1,143
203,0,4.25616,5,2,144
204,0,4.23529,5,2,144
205,0,4.21463,5,2,144
206,0,4.19417,5,2,144
207,0,4.17391,5,2,144
208,0,4.15385,5,2,144
209,0,4.16268,5,3,145
210,0,4.17143,5,4,146
211,0,4.15166,5,4,146
212,0,4.13208,5,4,146
213,0,4.14085,5,5,147
214,0,4.1215,5,5,147
215,0,4.10233,5,5,147
216,0,4.11111,5,6,148
217,0,4.11982,5,7,149
218,1,4.12844,5,8,150
219,1,4.10959,4,0,150
220,1,4.09091,4,0,150
221,1,4.09955,4,1,151
222,1,4.08108,4,1,151
223,1,4.08969,4,2,152
224,1,4.125,4,4,154
225,1,4.10667,4,4,154
226,1,4.11504,4,5,155
227,1,4.20264,4,9,159
228,1,4.23684,4,11,161
229,1,4.27074,4,13,163
230,1,4.25217,4,13,163
231,1,4.23377,4,13,163
232,1,4.24138,4,14,164
233,2,4.24893,4,15,165
234,2,4.28205,4,17,167
235,2,4.26383,4,17,167
236,2,4.27119,4,18,168
237,2,4.27848,4,19,169
238,2,4.36134,4,23,173
239,2,4.3682,4,24,174
240,2,4.375,4,25,175
241,2,4.38174,4,26,176
242,2,4.38843,4,27,177
243,2,4.39506,4,28,178
244,2,4.40164,4,29,179
245,2,4.38367,4,29,179
246,2,4.39024,4,30,180
247,2,4.37247,4,30,180
248,2,4.37903,4,31,181
249,2,4.36145,4,31,181
250,2,4.368,4,32,182
251,2,4.39841,4,34,184
252,2,4.38095,4,34,184
253,2,4.36364,3,0,184
254,2,4.34646,3,0,184
255,2,4.32941,3,0,184
256,2,4.3125,3,0,184
257,2,4.31907,3,1,185
258,2,4.32558,3,2,186
259,2,4.40154,3,6,190
260,3,4.40769,3,7,191
261,3,4.41379,3,8,192
262,3,4.41985,3,9,193
263,3,4.4943,3,13,197
264,3,4.5,3,14,198
265,3,4.48302,3,14,198
266,3,4.46617,3,14,198
267,3,4.47191,3,15,199
268,3,4.45522,3,15,199
269,3,4.43866,3,15,199
270,3,4.42222,3,15,199
271,3,4.4059,3,15,199
272,3,4.38971,2,0,199
273,3,4.3956,2,1,200
274,3,4.46715,2,5,204
275,3,4.47273,2,6,205
276,3,4.47826,2,7,206
277,3,4.48375,2,8,207
278,3,4.48921,2,9,208
279,3,4.47312,2,9,208
280,3,4.45714,1,0,208
281,3,4.44128,1,0,208
282,3,4.42553,1,0,208
283,3,4.4311,1,1,209
284,3,4.43662,1,2,210
285,3,4.42105,1,2,210
286,8,4.51049,1,7,215
287,8,4.49477,1,7,215
288,8,4.47917,1,7,215
289,8,4.54671,1,11,219
290,8,4.53103,1,11,219
291,8,4.59794,1,15,223
292,8,4.60274,1,16,224
293,8,4.58703,1,16,224
294,8,4.69388,1,22,230
295,8,4.67797,1,22,230
296,8,4.66216,1,22,230
297,8,4.66667,1,23,231
298,8,4.65101,1,23,231
299,8,4.63545,1,23,231
300,8,4.62,1,23,231
301,8,4.60465,1,23,231
302,8,4.5894,1,23,231
303,8,4.57426,0,0,231
