1,0,0,10,0,0
2,0,0,10,0,0
3,0,0,10,0,0
4,0,1.5,10,1,1
5,0,1.2,10,1,1
6,0,2,10,2,2
7,0,4.28571,10,5,5
8,0,3.75,10,5,5
9,0,3.33333,10,5,5
10,0,3,10,5,5
11,0,2.72727,10,5,5
12,0,2.5,10,5,5
13,0,2.30769,9,0,5
14,0,2.14286,9,0,5
15,0,2,9,0,5
16,0,1.875,9,0,5
17,0,1.76471,9,0,5
18,0,2,9,1,6
19,0,1.89474,9,1,6
20,0,1.8,9,1,6
21,1,2,9,2,7
22,1,3,9,6,11
23,1,2.86957,9,6,11
24,1,3.5,9,9,14
25,1,3.36,9,9,14
26,1,3.23077,9,9,14
27,1,3.11111,9,9,14
28,1,3,9,9,14
29,1,2.89655,9,9,14
30,1,2.8,9,9,14
31,1,2.90323,9,10,15
32,1,2.8125,9,10,15
33,1,2.90909,9,11,16
34,1,2.82353,9,11,16
35,1,2.74286,9,11,16
36,1,2.66667,9,11,16
37,1,2.59459,8,0,16
38,1,2.52632,8,0,16
39,1,2.46154,8,0,16
40,1,2.55,8,1,17
41,1,2.4878,8,1,17
42,1,2.42857,8,1,17
43,1,2.37209,8,1,17
44,1,2.31818,8,1,17
45,1,2.4,8,2,18
46,1,2.34783,8,2,18
47,1,2.80851,8,6,22
48,1,2.75,8,6,22
49,1,2.93878,8,8,24
50,1,2.88,8,8,24
51,1,2.94118,8,9,25
52,1,2.88462,8,9,25
53,2,2.9434,8,10,26
54,2,3,8,11,27
55,2,2.94545,8,11,27
56,2,2.89286,8,11,27
57,2,2.84211,8,11,27
58,2,2.7931,8,11,27
59,2,3.15254,8,15,31
60,2,3.1,8,15,31
61,2,3.04918,8,15,31
62,2,3.29032,8,18,34
63,2,3.2381,8,18,34
64,2,3.28125,8,19,35
65,2,3.23077,8,19,35
66,2,3.27273,8,20,36
67,2,3.22388,8,20,36
68,2,3.17647,8,20,36
69,2,3.13043,8,20,36
70,4,3.25714,8,22,38
71,4,3.29577,8,23,39
72,4,3.58333,8,27,43
73,4,3.53425,8,27,43
74,4,3.81081,8,31,47
75,4,3.84,8,32,48
76,4,3.78947,8,32,48
77,4,3.81818,8,33,49
78,4,3.76923,8,33,49
79,4,3.79747,8,34,50
80,4,3.75,8,34,50
81,4,3.7037,8,34,50
82,4,3.65854,8,34,50
83,4,3.68675,8,35,51
84,4,3.64286,8,35,51
85,4,3.67059,8,36,52
86,4,3.69767,8,37,53
87,4,3.7931,8,39,55
88,4,3.81818,8,40,56
89,4,3.77528,8,40,56
90,4,3.8,8,41,57
91,4,3.75824,8,41,57
92,4,3.71739,8,41,57
93,4,3.67742,8,41,57
94,4,3.6383,8,41,57
95,4,3.6,8,41,57
96,4,3.5625,8,41,57
97,4,3.52577,8,41,57
98,4,3.55102,8,42,58
99,4,3.51515,8,42,58
100,4,3.54,8,43,59
101,4,3.56436,8,44,60
102,4,3.52941,8,44,60
103,4,3.49515,8,44,60
104,4,3.51923,8,45,61
105,4,3.48571,8,45,61
106,4,3.56604,8,47,63
107,4,3.58879,8,48,64
108,4,3.61111,8,49,65
109,4,3.79817,8,53,69
110,4,3.76364,8,53,69
111,4,3.72973,8,53,69
112,4,3.69643,8,53,69
113,4,3.87611,8,57,73
114,4,3.89474,8,58,74
115,4,3.91304,8,59,75
116,4,3.87931,8,59,75
117,4,3.89744,8,60,76
118,4,3.86441,8,60,76
119,4,3.83193,8,60,76
120,4,3.8,8,60,76
121,4,3.7686,8,60,76
122,4,3.78689,8,61,77
123,4,3.80488,8,62,78
124,4,3.77419,8,62,78
125,4,3.744,8,62,78
126,4,3.71429,8,62,78
127,4,3.73228,8,63,79
128,4,3.75,8,64,80
129,4,3.72093,8,64,80
130,4,3.69231,8,64,80
131,4,3.70992,8,65,81
132,4,3.72727,8,66,82
133,4,3.74436,8,67,83
134,4,3.76119,8,68,84
135,4,3.77778,8,69,85
136,4,3.75,8,69,85
137,4,3.72263,8,69,85
138,4,3.69565,8,69,85
139,4,3.71223,8,70,86
140,4,3.72857,8,71,87
141,4,3.70213,8,71,87
142,4,3.67606,8,71,87
143,4,3.65035,8,71,87
144,4,3.625,8,71,87
145,4,3.6,8,71,87
146,5,3.61644,8,72,88
147,5,3.63265,8,73,89
148,5,3.60811,8,73,89
149,5,3.58389,8,73,89
150,5,3.6,8,74,90
151,5,3.65563,8,76,92
152,5,3.63158,8,76,92
153,5,3.64706,8,77,93
154,5,3.62338,8,77,93
155,5,3.6,8,77,93
156,5,3.57692,8,77,93
157,5,3.55414,8,77,93
158,5,3.53165,8,77,93
159,5,3.54717,8,78,94
160,6,3.5625,8,79,95
161,6,3.57764,8,80,96
162,6,3.55556,8,80,96
163,6,3.57055,8,81,97
164,6,3.58537,8,82,98
165,6,3.56364,8,82,98
166,6,3.68675,8,86,102
167,6,3.66467,8,86,102
168,6,3.64286,8,86,102
169,6,3.69231,8,88,104
170,6,3.67059,8,88,104
171,6,3.64912,8,88,104
172,6,3.62791,8,88,104
173,6,3.64162,8,89,105
174,6,3.62069,8,89,105
175,6,3.6,8,89,105
176,6,3.61364,8,90,106
177,6,3.66102,8,92,108
178,6,3.77528,8,96,112
179,6,3.78771,8,97,113
180,6,3.8,8,98,114
181,6,3.81215,8,99,115
182,6,3.79121,8,99,115
183,6,3.80328,8,100,116
184,6,3.78261,8,100,116
185,6,3.76216,8,100,116
186,6,3.74194,8,100,116
187,6,3.75401,8,101,117
188,6,3.76596,8,102,118
189,6,3.74603,8,102,118
190,6,3.75789,8,103,119
191,6,3.9267,8,109,125
192,6,3.9375,8,110,126
193,6,3.97927,8,112,128
194,6,3.95876,8,112,128
195,6,3.93846,8,112,128
196,6,3.94898,8,113,129
197,6,3.92893,8,113,129
198,6,3.93939,8,114,130
199,6,3.9196,8,114,130
200,6,3.9,8,114,130
201,6,3.8806,7,0,130
202,6,3.86139,7,0,130
203,6,3.90148,7,2,132
204,6,3.91176,7,3,133
205,6,3.92195,7,4,134
206,6,3.93204,7,5,135
207,6,3.91304,7,5,135
208,6,3.92308,7,6,136
209,6,3.93301,7,7,137
210,6,3.91429,7,7,137
211,6,3.92417,7,8,138
212,6,3.90566,7,8,138
213,6,3.91549,7,9,139
214,6,4.00935,7,13,143
215,6,3.9907,7,13,143
216,6,3.97222,7,13,143
217,6,4.06452,7,17,147
218,6,4.04587,7,17,147
219,6,4.0274,7,17,147
220,6,4.03636,7,18,148
221,6,4.1267,7,22,152
222,6,4.10811,7,22,152
223,6,4.08969,7,22,152
224,6,4.09821,7,23,153
225,6,4.08,7,23,153
226,6,4.06195,7,23,153
227,6,4.04405,6,0,153
228,6,4.02632,6,0,153
229,6,4.03493,6,1,154
230,6,4.01739,6,1,154
231,6,4,6,1,154
232,7,4.00862,6,2,155
233,7,3.99142,6,2,155
234,7,3.97436,6,2,155
235,7,3.98298,6,3,156
236,7,3.9661,6,3,156
237,7,3.94937,5,0,156
238,7,3.95798,5,1,157
239,7,3.94142,5,1,157
240,7,3.925,5,1,157
241,7,3.95851,5,3,159
242,7,3.94215,5,3,159
243,7,3.97531,5,5,161
244,7,4.03279,5,8,164
245,7,4.01633,5,8,164
246,7,4.02439,5,9,165
247,7,4.03239,5,10,166
248,7,4.04032,5,11,167
249,7,4.04819,5,12,168
250,7,4.032,5,12,168
251,7,4.01594,5,12,168
252,7,4,5,12,168
253,7,3.98419,5,12,168
254,7,3.99213,5,13,169
255,7,3.97647,5,13,169
256,7,3.96094,5,13,169
257,7,3.94553,5,13,169
258,7,3.93023,5,13,169
259,7,3.91506,5,13,169
260,7,3.92308,5,14,170
261,7,3.90805,5,14,170
262,7,3.91603,5,15,171
263,7,3.92395,5,16,172
264,7,3.93182,5,17,173
265,7,3.93962,5,18,174
266,7,3.92481,5,18,174
267,7,3.91011,5,18,174
268,7,3.89552,5,18,174
269,7,3.88104,5,18,174
270,7,4,5,24,180
271,7,4.00738,5,25,181
272,11,4.08088,5,29,185
273,11,4.08791,5,30,186
274,11,4.09489,5,31,187
275,11,4.10182,5,32,188
276,11,4.08696,5,32,188
277,11,4.0722,4,0,188
278,11,4.05755,4,0,188
279,11,4.04301,4,0,188
280,11,4.05,4,1,189
281,11,4.03559,4,1,189
282,11,4.02128,4,1,189
283,11,4.02827,4,2,190
284,11,4.01408,4,2,190
285,11,4.08421,4,6,194
286,11,4.11189,4,8,196
287,11,4.13937,4,10,198
288,11,4.14583,4,11,199
289,11,4.15225,4,12,200
290,11,4.17931,4,14,202
291,11,4.18557,4,15,203
292,12,4.19178,4,16,204
293,12,4.17747,3,0,204
294,12,4.2449,3,4,208
295,12,4.23051,3,4,208
296,12,4.25676,3,6,210
297,12,4.24242,2,0,210
298,12,4.24832,2,1,211
299,12,4.25418,2,2,212
300,12,4.24,2,2,212
301,12,4.26578,2,4,214
302,12,4.33113,2,8,218
303,12,4.31683,2,8,218
304,14,4.34211,2,10,220
305,14,4.34754,2,11,221