1,0,0,10,0,0
2,0,0,10,0,0
3,0,0,10,0,0
4,0,0,10,0,0
5,1,1.2,10,1,1
6,2,2,10,2,2
7,2,1.71429,10,2,2
8,3,3,10,4,4
9,3,3.33333,10,5,5
10,3,3,10,5,5
11,3,3.81818,10,7,7
12,3,3.5,10,7,7
13,3,3.23077,10,7,7
14,3,3,10,7,7
15,3,2.8,10,7,7
16,3,2.625,10,7,7
17,3,2.47059,10,7,7
18,3,2.33333,10,7,7
19,3,2.21053,10,7,7
20,3,2.4,10,8,8
21,3,2.57143,10,9,9
22,3,2.45455,10,9,9
23,3,2.34783,10,9,9
24,3,2.25,10,9,9
25,3,2.16,10,9,9
26,3,2.07692,10,9,9
27,3,2,10,9,9
28,3,1.92857,10,9,9
29,3,1.86207,10,9,9
30,3,1.8,10,9,9
31,3,1.74194,10,9,9
32,3,2.4375,10,13,13
33,3,2.36364,10,13,13
34,3,3,10,17,17
35,3,2.91429,10,17,17
36,3,2.83333,10,17,17
37,3,2.75676,10,17,17
38,3,2.68421,9,0,17
39,3,2.76923,9,1,18
40,3,2.85,9,2,19
41,3,2.78049,9,2,19
42,3,2.71429,9,2,19
43,3,2.65116,9,2,19
44,3,2.72727,9,3,20
45,4,2.8,9,4,21
46,4,2.73913,9,4,21
47,4,2.80851,9,5,22
48,4,2.75,9,5,22
49,4,2.93878,9,7,24
50,4,2.88,9,7,24
51,4,2.94118,9,8,25
52,4,3.11538,9,10,27
53,4,3.16981,9,11,28
54,4,3.11111,9,11,28
55,4,3.05455,9,11,28
56,4,3,9,11,28
57,4,2.94737,9,11,28
58,4,2.89655,9,11,28
59,4,3.05085,9,13,30
60,4,3,9,13,30
61,4,3.04918,9,14,31
62,4,3,9,14,31
63,4,3.14286,9,16,33
64,4,3.09375,9,16,33
65,4,3.13846,9,17,34
66,4,3.09091,9,17,34
67,4,3.04478,9,17,34
68,4,3,9,17,34
69,4,3.04348,9,18,35
70,4,3,9,18,35
71,4,2.95775,9,18,35
72,4,3.25,9,22,39
73,4,3.20548,9,22,39
74,4,3.16216,9,22,39
75,4,3.2,9,23,40
76,4,3.47368,9,27,44
77,4,3.74026,9,31,48
78,4,3.69231,9,31,48
79,4,3.64557,9,31,48
80,5,3.75,9,33,50
81,5,4,9,37,54
82,5,3.95122,9,37,54
83,5,3.9759,9,38,55
84,6,4,9,39,56
85,6,3.95294,9,39,56
86,6,3.90698,9,39,56
87,6,3.86207,9,39,56
88,6,3.88636,9,40,57
89,6,3.91011,9,41,58
90,6,3.86667,9,41,58
91,6,3.82418,9,41,58
92,6,3.78261,9,41,58
93,6,3.74194,9,41,58
94,6,3.76596,9,42,59
95,6,3.72632,9,42,59
96,6,3.6875,9,42,59
97,6,3.64948,9,42,59
98,6,3.67347,9,43,60
99,6,3.63636,9,43,60
100,6,3.6,9,43,60
101,6,3.56436,9,43,60
102,6,3.52941,8,0,60
103,6,3.5534,8,1,61
104,6,3.57692,8,2,62
105,6,3.6,8,3,63
106,6,3.56604,8,3,63
107,6,3.53271,8,3,63
108,6,3.5,8,3,63
109,6,3.57798,8,5,65
110,6,3.54545,8,5,65
111,6,3.51351,8,5,65
112,6,3.53571,8,6,66
113,6,3.55752,8,7,67
114,6,3.57895,8,8,68
115,6,3.75652,8,12,72
116,6,3.77586,8,13,73
117,6,3.94872,8,17,77
118,6,3.9661,8,18,78
119,6,3.98319,8,19,79
120,6,4.15,8,23,83
121,6,4.1157,8,23,83
122,6,4.08197,8,23,83
123,6,4.04878,8,23,83
124,6,4.01613,8,23,83
125,6,3.984,8,23,83
126,6,3.95238,8,23,83
127,6,4.01575,8,25,85
128,6,3.98438,8,25,85
129,6,4,8,26,86
130,6,3.96923,8,26,86
131,6,3.98473,8,27,87
132,6,4,8,28,88
133,6,4.01504,8,29,89
134,6,4.16418,8,33,93
135,6,4.17778,8,34,94
136,6,4.19118,8,35,95
137,6,4.16058,8,35,95
138,6,4.13043,8,35,95
139,6,4.10072,8,35,95
140,6,4.11429,8,36,96
141,6,4.08511,8,36,96
142,6,4.05634,8,36,96
143,6,4.02797,8,36,96
144,6,4.04167,8,37,97
145,6,4.01379,8,37,97
146,6,4.0274,8,38,98
147,6,4.08163,8,40,100
148,6,4.09459,8,41,101
149,6,4.14765,8,43,103
150,6,4.12,8,43,103
151,6,4.09272,8,43,103
152,6,4.10526,8,44,104
153,6,4.11765,8,45,105
154,6,4.12987,8,46,106
155,6,4.14194,8,47,107
156,6,4.11538,8,47,107
157,6,4.08917,8,47,107
158,6,4.21519,8,51,111
159,6,4.18868,8,51,111
160,6,4.1625,8,51,111
161,6,4.13665,8,51,111
162,6,4.11111,8,51,111
163,6,4.1227,8,52,112
164,6,4.09756,8,52,112
165,6,4.14545,8,54,114
166,6,4.19277,8,56,116
167,6,4.31138,8,60,120
168,6,4.32143,8,61,121
169,6,4.33136,8,62,122
170,6,4.30588,7,0,122
171,6,4.2807,7,0,122
172,6,4.25581,7,0,122
173,6,4.2659,7,1,123
174,6,4.24138,7,1,123
175,6,4.35429,7,5,127
176,6,4.32955,7,5,127
177,6,4.33898,7,6,128
178,6,4.31461,7,6,128
179,6,4.2905,7,6,128
180,6,4.4,7,10,132
181,6,4.37569,7,10,132
182,6,4.35165,7,10,132
183,6,4.32787,7,10,132
184,6,4.33696,7,11,133
185,6,4.34595,7,12,134
186,6,4.45161,7,16,138
187,6,4.42781,7,16,138
188,6,4.40426,7,16,138
189,6,4.4127,7,17,139
190,6,4.38947,7,17,139
191,6,4.39791,7,18,140
192,6,4.375,7,18,140
193,6,4.38342,7,19,141
194,6,4.39175,7,20,142
195,6,4.4,7,21,143
196,6,4.37755,7,21,143
197,6,4.38579,7,22,144
198,6,4.39394,7,23,145
199,7,4.40201,7,24,146
200,7,4.41,7,25,147
201,7,4.41791,7,26,148
202,7,4.39604,7,26,148
203,7,4.49261,7,30,152
204,7,4.47059,7,30,152
205,7,4.47805,7,31,153
206,7,4.45631,7,31,153
207,7,4.46377,7,32,154
208,7,4.47115,7,33,155
209,7,4.47847,7,34,156
210,8,4.48571,7,35,157
211,8,4.49289,7,36,158
212,8,4.5283,7,38,160
213,9,4.53521,7,39,161
214,9,4.54206,7,40,162
215,9,4.52093,7,40,162
216,9,4.5,7,40,162
217,9,4.58986,7,44,166
218,9,4.59633,7,45,167
219,9,4.57534,7,45,167
220,9,4.58182,7,46,168
221,9,4.56109,7,46,168
222,9,4.54054,7,46,168
223,9,4.54709,7,47,169
224,9,4.52679,7,47,169
225,9,4.50667,7,47,169
226,9,4.51327,7,48,170
227,9,4.49339,7,48,170
228,9,4.5,7,49,171
229,9,4.48035,7,49,171
230,10,4.48696,7,50,172
231,10,4.49351,7,51,173
232,10,4.57759,7,55,177
233,10,4.58369,7,56,178
234,10,4.5641,7,56,178
235,10,4.57021,7,57,179
236,10,4.55085,6,0,179
237,10,4.53165,6,0,179
238,10,4.51261,6,0,179
239,10,4.49372,6,0,179
240,10,4.5,6,1,180
241,10,4.50622,6,2,181
242,10,4.4876,6,2,181
243,10,4.46914,6,2,181
244,10,4.45082,6,2,181
245,10,4.45714,6,3,182
246,10,4.43902,5,0,182
247,10,4.44534,5,1,183
248,10,4.42742,5,1,183
249,10,4.43373,5,2,184
250,10,4.416,5,2,184
251,10,4.42231,5,3,185
252,10,4.40476,5,3,185
253,10,4.41107,5,4,186
254,10,4.41732,5,5,187
255,10,4.42353,5,6,188
256,10,4.45312,5,8,190
257,10,4.4358,5,8,190
258,10,4.46512,5,10,192
259,10,4.44788,5,10,192
260,10,4.45385,5,11,193
261,10,4.45977,5,12,194
262,11,4.46565,5,13,195
263,11,4.47148,5,14,196
264,11,4.47727,5,15,197
265,11,4.48302,5,16,198
266,11,4.48872,5,17,199
267,11,4.47191,5,17,199
268,11,4.45522,5,17,199
269,11,4.46097,5,18,200
270,11,4.53333,5,22,204
271,11,4.53875,5,23,205
272,11,4.52206,5,23,205
273,11,4.52747,5,24,206
274,11,4.55474,5,26,208
275,11,4.56,5,27,209
276,11,4.56522,5,28,210
277,11,4.54874,5,28,210
278,11,4.55396,5,29,211
279,11,4.55914,5,30,212
280,11,4.56429,5,31,213
281,11,4.5694,5,32,214
282,11,4.57447,5,33,215
283,11,4.57951,5,34,216
284,11,4.64789,5,38,220
285,11,4.71579,5,42,224
286,11,4.72028,5,43,225
287,11,4.78746,5,47,229
288,11,4.79167,5,48,230
289,11,4.77509,5,48,230
290,11,4.77931,5,49,231
291,11,4.8866,5,55,237
292,11,4.89041,5,56,238
293,11,4.91468,5,58,240
294,11,4.97959,5,62,244
295,11,5.04407,5,66,248
296,11,5.02703,4,0,248
297,11,5.0303,4,1,249
298,11,5.01342,4,1,249
299,11,5.01672,4,2,250
300,11,5.02,4,3,251
301,11,5.08306,4,7,255
302,12,5.08609,4,8,256
303,12,5.08911,4,9,257
304,12,5.09211,4,10,258
305,12,5.1541,4,14,262
306,12,5.21569,4,18,266
307,12,5.23779,4,20,268
308,12,5.33766,4,26,274