1,0,0,10,0,0
2,0,0,10,0,0
3,0,0,9,0,0
4,0,1.5,9,1,1
5,0,1.2,9,1,1
6,0,1,9,1,1
7,0,4.28571,9,5,5
8,0,3.75,9,5,5
9,0,3.33333,9,5,5
10,0,3,9,5,5
11,0,3.81818,9,7,7
12,0,5.5,9,11,11
13,0,5.07692,9,11,11
14,0,4.71429,9,11,11
15,1,4.8,9,12,12
16,1,4.5,9,12,12
17,1,4.23529,9,12,12
18,1,4,9,12,12
19,1,4.10526,9,13,13
20,1,3.9,9,13,13
21,1,3.71429,9,13,13
22,1,3.81818,9,14,14
23,1,3.91304,9,15,15
24,1,4.75,9,19,19
25,1,4.56,9,19,19
26,1,5.30769,9,23,23
27,1,5.11111,9,23,23
28,1,5.14286,9,24,24
29,1,5.17241,9,25,25
30,1,5,9,25,25
31,1,5.6129,9,29,29
32,1,5.4375,9,29,29
33,1,5.45455,9,30,30
34,1,5.47059,9,31,31
35,1,6,9,35,35
36,1,6.5,9,39,39
37,1,6.48649,9,40,40
38,1,6.31579,9,40,40
39,1,6.15385,9,40,40
40,1,6,9,40,40
41,1,6,9,41,41
42,1,5.85714,9,41,41
43,1,6,9,43,43
44,1,6.40909,9,47,47
45,1,6.4,9,48,48
46,1,6.26087,9,48,48
47,1,6.25532,9,49,49
48,1,6.625,9,53,53
49,1,6.4898,9,53,53
50,1,6.72,9,56,56
51,1,6.58824,9,56,56
52,1,6.46154,9,56,56
53,1,6.33962,9,56,56
54,1,6.22222,9,56,56
55,1,6.21818,9,57,57
56,1,6.53571,9,61,61
57,1,6.42105,9,61,61
58,1,6.51724,9,63,63
59,1,6.40678,9,63,63
60,1,6.4,9,64,64
61,1,6.29508,9,64,64
62,1,6.19355,9,64,64
63,1,6.09524,9,64,64
64,1,6.1875,9,66,66
65,1,6.09231,9,66,66
66,1,6.36364,9,70,70
67,1,6.26866,9,70,70
68,1,6.17647,9,70,70
69,1,6.08696,9,70,70
70,1,6.34286,9,74,74
71,1,6.25352,9,74,74
72,1,6.25,9,75,75
73,1,6.16438,9,75,75
74,1,6.16216,9,76,76
75,1,6.16,9,77,77
76,1,6.07895,9,77,77
77,1,6,9,77,77
78,1,5.92308,9,77,77
79,1,5.8481,9,77,77
80,1,5.775,9,77,77
81,2,5.77778,9,78,78
82,2,5.78049,9,79,79
83,2,5.71084,9,79,79
84,2,5.71429,9,80,80
85,2,5.64706,9,80,80
86,2,5.5814,9,80,80
87,2,5.51724,9,80,80
88,2,5.52273,9,81,81
89,2,5.73034,9,85,85
90,2,5.73333,9,86,86
91,2,5.93407,9,90,90
92,2,5.93478,9,91,91
93,2,5.87097,9,91,91
94,2,5.87234,9,92,92
95,2,5.87368,9,93,93
96,2,5.8125,9,93,93
97,2,5.75258,9,93,93
98,2,5.69388,9,93,93
99,2,5.63636,8,0,93
100,2,5.64,8,1,94
101,2,5.64356,8,2,95
102,2,5.58824,8,2,95
103,2,5.53398,8,2,95
104,2,5.48077,8,2,95
105,2,5.42857,8,2,95
106,2,5.60377,8,6,99
107,2,5.60748,8,7,100
108,2,5.55556,8,7,100
109,2,5.55963,8,8,101
110,2,5.56364,8,9,102
111,2,5.51351,8,9,102
112,2,5.67857,8,13,106
113,2,5.68142,8,14,107
114,2,5.68421,8,15,108
115,2,5.68696,8,16,109
116,2,5.63793,8,16,109
117,2,5.58974,7,0,109
118,2,5.54237,7,0,109
119,2,5.54622,7,1,110
120,2,5.5,7,1,110
121,2,5.50413,7,2,111
122,2,5.5082,7,3,112
123,2,5.46341,7,3,112
124,2,5.41935,7,3,112
125,2,5.376,7,3,112
126,2,5.42857,7,5,114
127,2,5.38583,7,5,114
128,2,5.34375,7,5,114
129,2,5.34884,7,6,115
130,2,5.30769,7,6,115
131,2,5.26718,7,6,115
132,2,5.22727,7,6,115
133,2,5.18797,7,6,115
134,2,5.14925,7,6,115
135,2,5.11111,7,6,115
136,2,5.07353,7,6,115
137,2,5.08029,7,7,116
138,2,5.04348,7,7,116
139,2,5.05036,7,8,117
140,2,5.01429,7,8,117
141,2,4.97872,7,8,117
142,2,4.94366,7,8,117
143,2,4.95105,7,9,118
144,2,4.91667,7,9,118
145,2,4.92414,7,10,119
146,2,4.89041,7,10,119
147,2,4.89796,7,11,120
148,2,4.94595,7,13,122
149,3,4.95302,7,14,123
150,3,5.04,7,17,126
151,3,5.08609,7,19,128
152,3,5.05263,7,19,128
153,3,5.01961,7,19,128
154,3,4.98701,7,19,128
155,3,4.95484,7,19,128
156,3,4.96154,7,20,129
157,3,4.96815,7,21,130
158,3,4.97468,7,22,131
159,3,4.9434,7,22,131
160,3,4.9125,7,22,131
161,3,4.88199,7,22,131
162,3,4.88889,7,23,132
163,3,4.8589,7,23,132
164,3,4.82927,7,23,132
165,3,4.8,7,23,132
166,3,4.77108,7,23,132
167,3,4.74251,7,23,132
168,3,4.71429,7,23,132
169,3,4.7574,7,25,134
170,3,4.72941,7,25,134
171,3,4.70175,7,25,134
172,3,4.67442,7,25,134
173,3,4.6474,7,25,134
174,3,4.75862,7,29,138
175,3,4.76571,7,30,139
176,3,4.77273,7,31,140
177,3,4.74576,7,31,140
178,3,4.75281,7,32,141
179,3,4.75978,7,33,142
180,3,4.73333,7,33,142
181,3,4.70718,7,33,142
182,3,4.71429,7,34,143
183,3,4.7541,7,36,145
184,3,4.72826,7,36,145
185,3,4.73514,7,37,146
186,3,4.77419,7,39,148
187,3,4.74866,7,39,148
188,3,4.78723,7,41,150
189,3,4.79365,7,42,151
190,3,4.76842,7,42,151
191,3,4.74346,7,42,151
192,3,4.84375,7,46,155
193,3,4.88083,7,48,157
194,3,4.85567,6,0,157
195,3,4.86154,6,1,158
196,3,4.86735,6,2,159
197,3,4.84264,6,2,159
198,3,4.87879,6,4,161
199,3,4.85427,6,4,161
200,3,4.83,6,4,161
201,3,4.83582,6,5,162
202,3,4.84158,6,6,163
203,3,4.81773,6,6,163
204,3,4.82353,6,7,164
205,3,4.91707,6,11,168
206,3,4.8932,6,11,168
207,3,4.86957,6,11,168
208,3,4.90385,6,13,170
209,3,4.88038,6,13,170
210,3,4.85714,6,13,170
211,3,4.891,6,15,172
212,3,4.89623,6,16,173
213,3,4.87324,6,16,173
214,3,4.85047,6,16,173
215,3,4.82791,6,16,173
216,3,4.83333,6,17,174
217,3,4.81106,6,17,174
218,3,4.78899,6,17,174
219,3,4.82192,6,19,176
220,3,4.8,6,19,176
221,3,4.77828,6,19,176
222,3,4.78378,6,20,177
223,3,4.81614,6,22,179
224,4,4.82143,6,23,180
225,4,4.82667,6,24,181
226,4,4.83186,6,25,182
227,4,4.81057,6,25,182
228,4,4.78947,6,25,182
229,4,4.82096,6,27,184
230,4,4.8,6,27,184
231,4,4.80519,6,28,185
232,4,4.78448,6,28,185
233,4,4.8412,6,31,188
234,4,4.84615,6,32,189
235,4,4.82553,5,0,189
236,4,4.80508,5,0,189
237,4,4.78481,5,0,189
238,5,4.78992,5,1,190
239,5,4.79498,5,2,191
240,5,4.775,5,2,191
241,5,4.78008,5,3,192
242,5,4.80992,5,5,194
243,5,4.88889,5,9,198
244,5,4.86885,5,9,198
245,5,4.84898,5,9,198
246,5,4.85366,5,10,199
247,5,4.8583,5,11,200
248,5,4.8629,5,12,201
249,5,4.86747,5,13,202
250,5,4.848,5,13,202
251,5,4.82869,5,13,202
252,5,4.83333,5,14,203
253,5,4.81423,5,14,203
254,5,4.79528,5,14,203
255,5,4.8,5,15,204
256,5,4.78125,5,15,204
257,5,4.76265,5,15,204
258,5,4.76744,5,16,205
259,5,4.79537,5,18,207
260,5,4.8,5,19,208
261,5,4.78161,5,19,208
262,5,4.85496,5,23,212
263,5,4.85932,5,24,213
264,5,4.84091,5,24,213
265,5,4.84528,5,25,214
266,5,4.84962,5,26,215
267,5,4.85393,5,27,216
268,5,4.85821,5,28,217
269,5,4.88476,5,30,219
270,5,4.88889,5,31,220
271,5,4.87085,5,31,220
272,5,4.89706,5,33,222
273,5,4.87912,5,33,222
274,5,4.88321,5,34,223
275,5,4.88727,5,35,224
276,5,4.8913,5,36,225
277,5,4.91697,5,38,227
278,5,4.89928,5,38,227
279,5,4.88172,5,38,227
280,5,4.86429,5,38,227
281,5,4.86833,5,39,228
282,5,4.85106,5,39,228
283,5,4.83392,5,39,228
284,5,4.8169,4,0,228
285,5,4.82105,4,1,229
286,5,4.8042,4,1,229
287,5,4.80836,4,2,230
288,6,4.8125,4,3,231
289,6,4.79585,4,3,231
290,6,4.77931,4,3,231
291,6,4.80412,4,5,233
292,6,4.86986,4,9,237
293,6,4.85324,4,9,237
294,6,4.91837,4,13,241
295,6,4.98305,4,17,245
296,6,5.0473,4,21,249
