1,0,0,10,0,0
2,0,0,10,0,0
3,0,2,10,1,1
4,0,1.5,10,1,1
5,0,6,10,5,5
6,0,5,10,5,5
7,0,4.28571,10,5,5
8,0,3.75,10,5,5
9,0,3.33333,10,5,5
10,1,3.6,10,6,6
11,1,3.27273,10,6,6
12,1,3,10,6,6
13,1,2.76923,10,6,6
14,1,3.42857,10,8,8
15,1,4.8,10,12,12
16,1,4.875,10,13,13
17,1,4.94118,10,14,14
18,1,4.66667,9,0,14
19,1,4.42105,9,0,14
20,1,5.4,9,4,18
21,1,5.42857,9,5,19
22,1,5.18182,9,5,19
23,1,4.95652,9,5,19
24,1,5,9,6,20
25,1,4.8,9,6,20
26,1,4.61538,9,6,20
27,1,4.66667,9,7,21
28,1,5.35714,9,11,25
29,1,5.17241,9,11,25
30,2,5.8,9,15,29
31,3,6,9,17,31
32,3,6,9,18,32
33,3,6,9,19,33
34,3,5.82353,9,19,33
35,3,5.82857,9,20,34
36,3,6.33333,9,24,38
37,3,6.81081,9,28,42
38,3,7.26316,9,32,46
39,3,7.69231,9,36,50
40,3,7.65,9,37,51
41,3,8.04878,9,41,55
42,4,8,9,42,56
43,5,8.51163,9,47,61
44,5,8.45455,9,48,62
45,5,8.26667,8,0,62
46,6,8.21739,8,1,63
47,7,8.17021,8,2,64
48,7,8,8,2,64
49,7,8.32653,8,6,68
50,7,8.16,8,6,68
51,7,8.23529,8,8,70
52,7,8.07692,8,8,70
53,7,7.92453,8,8,70
54,7,7.88889,8,9,71
55,7,7.74545,8,9,71
56,7,7.60714,8,9,71
57,7,7.47368,8,9,71
58,7,7.34483,7,0,71
59,7,7.22034,7,0,71
60,7,7.1,7,0,71
61,7,6.98361,7,0,71
62,7,6.87097,7,0,71
63,7,6.7619,7,0,71
64,7,7.03125,7,4,75
65,7,7.01538,7,5,76
66,7,6.90909,7,5,76
67,7,6.80597,7,5,76
68,7,6.70588,7,5,76
69,7,6.6087,7,5,76
70,7,6.51429,7,5,76
71,7,6.42254,7,5,76
72,7,6.41667,7,6,77
73,7,6.32877,7,6,77
74,7,6.32432,7,7,78
75,7,6.24,7,7,78
76,7,6.15789,7,7,78
77,7,6.07792,7,7,78
78,7,6.07692,7,8,79
79,7,6.07595,7,9,80
80,7,6,7,9,80
81,7,5.92593,7,9,80
82,7,5.85366,7,9,80
83,7,5.78313,7,9,80
84,8,5.78571,7,10,81
85,8,5.71765,7,10,81
86,8,5.65116,7,10,81
87,8,5.58621,7,10,81
88,8,5.79545,7,14,85
89,8,5.79775,7,15,86
90,8,5.73333,7,15,86
91,8,5.67033,7,15,86
92,8,5.67391,7,16,87
93,8,5.6129,7,16,87
94,8,5.61702,7,17,88
95,8,5.62105,7,18,89
96,8,5.5625,7,18,89
97,8,5.50515,7,18,89
98,8,5.44898,7,18,89
99,8,5.39394,7,18,89
100,8,5.34,7,18,89
101,8,5.52475,7,22,93
102,8,5.58824,7,24,95
103,8,5.59223,7,25,96
104,8,5.53846,7,25,96
105,8,5.54286,7,26,97
106,8,5.54717,7,27,98
107,8,5.49533,7,27,98
108,9,5.5,7,28,99
109,9,5.50459,7,29,100
110,9,5.50909,7,30,101
111,9,5.56757,7,32,103
112,10,5.57143,7,33,104
113,10,5.57522,7,34,105
114,10,5.57895,7,35,106
115,10,5.58261,7,36,107
116,10,5.58621,7,37,108
117,10,5.53846,7,37,108
118,10,5.49153,7,37,108
119,10,5.44538,7,37,108
120,10,5.4,7,37,108
121,10,5.35537,7,37,108
122,10,5.5082,7,41,112
123,10,5.5122,7,42,113
124,10,5.51613,7,43,114
125,10,5.52,7,44,115
126,10,5.52381,7,45,116
127,10,5.48031,7,45,116
128,10,5.4375,7,45,116
129,10,5.39535,7,45,116
130,10,5.4,7,46,117
131,10,5.35878,7,46,117
132,10,5.31818,7,46,117
133,10,5.2782,7,46,117
134,10,5.28358,7,47,118
135,10,5.42222,7,51,122
136,10,5.38235,7,51,122
137,10,5.38686,7,52,123
138,10,5.34783,7,52,123
139,10,5.48201,7,56,127
140,10,5.48571,7,57,128
141,10,5.44681,7,57,128
142,10,5.4507,7,58,129
143,10,5.41259,7,58,129
144,10,5.45833,7,60,131
145,10,5.42069,7,60,131
146,10,5.38356,7,60,131
147,10,5.38776,7,61,132
148,10,5.35135,7,61,132
149,10,5.31544,7,61,132
150,11,5.32,7,62,133
151,11,5.3245,7,63,134
152,11,5.28947,7,63,134
153,11,5.2549,7,63,134
154,11,5.22078,7,63,134
155,11,5.1871,7,63,134
156,11,5.19231,7,64,135
157,11,5.19745,7,65,136
158,11,5.20253,7,66,137
159,11,5.16981,7,66,137
160,11,5.175,7,67,138
161,11,5.21739,7,69,140
162,11,5.18519,7,69,140
163,11,5.19018,7,70,141
164,11,5.19512,7,71,142
165,11,5.16364,7,71,142
166,11,5.13253,7,71,142
167,11,5.1018,7,71,142
168,11,5.10714,7,72,143
169,11,5.07692,7,72,143
170,11,5.04706,7,72,143
171,11,5.01754,7,72,143
172,11,4.98837,7,72,143
173,11,4.95954,7,72,143
174,11,4.93103,7,72,143
175,11,4.90286,7,72,143
176,11,4.875,7,72,143
177,11,4.84746,7,72,143
178,11,4.82022,7,72,143
179,11,4.82682,7,73,144
180,11,4.83333,7,74,145
181,11,4.93923,7,78,149
182,11,4.91209,7,78,149
183,11,4.91803,7,79,150
184,12,4.92391,7,80,151
185,12,5.09189,7,86,157
186,12,5.25806,7,92,163
187,12,5.22995,7,92,163
188,12,5.20213,7,92,163
189,12,5.20635,7,93,164
190,12,5.17895,7,93,164
191,12,5.18325,7,94,165
192,12,5.1875,7,95,166
193,12,5.2228,7,97,168
194,12,5.2268,7,98,169
195,12,5.23077,7,99,170
196,12,5.20408,7,99,170
197,12,5.17766,6,0,170
198,12,5.15152,6,0,170
199,12,5.15578,6,1,171
200,12,5.13,6,1,171
201,12,5.10448,6,1,171
202,12,5.13861,6,3,173
203,12,5.1133,6,3,173
204,12,5.08824,6,3,173
205,12,5.06341,6,3,173
206,12,5.03883,6,3,173
207,12,5.01449,6,3,173
208,12,4.99038,6,3,173
209,12,4.96651,6,3,173
210,12,4.94286,6,3,173
211,12,5.03318,6,7,177
212,12,5.03774,6,8,178
213,12,5.01408,6,8,178
214,12,4.99065,6,8,178
215,12,5.05116,6,11,181
216,12,5.05556,6,12,182
217,12,5.03226,6,12,182
218,12,5.11927,6,16,186
219,12,5.09589,6,16,186
220,12,5.07273,6,16,186
221,12,5.04977,6,16,186
222,12,5.02703,6,16,186
223,12,5.0583,6,18,188
224,12,5.0625,6,19,189
225,12,5.06667,6,20,190
226,12,5.0708,6,21,191
227,13,5.07489,6,22,192
228,13,5.05263,6,22,192
229,13,5.03057,6,22,192
230,13,5.0087,6,22,192
231,13,5.01299,6,23,193
232,13,5.0431,6,25,195
233,13,5.04721,6,26,196
234,13,5.05128,6,27,197
235,13,5.02979,6,27,197
236,13,5.0339,6,28,198
237,13,5.01266,5,0,198
238,13,4.9916,5,0,198
239,13,4.97071,5,0,198
240,13,5.05,5,4,202
241,13,5.02905,5,4,202
242,13,5.03306,5,5,203
243,13,5.01235,5,5,203
244,13,5.01639,5,6,204
245,13,4.99592,5,6,204
246,13,5.02439,5,8,206
247,13,5.00405,5,8,206
248,13,5.00806,5,9,207
249,13,4.98795,5,9,207
250,13,5.064,5,13,211
251,13,5.06773,5,14,212
252,13,5.04762,5,14,212
253,13,5.05138,5,15,213
254,13,5.0315,5,15,213
255,13,5.03529,5,16,214
256,13,5.03906,5,17,215
257,13,5.11284,5,21,219
258,14,5.11628,5,22,220
259,14,5.11969,5,23,221
260,14,5.12308,5,24,222
261,14,5.10345,5,24,222
262,14,5.08397,5,24,222
263,14,5.06464,5,24,222
264,14,5.06818,5,25,223
265,14,5.0717,5,26,224
266,14,5.05263,5,26,224
267,14,5.05618,5,27,225
268,14,5.03731,5,27,225
269,14,5.01859,5,27,225
270,14,5.02222,5,28,226
271,14,5.02583,5,29,227
272,14,5.02941,5,30,228
273,14,5.0989,5,34,232
274,19,5.18978,5,39,237
275,20,5.19273,5,40,238
276,20,5.19565,5,41,239
277,20,5.26354,5,45,243
278,20,5.3741,5,51,249
279,20,5.44086,5,55,253
280,20,5.50714,5,59,257
281,20,5.5089,5,60,258
282,20,5.51064,5,61,259
283,20,5.51237,5,62,260
284,20,5.51408,5,63,261
285,20,5.51579,5,64,262
286,20,5.51748,5,65,263
287,20,5.49826,4,0,263
288,20,5.5,4,1,264
289,20,5.48097,3,0,264
290,20,5.48276,3,1,265
291,20,5.48454,3,2,266
292,20,5.4863,3,3,267
293,20,5.46758,3,3,267
294,20,5.46939,3,4,268
295,20,5.45085,2,0,268
296,20,5.43243,2,0,268
297,20,5.41414,2,0,268
298,20,5.39597,2,0,268
299,20,5.39799,2,1,269
300,20,5.4,2,2,270
301,20,5.42193,2,4,272
302,20,5.40397,2,4,272
303,20,5.38614,2,4,272
304,20,5.36842,2,4,272
305,20,5.37049,2,5,273
306,20,5.39216,2,7,275
307,20,5.37459,2,7,275
308,20,5.35714,1,0,275
309,20,5.35922,1,1,276
310,20,5.36129,1,2,277
311,22,5.38264,1,4,279
312,22,5.36538,1,4,279