1,0,0,10,0,0
2,0,0,10,0,0
3,0,0,10,0,0
4,0,0,10,0,0
5,0,0,10,0,0
6,0,0,10,0,0
7,0,0,10,0,0
8,0,0,10,0,0
9,0,0,10,0,0
10,0,2.4,10,4,4
11,0,4.36364,10,8,8
12,1,4.5,10,9,9
13,1,4.61538,10,10,10
14,1,4.28571,9,0,10
15,1,4,9,0,10
16,1,3.75,9,0,10
17,1,3.52941,9,0,10
18,1,3.33333,9,0,10
19,1,3.15789,9,0,10
20,1,3.3,9,1,11
21,1,3.14286,9,1,11
22,1,3,9,1,11
23,1,3.91304,9,5,15
24,1,3.75,8,0,15
25,1,3.6,8,0,15
26,1,3.69231,8,1,16
27,1,3.55556,8,1,16
28,1,3.64286,8,2,17
29,1,3.51724,8,2,17
30,1,3.4,8,2,17
31,1,3.29032,8,2,17
32,1,3.1875,8,2,17
33,1,3.09091,8,2,17
34,1,3,8,2,17
35,1,2.91429,8,2,17
36,1,2.83333,8,2,17
37,1,2.91892,8,3,18
38,1,3.15789,8,5,20
39,1,3.07692,8,5,20
40,1,3,8,5,20
41,1,2.92683,8,5,20
42,1,2.85714,8,5,20
43,1,2.7907,8,5,20
44,2,2.86364,8,6,21
45,2,2.93333,8,7,22
46,2,3.3913,8,11,26
47,2,3.57447,8,13,28
48,2,3.625,8,14,29
49,2,3.55102,8,14,29
50,2,3.48,8,14,29
51,2,3.41176,8,14,29
52,2,3.34615,8,14,29
53,2,3.28302,8,14,29
54,2,3.66667,8,18,33
55,2,4.03636,8,22,37
56,2,3.96429,8,22,37
57,2,4.31579,8,26,41
58,2,4.24138,8,26,41
59,2,4.16949,8,26,41
60,3,4.2,8,27,42
61,3,4.13115,8,27,42
62,3,4.25806,8,29,44
63,4,4.66667,8,34,49
64,4,4.96875,8,38,53
65,4,4.89231,8,38,53
66,4,4.81818,8,38,53
67,4,4.74627,8,38,53
68,4,4.67647,8,38,53
69,4,4.6087,8,38,53
70,4,4.71429,8,40,55
71,4,4.64789,8,40,55
72,4,4.58333,8,40,55
73,4,4.52055,8,40,55
74,4,4.45946,8,40,55
75,4,4.4,8,40,55
76,4,4.34211,8,40,55
77,4,4.36364,8,41,56
78,4,4.38462,8,42,57
79,4,4.40506,8,43,58
80,4,4.35,8,43,58
81,4,4.44444,8,45,60
82,4,4.39024,8,45,60
83,4,4.33735,7,0,60
84,4,4.28571,7,0,60
85,4,4.23529,7,0,60
86,4,4.18605,7,0,60
87,4,4.13793,7,0,60
88,4,4.09091,7,0,60
89,4,4.04494,7,0,60
90,4,4,7,0,60
91,4,4.02198,7,1,61
92,4,4.04348,7,2,62
93,4,4,7,2,62
94,4,3.95745,7,2,62
95,4,3.91579,7,2,62
96,5,3.9375,7,3,63
97,5,3.95876,7,4,64
98,5,3.91837,7,4,64
99,5,3.87879,7,4,64
100,5,3.84,7,4,64
101,5,3.86139,7,5,65
102,5,3.82353,7,5,65
103,5,3.78641,7,5,65
104,5,3.80769,7,6,66
105,5,3.77143,7,6,66
106,5,3.79245,7,7,67
107,5,3.75701,7,7,67
108,5,3.72222,7,7,67
109,5,3.68807,7,7,67
110,5,3.65455,6,0,67
111,5,3.62162,6,0,67
112,5,3.58929,6,0,67
113,6,3.61062,6,1,68
114,6,3.57895,6,1,68
115,6,3.54783,6,1,68
116,6,3.51724,6,1,68
117,6,3.48718,6,1,68
118,6,3.45763,6,1,68
119,6,3.42857,6,1,68
120,6,3.4,6,1,68
121,6,3.3719,6,1,68
122,6,3.54098,6,5,72
123,6,3.5122,6,5,72
124,6,3.58065,6,7,74
125,6,3.6,6,8,75
126,6,3.7619,6,12,79
127,6,3.77953,6,13,80
128,6,3.75,6,13,80
129,6,3.72093,6,13,80
130,6,3.69231,6,13,80
131,6,3.70992,6,14,81
132,6,3.68182,6,14,81
133,6,3.69925,6,15,82
134,6,3.85075,6,19,86
135,6,3.82222,6,19,86
136,6,3.79412,6,19,86
137,6,3.81022,6,20,87
138,6,3.78261,6,20,87
139,6,3.7554,6,20,87
140,6,3.77143,6,21,88
141,6,3.74468,6,21,88
142,6,3.71831,6,21,88
143,6,3.86014,6,25,92
144,6,3.83333,6,25,92
145,6,3.84828,6,26,93
146,6,3.82192,6,26,93
147,6,3.83673,6,27,94
148,6,3.85135,6,28,95
149,6,3.8255,5,0,95
150,6,3.8,5,0,95
151,6,3.77483,5,0,95
152,6,3.78947,5,1,96
153,6,3.76471,5,1,96
154,6,3.74026,5,1,96
155,6,3.71613,5,1,96
156,6,3.69231,5,1,96
157,6,3.70701,5,2,97
158,7,3.72152,5,3,98
159,7,3.69811,5,3,98
160,7,3.675,5,3,98
161,7,3.65217,5,3,98
162,7,3.62963,5,3,98
163,7,3.60736,5,3,98
164,7,3.58537,5,3,98
165,7,3.56364,5,3,98
166,7,3.57831,5,4,99
167,7,3.7006,5,8,103
168,7,3.67857,5,8,103
169,7,3.69231,5,9,104
170,7,3.67059,5,9,104
171,7,3.68421,5,10,105
172,7,3.69767,5,11,106
173,7,3.6763,5,11,106
174,7,3.65517,5,11,106
175,7,3.66857,5,12,107
176,7,3.64773,5,12,107
177,7,3.62712,5,12,107
178,7,3.64045,5,13,108
179,7,3.62011,5,13,108
180,7,3.63333,5,14,109
181,7,3.64641,5,15,110
182,7,3.62637,5,15,110
183,7,3.60656,5,15,110
184,7,3.71739,5,19,114
185,7,3.82703,5,23,118
186,7,3.80645,5,23,118
187,7,3.81818,5,24,119
188,7,3.79787,5,24,119
189,7,3.80952,5,25,120
190,7,3.82105,5,26,121
191,7,3.83246,5,27,122
192,7,3.8125,5,27,122
193,7,3.82383,5,28,123
194,7,3.80412,5,28,123
195,7,3.81538,5,29,124
196,7,3.79592,5,29,124
197,7,3.77665,5,29,124
198,7,3.75758,5,29,124
199,7,3.73869,5,29,124
200,7,3.72,5,29,124
201,7,3.70149,5,29,124
202,7,3.68317,5,29,124
203,7,3.69458,5,30,125
204,7,3.67647,5,30,125
205,7,3.6878,5,31,126
206,7,3.6699,5,31,126
207,7,3.65217,5,31,126
208,7,3.66346,5,32,127
209,7,3.64593,5,32,127
210,7,3.62857,5,32,127
211,7,3.61137,5,32,127
212,7,3.59434,5,32,127
213,7,3.57746,5,32,127
214,7,3.56075,5,32,127
215,7,3.54419,5,32,127
216,7,3.52778,5,32,127
217,7,3.53917,5,33,128
218,7,3.52294,5,33,128
219,7,3.50685,5,33,128
220,7,3.49091,5,33,128
221,7,3.50226,5,34,129
222,7,3.48649,5,34,129
223,7,3.47085,5,34,129
224,7,3.50893,5,36,131
225,7,3.52,5,37,132
226,7,3.53097,5,38,133
227,7,3.54185,5,39,134
228,7,3.52632,5,39,134
229,7,3.53712,5,40,135
230,7,3.52174,5,40,135
231,7,3.50649,5,40,135
232,7,3.49138,5,40,135
233,7,3.47639,5,40,135
234,7,3.51282,5,42,137
235,7,3.49787,5,42,137
236,7,3.50847,5,43,138
237,7,3.5443,5,45,140
238,7,3.68067,5,51,146
239,7,3.69038,5,52,147
240,7,3.675,5,52,147
241,7,3.68465,5,53,148
242,7,3.69421,5,54,149
243,7,3.7037,5,55,150
244,7,3.71311,5,56,151
245,7,3.72245,5,57,152
246,7,3.70732,5,57,152
247,7,3.7166,5,58,153
248,7,3.75,5,60,155
249,7,3.75904,5,61,156
250,7,3.768,5,62,157
251,7,3.75299,5,62,157
252,7,3.83333,5,66,161
253,7,3.91304,5,70,165
254,7,3.92126,5,71,166
255,7,3.92941,5,72,167
256,7,3.9375,5,73,168
257,7,3.94553,5,74,169
258,7,3.95349,5,75,170
259,7,4.03089,5,79,174
260,7,4.06154,5,81,176
261,7,4.06897,5,82,177
262,7,4.09924,5,84,179
263,7,4.10646,5,85,180
264,7,4.13636,5,87,182
265,7,4.12075,5,87,182
266,7,4.12782,5,88,183
267,7,4.13483,5,89,184
268,7,4.16418,5,91,186
269,7,4.171,5,92,187
270,7,4.17778,5,93,188
271,7,4.25092,5,97,192
272,7,4.23529,5,97,192
273,7,4.21978,5,97,192
274,7,4.29197,5,101,196
275,7,4.36364,5,105,200
276,7,4.34783,5,105,200
277,8,4.35379,5,106,201
278,8,4.33813,4,0,201
279,8,4.34409,4,1,202
280,8,4.35,4,2,203
281,8,4.41993,4,6,207
282,8,4.40426,4,6,207
283,8,4.4735,4,10,211
284,8,4.5,4,12,213
285,8,4.48421,4,12,213
286,9,4.48951,4,13,214
287,9,4.5993,4,19,220
288,9,4.58333,4,19,220
289,11,4.609,4,21,222
290,11,4.61379,4,22,223
291,11,4.61856,4,23,224
292,11,4.60274,4,23,224
293,11,4.60751,4,24,225
294,11,4.61224,4,25,226
295,11,4.61695,4,26,227
296,11,4.62162,4,27,228
297,11,4.62626,4,28,229
298,11,4.63087,4,29,230
299,11,4.61538,4,29,230
300,11,4.62,4,30,231
301,11,4.64452,4,32,233
302,11,4.62914,4,32,233
303,11,4.61386,4,32,233
304,11,4.71711,4,38,239
305,11,4.78033,4,42,243
306,11,4.78431,4,43,244
307,11,4.80782,4,45,246
308,11,4.81169,4,46,247