1,0,0,10,0,0
2,0,6,10,2,2
3,0,4,10,2,2
4,0,3,10,2,2
5,0,3.6,10,3,3
6,0,3,10,3,3
7,0,2.57143,10,3,3
8,0,2.25,10,3,3
9,0,2,10,3,3
10,0,1.8,10,3,3
11,0,1.63636,10,3,3
12,0,1.5,10,3,3
13,0,1.38462,10,3,3
14,0,1.71429,10,4,4
15,0,1.6,10,4,4
16,0,2.25,10,6,6
17,0,2.11765,10,6,6
18,0,2,10,6,6
19,0,1.89474,10,6,6
20,0,1.8,10,6,6
21,0,2.85714,10,10,10
22,0,2.72727,10,10,10
23,0,2.6087,10,10,10
24,0,2.5,10,10,10
25,0,3.36,10,14,14
26,0,4.15385,10,18,18
27,0,4.22222,10,19,19
28,0,4.07143,10,19,19
29,0,3.93103,10,19,19
30,0,3.8,10,19,19
31,0,3.67742,10,19,19
32,0,3.5625,10,19,19
33,0,3.45455,10,19,19
34,0,3.70588,10,21,21
35,0,3.6,10,21,21
36,0,3.5,10,21,21
37,0,3.40541,10,21,21
38,0,3.31579,10,21,21
39,0,3.84615,10,25,25
40,1,3.9,10,26,26
41,1,3.80488,10,26,26
42,1,3.71429,10,26,26
43,1,3.76744,10,27,27
44,1,3.81818,10,28,28
45,1,4.26667,10,32,32
46,1,4.17391,10,32,32
47,1,4.85106,10,38,38
48,2,4.875,10,39,39
49,2,4.77551,10,39,39
50,2,4.68,10,39,39
51,2,4.58824,10,39,39
52,3,4.61538,10,40,40
53,3,4.5283,10,40,40
54,3,4.44444,10,40,40
55,3,4.36364,10,40,40
56,3,4.28571,10,40,40
57,3,4.21053,10,40,40
58,3,4.13793,10,40,40
59,3,4.0678,10,40,40
60,3,4,10,40,40
61,3,3.93443,10,40,40
62,3,3.87097,10,40,40
63,3,3.80952,10,40,40
64,3,3.75,9,0,40
65,3,3.69231,9,0,40
66,3,4,9,4,44
67,4,4.02985,9,5,45
68,4,3.97059,9,5,45
69,4,4,9,6,46
70,4,3.94286,9,6,46
71,4,4.05634,9,8,48
72,4,4.08333,9,9,49
73,4,4.10959,9,10,50
74,4,4.05405,9,10,50
75,4,4,9,10,50
76,4,3.94737,9,10,50
77,4,3.8961,9,10,50
78,4,3.84615,9,10,50
79,4,3.79747,9,10,50
80,4,3.75,9,10,50
81,4,4,9,14,54
82,4,3.95122,9,14,54
83,4,4.19277,9,18,58
84,5,4.21429,9,19,59
85,5,4.30588,9,21,61
86,5,4.25581,9,21,61
87,5,4.2069,9,21,61
88,5,4.15909,9,21,61
89,5,4.11236,9,21,61
90,5,4.26667,9,24,64
91,5,4.21978,9,24,64
92,6,4.23913,9,25,65
93,6,4.19355,9,25,65
94,6,4.21277,9,26,66
95,6,4.16842,9,26,66
96,6,4.1875,9,27,67
97,6,4.26804,9,29,69
98,6,4.22449,9,29,69
99,6,4.24242,9,30,70
100,6,4.44,9,34,74
101,6,4.45545,9,35,75
102,6,4.41176,9,35,75
103,6,4.36893,9,35,75
104,6,4.32692,9,35,75
105,6,4.28571,9,35,75
106,6,4.30189,9,36,76
107,6,4.31776,9,37,77
108,6,4.27778,9,37,77
109,6,4.23853,9,37,77
110,6,4.2,9,37,77
111,6,4.16216,8,0,77
112,6,4.17857,8,1,78
113,6,4.19469,8,2,79
114,6,4.21053,8,3,80
115,6,4.22609,8,4,81
116,6,4.18966,8,4,81
117,6,4.15385,8,4,81
118,6,4.11864,8,4,81
119,6,4.28571,8,8,85
120,6,4.3,8,9,86
121,6,4.26446,8,9,86
122,6,4.32787,8,11,88
123,6,4.34146,8,12,89
124,6,4.30645,8,12,89
125,6,4.368,8,14,91
126,6,4.38095,8,15,92
127,6,4.34646,8,15,92
128,6,4.3125,8,15,92
129,6,4.37209,8,17,94
130,6,4.38462,8,18,95
131,6,4.39695,8,19,96
132,6,4.36364,8,19,96
133,6,4.37594,8,20,97
134,6,4.34328,8,20,97
135,6,4.31111,8,20,97
136,6,4.27941,8,20,97
137,6,4.24818,8,20,97
138,6,4.21739,8,20,97
139,6,4.35971,8,24,101
140,6,4.32857,8,24,101
141,6,4.34043,8,25,102
142,6,4.35211,8,26,103
143,6,4.36364,8,27,104
144,6,4.33333,8,27,104
145,6,4.30345,8,27,104
146,6,4.27397,8,27,104
147,7,4.28571,8,28,105
148,7,4.25676,8,28,105
149,7,4.22819,8,28,105
150,7,4.24,8,29,106
151,7,4.21192,8,29,106
152,7,4.22368,8,30,107
153,7,4.23529,8,31,108
154,7,4.20779,8,31,108
155,7,4.21935,8,32,109
156,7,4.19231,8,32,109
157,7,4.16561,8,32,109
158,7,4.13924,8,32,109
159,7,4.15094,8,33,110
160,7,4.1625,8,34,111
161,7,4.13665,8,34,111
162,7,4.11111,8,34,111
163,7,4.1227,8,35,112
164,7,4.13415,8,36,113
165,7,4.14545,8,37,114
166,7,4.15663,8,38,115
167,7,4.16766,8,39,116
168,7,4.14286,8,39,116
169,7,4.15385,8,40,117
170,7,4.12941,8,40,117
171,7,4.14035,8,41,118
172,7,4.15116,8,42,119
173,7,4.12717,7,0,119
174,7,4.10345,7,0,119
175,7,4.11429,7,1,120
176,7,4.09091,7,1,120
177,7,4.0678,7,1,120
178,7,4.07865,7,2,121
179,7,4.08939,7,3,122
180,7,4.1,7,4,123
181,7,4.07735,7,4,123
182,7,4.08791,7,5,124
183,7,4.09836,7,6,125
184,7,4.07609,7,6,125
185,7,4.05405,7,6,125
186,7,4.03226,7,6,125
187,7,4.04278,7,7,126
188,8,4.05319,7,8,127
189,8,4.06349,7,9,128
190,8,4.07368,7,10,129
191,8,4.08377,7,11,130
192,8,4.0625,7,11,130
193,8,4.07254,7,12,131
194,8,4.08247,7,13,132
195,8,4.06154,7,13,132
196,8,4.07143,7,14,133
197,9,4.08122,7,15,134
198,10,4.09091,7,16,135
199,10,4.1005,7,17,136
200,10,4.26,7,23,142
201,10,4.26866,7,24,143
202,10,4.27723,7,25,144
203,10,4.28571,7,26,145
204,10,4.29412,7,27,146
205,10,4.33171,7,29,148
206,10,4.33981,7,30,149
207,10,4.37681,7,32,151
208,10,4.38462,7,33,152
209,11,4.39234,7,34,153
210,11,4.4,7,35,154
211,11,4.37915,7,35,154
212,11,4.35849,7,35,154
213,11,4.3662,7,36,155
214,11,4.37383,7,37,156
215,11,4.35349,7,37,156
216,11,4.36111,7,38,157
217,11,4.36866,7,39,158
218,12,4.37615,7,40,159
219,12,4.38356,7,41,160
220,12,4.39091,7,42,161
221,14,4.42534,7,44,163
222,15,4.43243,7,45,164
223,15,4.43946,7,46,165
224,15,4.41964,7,46,165
225,15,4.45333,7,48,167
226,15,4.46018,7,49,168
227,15,4.46696,7,50,169
228,15,4.5,7,52,171
229,16,4.50655,7,53,172
230,16,4.5913,7,57,176
231,16,4.5974,7,58,177
232,16,4.62931,7,60,179
233,16,4.63519,7,61,180
234,16,4.64103,7,62,181
235,16,4.62128,7,62,181
236,16,4.60169,7,62,181
237,16,4.60759,7,63,182
238,16,4.58824,6,0,182
239,16,4.59414,6,1,183
240,16,4.675,6,5,187
241,16,4.70539,6,7,189
242,16,4.68595,6,7,189
243,16,4.66667,5,0,189
244,16,4.7459,5,4,193
245,16,4.75102,5,5,194
246,16,4.7561,5,6,195
247,16,4.73684,5,6,195
248,16,4.76613,5,8,197
249,16,4.74699,5,8,197
250,16,4.752,5,9,198
251,16,4.75697,5,10,199
252,17,4.7619,5,11,200
253,17,4.74308,5,11,200
254,17,4.72441,4,0,200
255,17,4.70588,4,0,200
256,17,4.71094,4,1,201
257,17,4.78599,4,5,205
258,17,4.81395,4,7,207
259,17,4.8417,4,9,209
260,17,4.82308,4,9,209
261,17,4.94253,4,15,215
262,17,4.94656,4,16,216
263,17,4.95057,4,17,217
264,17,4.97727,4,19,219
265,17,4.95849,4,19,219
266,18,4.96241,4,20,220
267,18,4.96629,4,21,221
268,18,4.97015,4,22,222
269,18,4.97398,4,23,223
270,18,5.08889,4,29,229
271,18,5.20295,4,35,235
272,18,5.18382,4,35,235
273,18,5.16484,4,35,235
274,18,5.16788,4,36,236
275,18,5.14909,3,0,236
276,18,5.13043,2,0,236
277,18,5.11191,2,0,236
278,18,5.11511,2,1,237
279,18,5.22581,2,7,243
280,18,5.33571,2,13,249
281,18,5.33808,2,14,250
282,18,5.31915,2,14,250
283,18,5.42756,2,20,256
284,18,5.42958,2,21,257
285,18,5.45263,2,23,259
286,18,5.43357,2,23,259
287,18,5.41463,2,23,259
288,18,5.4375,2,25,261
289,18,5.46021,2,27,263
290,18,5.52414,2,31,267
291,18,5.58763,2,35,271
292,18,5.69178,2,41,277
293,18,5.69283,2,42,278
294,18,5.69388,2,43,279
295,18,5.69492,2,44,280
296,18,5.69595,2,45,281
297,18,5.67677,2,45,281
298,18,5.67785,2,46,282
299,19,5.67893,2,47,283
300,19,5.66,1,0,283
301,19,5.6412,0,0,283
