1,0,0,10,0,0
2,0,0,10,0,0
3,0,0,10,0,0
4,0,1.5,10,1,1
5,0,1.2,10,1,1
6,0,2,10,2,2
7,0,2.57143,10,3,3
8,0,4.5,10,6,6
9,0,4.66667,10,7,7
10,0,6.6,10,11,11
11,0,6,10,11,11
12,0,6,10,12,12
13,0,6,10,13,13
14,0,5.57143,10,13,13
15,0,5.6,10,14,14
16,0,5.625,10,15,15
17,0,6.70588,10,19,19
18,0,6.33333,10,19,19
19,0,6.31579,10,20,20
20,0,6,10,20,20
21,0,5.71429,10,20,20
22,0,5.45455,10,20,20
23,0,5.21739,10,20,20
24,0,5,10,20,20
25,0,5.04,10,21,21
26,0,4.84615,10,21,21
27,0,4.66667,10,21,21
28,0,4.71429,10,22,22
29,0,4.75862,10,23,23
30,0,5,10,25,25
31,0,5.6129,10,29,29
32,0,5.4375,10,29,29
33,0,6,10,33,33
34,1,6,10,34,34
35,1,6,10,35,35
36,1,6,10,36,36
37,1,6.48649,10,40,40
38,1,6.63158,10,42,42
39,1,6.46154,10,42,42
40,1,6.45,10,43,43
41,1,6.58537,10,45,45
42,1,6.57143,10,46,46
43,1,6.55814,10,47,47
44,1,6.40909,10,47,47
45,1,6.8,10,51,51
46,1,6.65217,10,51,51
47,1,6.51064,10,51,51
48,1,6.375,10,51,51
49,1,6.2449,10,51,51
50,1,6.12,10,51,51
51,1,6,10,51,51
52,1,5.88462,10,51,51
53,1,5.77358,10,51,51
54,1,5.77778,10,52,52
55,1,5.78182,10,53,53
56,1,5.67857,9,0,53
57,1,5.57895,9,0,53
58,1,5.48276,9,0,53
59,1,5.38983,9,0,53
60,1,5.3,9,0,53
61,1,5.21311,9,0,53
62,1,5.32258,9,2,55
63,1,5.2381,9,2,55
64,1,5.25,9,3,56
65,1,5.26154,9,4,57
66,1,5.36364,9,6,59
67,1,5.37313,9,7,60
68,1,5.38235,9,8,61
69,1,5.30435,9,8,61
70,1,5.74286,9,14,67
71,1,5.66197,9,14,67
72,1,5.66667,9,15,68
73,1,5.75342,9,17,70
74,1,5.67568,9,17,70
75,1,5.68,9,18,71
76,1,5.68421,9,19,72
77,1,5.61039,9,19,72
78,1,5.61538,9,20,73
79,1,5.62025,9,21,74
80,1,5.625,9,22,75
81,1,5.55556,9,22,75
82,1,5.78049,9,26,79
83,1,5.78313,9,27,80
84,1,5.71429,9,27,80
85,1,5.92941,9,31,84
86,1,5.86047,9,31,84
87,1,5.86207,9,32,85
88,1,5.86364,9,33,86
89,1,5.79775,9,33,86
90,1,5.8,9,34,87
91,1,5.8022,9,35,88
92,1,5.80435,9,36,89
93,1,5.74194,9,36,89
94,1,5.68085,9,36,89
95,1,5.62105,9,36,89
96,1,5.5625,9,36,89
97,1,5.56701,9,37,90
98,1,5.5102,9,37,90
99,1,5.51515,9,38,91
100,1,5.46,8,0,91
101,1,5.40594,8,0,91
102,1,5.41176,8,1,92
103,1,5.35922,8,1,92
104,1,5.36538,8,2,93
105,1,5.37143,8,3,94
106,1,5.37736,8,4,95
107,1,5.3271,8,4,95
108,1,5.27778,8,4,95
109,1,5.22936,8,4,95
110,1,5.4,8,8,99
111,1,5.35135,8,8,99
112,1,5.30357,8,8,99
113,1,5.30973,8,9,100
114,1,5.26316,8,9,100
115,1,5.32174,8,11,102
116,1,5.32759,8,12,103
117,1,5.33333,8,13,104
118,1,5.28814,8,13,104
119,1,5.29412,8,14,105
120,1,5.25,8,14,105
121,1,5.2562,8,15,106
122,1,5.2623,8,16,107
123,1,5.31707,8,18,109
124,1,5.32258,8,19,110
125,1,5.328,8,20,111
126,1,5.33333,8,21,112
127,1,5.33858,8,22,113
128,1,5.29688,8,22,113
129,1,5.25581,7,0,113
130,1,5.21538,7,0,113
131,1,5.17557,7,0,113
132,1,5.13636,7,0,113
133,1,5.18797,7,2,115
134,1,5.14925,7,2,115
135,1,5.11111,7,2,115
136,1,5.07353,7,2,115
137,1,5.08029,7,3,116
138,1,5.08696,7,4,117
139,1,5.05036,7,4,117
140,1,5.01429,7,4,117
141,1,5.02128,7,5,118
142,1,4.98592,7,5,118
143,1,4.95105,7,5,118
144,1,4.91667,7,5,118
145,1,5.04828,7,9,122
146,1,5.05479,7,10,123
147,1,5.10204,7,12,125
148,1,5.10811,7,13,126
149,1,5.11409,7,14,127
150,1,5.12,7,15,128
151,1,5.12583,7,16,129
152,1,5.13158,7,17,130
153,1,5.13725,7,18,131
154,1,5.1039,7,18,131
155,1,5.07097,7,18,131
156,1,5.03846,7,18,131
157,1,5.04459,7,19,132
158,1,5.01266,7,19,132
159,1,5.01887,7,20,133
160,1,5.025,7,21,134
161,1,5.03106,7,22,135
162,1,5,7,22,135
163,1,4.96933,7,22,135
164,1,4.97561,7,23,136
165,1,4.94545,7,23,136
166,1,4.95181,7,24,137
167,1,4.92216,7,24,137
168,1,4.89286,7,24,137
169,1,4.89941,7,25,138
170,1,4.90588,7,26,139
171,1,4.87719,7,26,139
172,1,4.84884,7,26,139
173,1,4.85549,7,27,140
174,1,4.82759,7,27,140
175,1,4.83429,7,28,141
176,1,4.84091,7,29,142
177,1,4.81356,7,29,142
178,1,4.82022,7,30,143
179,1,4.7933,7,30,143
180,1,4.76667,7,30,143
181,1,4.74033,7,30,143
182,1,4.74725,7,31,144
183,1,4.72131,7,31,144
184,1,4.69565,7,31,144
185,1,4.7027,7,32,145
186,1,4.70968,7,33,146
187,1,4.71658,7,34,147
188,1,4.7234,7,35,148
189,1,4.8254,7,39,152
190,1,4.8,7,39,152
191,1,4.80628,7,40,153
192,1,4.78125,6,0,153
193,1,4.78756,6,1,154
194,1,4.79381,6,2,155
195,1,4.8,6,3,156
196,1,4.77551,6,3,156
197,1,4.81218,6,5,158
198,1,4.78788,6,5,158
199,1,4.76382,6,5,158
200,1,4.77,6,6,159
201,1,4.74627,6,6,159
202,1,4.75248,6,7,160
203,1,4.75862,6,8,161
204,1,4.76471,6,9,162
205,1,4.74146,6,9,162
206,1,4.71845,5,0,162
207,1,4.69565,5,0,162
208,1,4.67308,5,0,162
209,1,4.65072,5,0,162
210,1,4.65714,5,1,163
211,1,4.69194,5,3,165
212,1,4.72642,5,5,167
213,1,4.76056,5,7,169
214,1,4.73832,5,7,169
215,1,4.74419,5,8,170
216,1,4.75,5,9,171
217,1,4.75576,5,10,172
218,1,4.76147,5,11,173
219,1,4.73973,5,11,173
220,1,4.74545,5,12,174
221,1,4.80543,5,15,177
222,1,4.83784,5,17,179
223,1,4.81614,5,17,179
224,1,4.84821,5,19,181
225,1,4.85333,5,20,182
226,1,4.83186,5,20,182
227,1,4.96916,5,26,188
228,1,5,5,28,190
229,2,5.00437,5,29,191
230,2,5.03478,5,31,193
231,2,5.01299,5,31,193
232,2,5.0431,5,33,195
233,2,5.04721,5,34,196
234,2,5.02564,5,34,196
235,2,5.00426,5,34,196
236,2,4.98305,5,34,196
237,2,4.98734,5,35,197
238,2,4.96639,5,35,197
239,2,4.94561,5,35,197
240,2,4.925,5,35,197
241,2,4.90456,5,35,197
242,2,4.90909,5,36,198
243,2,4.88889,5,36,198
244,2,4.89344,5,37,199
245,2,4.87347,5,37,199
246,2,4.87805,5,38,200
247,2,4.8583,5,38,200
248,2,4.8629,5,39,201
249,2,4.89157,5,41,203
250,2,4.896,5,42,204
251,2,4.9004,5,43,205
252,2,4.90476,5,44,206
253,2,4.88538,5,44,206
254,2,4.86614,5,44,206
255,2,4.84706,5,44,206
256,2,4.82812,5,44,206
257,2,4.80934,4,0,206
258,2,4.7907,4,0,206
259,2,4.7722,4,0,206
260,2,4.77692,3,0,207
261,2,4.75862,3,0,207
262,2,4.74046,3,0,207
263,2,4.72243,3,0,207
264,2,4.70455,2,0,207
265,2,4.70943,2,1,208
266,2,4.71429,2,2,209
267,2,4.69663,2,2,209
268,2,4.76866,2,6,213
269,2,4.75093,2,6,213
270,2,4.73333,2,6,213
271,2,4.73801,2,7,214
272,2,4.76471,2,9,216
273,2,4.79121,2,11,218
274,2,4.77372,2,11,218
275,2,4.75636,2,11,218
276,2,4.76087,2,12,219
277,2,4.74368,2,12,219
278,2,4.81295,2,16,223
279,2,4.7957,1,0,223
280,2,4.77857,1,0,223
281,2,4.76157,1,0,223
282,2,4.76596,1,1,224
283,2,4.74912,1,1,224
284,2,4.73239,0,0,224