1,5,30,10,5,5
2,5,15,10,5,5
3,5,14,10,7,7
4,5,10.5,10,7,7
5,5,9.6,10,8,8
6,5,12,10,12,12
7,5,10.2857,10,12,12
8,5,9.75,10,13,13
9,5,8.66667,10,13,13
10,5,9,10,15,15
11,5,8.18182,10,15,15
12,5,9.5,10,19,19
13,5,8.76923,10,19,19
14,5,8.14286,10,19,19
15,5,7.6,10,19,19
16,5,7.125,10,19,19
17,5,8.11765,10,23,23
18,5,7.66667,9,0,23
19,5,7.89474,9,2,25
20,5,7.5,9,2,25
21,5,7.14286,9,2,25
22,5,6.81818,9,2,25
23,5,6.52174,9,2,25
24,5,6.5,9,3,26
25,5,6.24,9,3,26
26,5,6,9,3,26
27,5,6,9,4,27
28,5,5.78571,9,4,27
29,5,5.7931,9,5,28
30,5,5.6,9,5,28
31,5,6.19355,9,9,32
32,5,6,9,9,32
33,5,5.81818,9,9,32
34,5,5.64706,9,9,32
35,5,5.48571,9,9,32
36,5,5.33333,9,9,32
37,5,5.35135,9,10,33
38,5,5.21053,9,10,33
39,5,5.07692,9,10,33
40,5,5.1,9,11,34
41,5,5.12195,9,12,35
42,5,5,9,12,35
43,5,5.44186,9,16,39
44,5,5.86364,9,20,43
45,5,6.26667,9,24,47
46,5,6.26087,9,25,48
47,5,6.6383,9,29,52
48,5,6.625,9,30,53
49,5,6.4898,9,30,53
50,5,6.84,9,34,57
51,5,6.94118,9,36,59
52,5,6.92308,9,37,60
53,5,6.90566,9,38,61
54,5,6.88889,9,39,62
55,5,6.76364,9,39,62
56,5,6.64286,9,39,62
57,5,6.52632,9,39,62
58,5,6.41379,9,39,62
59,5,6.40678,9,40,63
60,5,6.5,9,42,65
61,5,6.39344,9,42,65
62,5,6.29032,9,42,65
63,5,6.19048,9,42,65
64,5,6.1875,9,43,66
65,5,6.27692,9,45,68
66,5,6.27273,9,46,69
67,5,6.35821,9,48,71
68,5,6.35294,9,49,72
69,5,6.34783,9,50,73
70,5,6.34286,9,51,74
71,5,6.25352,9,51,74
72,5,6.16667,9,51,74
73,5,6.08219,9,51,74
74,5,6.32432,9,55,78
75,5,6.32,9,56,79
76,5,6.31579,9,57,80
77,5,6.23377,9,57,80
78,5,6.15385,9,57,80
79,5,6.22785,9,59,82
80,5,6.225,9,60,83
81,5,6.14815,9,60,83
82,5,6.36585,9,64,87
83,5,6.36145,9,65,88
84,5,6.35714,9,66,89
85,5,6.28235,9,66,89
86,5,6.2093,9,66,89
87,5,6.2069,9,67,90
88,5,6.54545,9,73,96
89,5,6.60674,9,75,98
90,5,6.6,9,76,99
91,5,6.59341,9,77,100
92,5,6.52174,9,77,100
93,5,6.45161,9,77,100
94,5,6.38298,9,77,100
95,5,6.37895,9,78,101
96,5,6.3125,9,78,101
97,5,6.24742,9,78,101
98,5,6.18367,9,78,101
99,10,6.42424,9,83,106
100,10,6.42,9,84,107
101,10,6.41584,9,85,108
102,10,6.35294,9,85,108
103,10,6.29126,9,85,108
104,10,6.28846,9,86,109
105,10,6.34286,9,88,111
106,10,6.28302,9,88,111
107,10,6.28037,9,89,112
108,10,6.22222,9,89,112
109,10,6.16514,9,89,112
110,10,6.16364,9,90,113
111,10,6.10811,9,90,113
112,10,6.10714,9,91,114
113,10,6.0531,9,91,114
114,10,6.10526,9,93,116
115,10,6.05217,9,93,116
116,10,6,9,93,116
117,11,6,9,94,117
118,11,5.94915,9,94,117
119,11,5.94958,9,95,118
120,11,5.95,9,96,119
121,11,5.95041,9,97,120
122,11,6,9,99,122
123,11,6,9,100,123
124,11,6,9,101,124
125,11,6.144,9,105,128
126,11,6.14286,9,106,129
127,11,6.18898,9,108,131
128,11,6.14062,9,108,131
129,11,6.13953,9,109,132
130,11,6.13846,9,110,133
131,11,6.1374,9,111,134
132,11,6.09091,9,111,134
133,11,6.09023,9,112,135
134,11,6.04478,9,112,135
135,11,6.04444,9,113,136
136,11,6,8,0,136
137,11,5.9562,8,0,136
138,11,5.95652,8,1,137
139,11,5.91367,8,1,137
140,11,5.91429,8,2,138
141,11,5.91489,8,3,139
142,11,5.95775,8,5,141
143,11,6.08392,8,9,145
144,11,6.04167,8,9,145
145,11,6.04138,8,10,146
146,11,6,8,10,146
147,11,6,8,11,147
148,11,5.95946,8,11,147
149,11,5.91946,8,11,147
150,11,5.88,8,11,147
151,11,5.88079,8,12,148
152,11,5.88158,8,13,149
153,11,5.92157,8,15,151
154,11,5.88312,8,15,151
155,11,5.88387,8,16,152
156,11,5.88462,8,17,153
157,11,5.88535,8,18,154
158,11,5.8481,8,18,154
159,11,5.88679,8,20,156
160,12,5.8875,8,21,157
161,12,5.8882,8,22,158
162,12,5.85185,7,0,158
163,12,5.81595,7,0,158
164,12,5.78049,6,0,158
165,12,5.74545,6,0,158
166,12,5.71084,6,0,158
167,12,5.67665,6,0,158
168,12,5.64286,6,0,158
169,12,5.60947,6,0,158
170,12,5.57647,6,0,158
171,12,5.57895,6,1,159
172,12,5.5814,6,2,160
173,12,5.58382,6,3,161
174,12,5.58621,6,4,162
175,12,5.58857,6,5,163
176,12,5.625,6,7,165
177,12,5.59322,6,7,165
178,12,5.5618,6,7,165
179,12,5.56425,6,8,166
180,12,5.53333,6,8,166
181,12,5.53591,6,9,167
182,12,5.50549,6,9,167
183,12,5.54098,6,11,169
184,12,5.51087,6,11,169
185,12,5.54595,6,13,171
186,12,5.54839,6,14,172
187,12,5.58289,6,16,174
188,12,5.55319,6,16,174
189,12,5.52381,6,16,174
190,12,5.52632,6,17,175
191,12,5.5288,6,18,176
192,12,5.5,6,18,176
193,12,5.50259,6,19,177
194,12,5.50515,6,20,178
195,12,5.50769,6,21,179
196,12,5.47959,6,21,179
197,12,5.48223,6,22,180
198,12,5.48485,6,23,181
199,12,5.57789,6,27,185
200,12,5.58,6,28,186
201,12,5.58209,6,29,187
202,12,5.55446,6,29,187
203,12,5.55665,6,30,188
204,12,5.52941,6,30,188
205,12,5.56098,6,32,190
206,12,5.56311,6,33,191
207,12,5.56522,6,34,192
208,12,5.56731,6,35,193
209,12,5.56938,6,36,194
210,12,5.54286,6,36,194
211,12,5.51659,6,36,194
212,12,5.49057,6,36,194
213,12,5.46479,6,36,194
214,12,5.5514,6,40,198
215,12,5.55349,6,41,199
216,12,5.52778,6,41,199
217,12,5.52995,6,42,200
218,12,5.50459,6,42,200
219,12,5.53425,6,44,202
220,12,5.53636,6,45,203
221,12,5.53846,6,46,204
222,12,5.54054,6,47,205
223,12,5.5426,6,48,206
224,12,5.54464,6,49,207
225,12,5.54667,6,50,208
226,12,5.57522,6,52,210
227,12,5.65639,6,56,214
228,12,5.63158,6,56,214
229,12,5.65939,6,58,216
230,12,5.66087,6,59,217
231,12,5.74026,6,63,221
232,12,5.74138,6,64,222
233,12,5.74249,6,65,223
234,12,5.71795,6,65,223
235,12,5.69362,6,65,223
236,12,5.66949,6,65,223
237,12,5.67089,6,66,224
238,12,5.64706,6,66,224
239,12,5.62343,6,66,224
240,12,5.6,6,66,224
241,12,5.57676,5,0,224
242,12,5.55372,5,0,224
243,12,5.55556,5,1,225
244,12,5.53279,5,1,225
245,12,5.5102,5,1,225
246,12,5.4878,5,1,225
247,12,5.48988,5,2,226
248,12,5.49194,5,3,227
249,12,5.46988,5,3,227
250,12,5.448,4,0,227
251,12,5.4502,4,1,228
252,12,5.42857,4,1,228
253,12,5.40711,4,1,228
254,12,5.40945,4,2,229
255,12,5.38824,4,2,229
256,12,5.39062,4,3,230
257,12,5.393,4,4,231
258,12,5.37209,4,4,231
259,12,5.37452,4,5,232
260,12,5.4,4,7,234
261,12,5.4023,4,8,235
262,12,5.38168,4,8,235
263,12,5.45247,4,12,239
264,13,5.45455,4,13,240
265,13,5.47925,4,15,242
266,13,5.4812,4,16,243
267,13,5.46067,4,16,243
268,13,5.57463,4,22,249
269,13,5.57621,4,23,250
270,13,5.6,4,25,252
271,13,5.57934,4,25,252
272,13,5.64706,4,29,256
273,13,5.64835,4,30,257
274,13,5.71533,4,34,261
275,13,5.69455,4,34,261
276,13,5.76087,4,38,265
277,13,5.76173,4,39,266
278,13,5.82734,4,43,270
279,14,5.82796,4,44,271
280,14,5.80714,4,44,271
281,14,5.78648,4,44,271
282,14,5.78723,4,45,272
283,14,5.76678,4,45,272
284,15,5.76761,4,46,273
285,16,5.76842,4,47,274
286,16,5.76923,4,48,275
287,16,5.83275,4,52,279
288,16,5.83333,4,53,280
289,16,5.83391,4,54,281
290,16,5.85517,4,56,283
291,16,5.83505,4,56,283
292,16,5.81507,3,0,283
293,16,5.83618,3,2,285
294,16,5.81633,3,2,285
295,16,5.81695,3,3,286
296,16,5.81757,3,4,287
297,16,5.81818,3,5,288
298,16,5.81879,3,6,289
299,16,5.8796,3,10,293
300,16,5.88,3,11,294
301,16,5.86047,2,0,294
302,16,5.92053,2,4,298
303,16,5.92079,2,5,299
304,16,5.90132,2,5,299