1,0,0,10,0,0
2,0,0,10,0,0
3,0,0,10,0,0
4,0,0,10,0,0
5,0,0,10,0,0
6,0,0,10,0,0
7,0,0,10,0,0
8,0,0,10,0,0
9,0,0,10,0,0
10,0,0,10,0,0
11,0,0,10,0,0
12,0,0,10,0,0
13,0,0,10,0,0
14,0,1.71429,10,4,4
15,0,1.6,10,4,4
16,0,1.5,10,4,4
17,0,1.76471,10,5,5
18,0,1.66667,10,5,5
19,0,1.57895,10,5,5
20,0,1.5,10,5,5
21,0,1.42857,10,5,5
22,0,1.36364,10,5,5
23,0,1.82609,10,7,7
24,0,2.25,10,9,9
25,0,3.12,10,13,13
26,0,3.92308,10,17,17
27,0,3.77778,10,17,17
28,0,3.64286,10,17,17
29,0,3.51724,10,17,17
30,0,3.6,10,18,18
31,0,3.48387,10,18,18
32,0,3.75,10,20,20
33,0,3.63636,10,20,20
34,0,3.52941,10,20,20
35,0,3.6,10,21,21
36,0,3.5,10,21,21
37,0,3.40541,10,21,21
38,0,3.47368,10,22,22
39,0,3.53846,10,23,23
40,0,3.6,10,24,24
41,0,3.5122,10,24,24
42,0,3.71429,10,26,26
43,0,3.76744,10,27,27
44,1,3.81818,10,28,28
45,1,4.26667,10,32,32
46,1,4.43478,10,34,34
47,1,4.34043,10,34,34
48,1,4.25,10,34,34
49,1,4.16327,10,34,34
50,1,4.56,10,38,38
51,1,4.47059,10,38,38
52,1,4.84615,10,42,42
53,1,4.75472,10,42,42
54,1,4.77778,10,43,43
55,2,4.8,10,44,44
56,2,4.82143,10,45,45
57,2,4.84211,10,46,46
58,2,4.86207,10,47,47
59,2,4.77966,10,47,47
60,2,4.7,10,47,47
61,2,4.62295,10,47,47
62,2,4.74194,10,49,49
63,2,4.7619,10,50,50
64,2,4.78125,10,51,51
65,2,4.8,10,52,52
66,2,4.72727,10,52,52
67,2,4.74627,10,53,53
68,2,4.67647,10,53,53
69,2,4.6087,10,53,53
70,2,4.54286,10,53,53
71,3,4.56338,10,54,54
72,3,4.58333,10,55,55
73,3,4.52055,10,55,55
74,3,4.54054,10,56,56
75,5,4.64,10,58,58
76,5,4.73684,10,60,60
77,5,4.67532,10,60,60
78,5,4.69231,10,61,61
79,5,4.63291,10,61,61
80,6,4.65,10,62,62
81,6,4.59259,10,62,62
82,6,4.53659,10,62,62
83,6,4.55422,10,63,63
84,6,4.5,10,63,63
85,6,4.44706,10,63,63
86,6,4.67442,10,67,67
87,6,4.62069,10,67,67
88,6,4.56818,10,67,67
89,6,4.78652,10,71,71
90,6,4.73333,10,71,71
91,6,4.74725,10,72,72
92,6,4.69565,10,72,72
93,6,4.70968,10,73,73
94,6,4.65957,10,73,73
95,6,4.67368,10,74,74
96,6,4.75,10,76,76
97,6,4.70103,10,76,76
98,8,4.77551,10,78,78
99,8,4.78788,10,79,79
100,8,4.74,10,79,79
101,8,4.75248,10,80,80
102,8,4.76471,10,81,81
103,8,4.7767,10,82,82
104,8,4.78846,10,83,83
105,8,4.8,10,84,84
106,8,4.81132,10,85,85
107,8,4.82243,10,86,86
108,8,4.83333,10,87,87
109,9,4.84404,10,88,88
110,10,4.85455,10,89,89
111,10,4.86486,10,90,90
112,10,4.875,10,91,91
113,10,4.83186,10,91,91
114,10,4.84211,10,92,92
115,10,4.85217,10,93,93
116,10,4.81034,10,93,93
117,10,4.76923,10,93,93
118,10,4.77966,10,94,94
119,10,4.7395,10,94,94
120,10,4.8,10,96,96
121,10,4.76033,10,96,96
122,10,4.72131,10,96,96
123,10,4.73171,10,97,97
124,10,4.74194,10,98,98
125,10,4.704,9,0,98
126,10,4.66667,9,0,98
127,10,4.67717,9,1,99
128,10,4.64062,9,1,99
129,10,4.60465,9,1,99
130,10,4.56923,9,1,99
131,10,4.53435,9,1,99
132,10,4.5,9,1,99
133,10,4.51128,9,2,100
134,10,4.52239,9,3,101
135,10,4.66667,9,7,105
136,10,4.63235,9,7,105
137,10,4.77372,9,11,109
138,10,4.78261,9,12,110
139,10,4.79137,9,13,111
140,10,4.75714,9,13,111
141,10,4.7234,9,13,111
142,10,4.77465,9,15,113
143,10,4.74126,9,15,113
144,10,4.75,9,16,114
145,10,4.71724,9,16,114
146,10,4.72603,9,17,115
147,10,4.73469,9,18,116
148,10,4.7027,8,0,116
149,10,4.67114,8,0,116
150,10,4.64,8,0,116
151,10,4.68874,8,2,118
152,10,4.65789,8,2,118
153,10,4.66667,8,3,119
154,10,4.67532,8,4,120
155,10,4.68387,8,5,121
156,10,4.65385,8,5,121
157,10,4.6242,8,5,121
158,10,4.63291,8,6,122
159,10,4.60377,8,6,122
160,10,4.575,8,6,122
161,10,4.54658,8,6,122
162,10,4.55556,8,7,123
163,10,4.52761,8,7,123
164,10,4.53659,8,8,124
165,10,4.54545,8,9,125
166,10,4.55422,8,10,126
167,10,4.56287,8,11,127
168,10,4.57143,8,12,128
169,10,4.54438,8,12,128
170,10,4.65882,8,16,132
171,10,4.63158,8,16,132
172,10,4.60465,8,16,132
173,10,4.6474,8,18,134
174,10,4.62069,8,18,134
175,11,4.62857,8,19,135
176,11,4.60227,8,19,135
177,11,4.57627,8,19,135
178,11,4.58427,8,20,136
179,11,4.59218,8,21,137
180,11,4.6,8,22,138
181,11,4.60773,8,23,139
182,11,4.64835,8,25,141
183,11,4.62295,8,25,141
184,11,4.63043,8,26,142
185,11,4.60541,8,26,142
186,11,4.58065,8,26,142
187,11,4.55615,8,26,142
188,11,4.53191,8,26,142
189,11,4.50794,8,26,142
190,11,4.54737,8,28,144
191,11,4.52356,8,28,144
192,11,4.5,8,28,144
193,11,4.47668,8,28,144
194,11,4.48454,8,29,145
195,11,4.46154,8,29,145
196,11,4.56122,8,33,149
197,11,4.53807,8,33,149
198,11,4.57576,8,35,151
199,11,4.55276,8,35,151
200,11,4.53,8,35,151
201,11,4.56716,8,37,153
202,11,4.54455,8,37,153
203,11,4.52217,8,37,153
204,11,4.52941,8,38,154
205,11,4.56585,8,40,156
206,11,4.57282,8,41,157
207,11,4.57971,8,42,158
208,11,4.58654,8,43,159
209,11,4.56459,8,43,159
210,11,4.57143,8,44,160
211,11,4.5782,8,45,161
212,11,4.5566,8,45,161
213,11,4.56338,8,46,162
214,11,4.59813,8,48,164
215,11,4.68837,8,52,168
216,11,4.69444,8,53,169
217,11,4.70046,8,54,170
218,11,4.70642,8,55,171
219,11,4.71233,8,56,172
220,11,4.69091,8,56,172
221,11,4.69683,8,57,173
222,11,4.67568,8,57,173
223,11,4.65471,8,57,173
224,11,4.66071,8,58,174
225,11,4.69333,8,60,176
226,11,4.69912,8,61,177
227,11,4.67841,8,61,177
228,11,4.68421,8,62,178
229,12,4.68996,8,63,179
230,12,4.69565,8,64,180
231,12,4.67532,8,64,180
232,12,4.65517,8,64,180
233,12,4.66094,8,65,181
234,12,4.66667,8,66,182
235,12,4.74894,8,70,186
236,12,4.72881,7,0,186
237,12,4.75949,7,2,188
238,12,4.7395,7,2,188
239,12,4.74477,7,3,189
240,12,4.75,7,4,190
241,12,4.75519,7,5,191
242,12,4.76033,7,6,192
243,12,4.83951,7,10,196
244,12,4.81967,7,10,196
245,12,4.82449,7,11,197
246,12,4.80488,7,11,197
247,12,4.80972,7,12,198
248,13,4.81452,7,13,199
249,13,4.81928,7,14,200
250,13,4.8,7,14,200
251,13,4.87649,7,18,204
252,13,4.90476,7,20,206
253,13,4.98024,7,24,210
254,13,5.00787,7,26,212
255,13,5.01176,7,27,213