1,0,0,10,0,0
2,0,0,10,0,0
3,0,2,10,1,1
4,0,1.5,10,1,1
5,0,1.2,10,1,1
6,0,5,10,5,5
7,0,4.28571,10,5,5
8,0,5.25,10,7,7
9,0,5.33333,10,8,8
10,0,4.8,10,8,8
11,0,4.36364,10,8,8
12,0,4.5,10,9,9
13,0,4.15385,10,9,9
14,0,3.85714,9,0,9
15,0,3.6,9,0,9
16,1,3.75,9,1,10
17,1,4.94118,9,5,14
18,1,5.66667,9,8,17
19,1,5.36842,9,8,17
20,1,5.1,8,0,17
21,1,4.85714,8,0,17
22,1,4.63636,8,0,17
23,1,4.43478,8,0,17
24,1,5.25,8,4,21
25,1,5.04,8,4,21
26,1,5.30769,8,6,23
27,1,5.33333,8,7,24
28,1,5.14286,7,0,24
29,1,4.96552,7,0,24
30,1,5,7,1,25
31,1,4.83871,7,1,25
32,1,4.6875,7,1,25
33,1,4.54545,7,1,25
34,1,4.41176,7,1,25
35,1,4.28571,7,1,25
36,1,4.33333,7,2,26
37,1,4.37838,7,3,27
38,1,4.26316,7,3,27
39,1,4.15385,7,3,27
40,1,4.05,7,3,27
41,2,4.09756,7,4,28
42,2,4.85714,7,10,34
43,2,4.74419,7,10,34
44,2,4.90909,7,12,36
45,2,4.8,7,12,36
46,2,4.69565,7,12,36
47,2,4.59574,7,12,36
48,2,4.625,7,13,37
49,2,4.53061,7,13,37
50,2,4.56,7,14,38
51,2,4.47059,7,14,38
52,2,4.38462,7,14,38
53,2,4.30189,7,14,38
54,2,4.22222,7,14,38
55,2,4.14545,7,14,38
56,2,4.07143,7,14,38
57,2,4.31579,7,17,41
58,2,4.24138,7,17,41
59,2,4.16949,7,17,41
60,2,4.1,7,17,41
61,2,4.03279,7,17,41
62,2,3.96774,7,17,41
63,2,3.90476,7,17,41
64,2,3.9375,7,18,42
65,2,3.87692,7,18,42
66,2,3.81818,7,18,42
67,2,3.76119,7,18,42
68,2,3.70588,7,18,42
69,2,3.65217,7,18,42
70,2,3.6,7,18,42
71,2,3.5493,7,18,42
72,2,3.5,7,18,42
73,2,3.45205,7,18,42
74,2,3.40541,7,18,42
75,2,3.36,7,18,42
76,2,3.31579,7,18,42
77,2,3.58442,7,22,46
78,2,3.53846,7,22,46
79,2,3.49367,7,22,46
80,2,3.75,7,26,50
81,2,3.7037,7,26,50
82,2,3.65854,7,26,50
83,2,3.61446,7,26,50
84,2,3.57143,7,26,50
85,2,3.52941,7,26,50
86,2,3.55814,7,27,51
87,2,3.51724,7,27,51
88,2,3.75,7,31,55
89,2,3.70787,7,31,55
90,2,3.93333,7,35,59
91,3,3.95604,7,36,60
92,3,3.91304,7,36,60
93,3,3.87097,7,36,60
94,3,3.89362,7,37,61
95,3,3.85263,7,37,61
96,3,3.8125,7,37,61
97,3,3.7732,7,37,61
98,3,3.73469,7,37,61
99,3,3.75758,7,38,62
100,3,3.72,7,38,62
101,3,3.68317,7,38,62
102,3,3.70588,7,39,63
103,3,3.72816,7,40,64
104,3,3.69231,7,40,64
105,3,3.65714,7,40,64
106,3,3.67925,7,41,65
107,3,3.81308,7,44,68
108,4,3.83333,7,45,69
109,4,3.79817,7,45,69
110,4,3.81818,7,46,70
111,5,3.83784,7,47,71
112,5,3.85714,7,48,72
113,5,3.82301,7,48,72
114,6,3.84211,7,49,73
115,6,3.8087,7,49,73
116,6,3.82759,7,50,74
117,6,3.79487,7,50,74
118,6,3.81356,7,51,75
119,6,3.78151,7,51,75
120,6,3.75,7,51,75
121,6,3.71901,7,51,75
122,6,3.68852,7,51,75
123,6,3.70732,7,52,76
124,6,3.72581,7,53,77
125,6,3.696,7,53,77
126,6,3.71429,7,54,78
127,6,3.68504,7,54,78
128,6,3.65625,7,54,78
129,6,3.67442,7,55,79
130,6,3.69231,7,56,80
131,6,3.70992,7,57,81
132,6,3.72727,7,58,82
133,6,3.74436,7,59,83
134,6,3.71642,7,59,83
135,6,3.68889,7,59,83
136,6,3.70588,7,60,84
137,6,3.85401,7,64,88
138,6,3.82609,7,64,88
139,6,3.79856,7,64,88
140,6,3.77143,7,64,88
141,6,3.91489,7,68,92
142,6,3.88732,7,68,92
143,6,3.86014,6,0,92
144,7,3.875,6,1,93
145,7,3.84828,6,1,93
146,7,3.82192,6,1,93
147,7,3.83673,6,2,94
148,7,3.81081,6,2,94
149,7,3.78523,6,2,94
150,7,3.76,6,2,94
151,7,3.77483,6,3,95
152,7,3.75,6,3,95
153,7,3.72549,6,3,95
154,7,3.7013,6,3,95
155,7,3.67742,6,3,95
156,7,3.65385,6,3,95
157,7,3.66879,6,4,96
158,7,3.68354,6,5,97
159,7,3.69811,6,6,98
160,7,3.675,6,6,98
161,7,3.65217,6,6,98
162,7,3.62963,6,6,98
163,7,3.60736,6,6,98
164,7,3.58537,6,6,98
165,7,3.6,6,7,99
166,7,3.57831,6,7,99
167,7,3.59281,6,8,100
168,7,3.60714,6,9,101
169,7,3.6213,6,10,102
170,7,3.63529,6,11,103
171,7,3.64912,6,12,104
172,7,3.62791,6,12,104
173,7,3.64162,6,13,105
174,7,3.62069,6,13,105
175,7,3.6,6,13,105
176,7,3.61364,6,14,106
177,7,3.62712,6,15,107
178,8,3.64045,5,0,108
179,8,3.62011,5,0,108
180,8,3.6,5,0,108
181,8,3.58011,5,0,108
182,8,3.59341,5,1,109
183,8,3.60656,5,2,110
184,8,3.58696,5,2,110
185,8,3.56757,5,2,110
186,8,3.54839,5,2,110
187,8,3.5615,5,3,111
188,8,3.67021,5,7,115
189,8,3.65079,5,7,115
190,9,3.66316,5,8,116
191,9,3.64398,5,8,116
192,9,3.65625,5,9,117
193,9,3.66839,5,10,118
194,9,3.64948,4,0,118
195,10,3.66154,4,1,119
196,10,3.67347,4,2,120
197,10,3.68528,4,3,121
198,10,3.66667,4,3,121
199,10,3.76884,4,7,125
200,10,3.78,4,8,126
201,10,3.79104,4,9,127
202,10,3.80198,4,10,128
203,10,3.78325,4,10,128
204,10,3.79412,4,11,129
205,10,3.77561,4,11,129
206,10,3.78641,4,12,130
207,10,3.76812,4,12,130
208,10,3.75,4,12,130
209,10,3.73206,4,12,130
210,10,3.71429,4,12,130
211,10,3.69668,4,12,130
212,10,3.67925,4,12,130
213,10,3.66197,4,12,130
214,10,3.6729,4,13,131
215,10,3.65581,4,13,131
216,10,3.66667,4,14,132
217,10,3.64977,4,14,132
218,10,3.63303,4,14,132
219,10,3.64384,4,15,133
220,10,3.62727,4,15,133
221,10,3.63801,4,16,134
222,10,3.62162,4,16,134
223,10,3.63229,4,17,135
224,10,3.64286,4,18,136
225,10,3.62667,4,18,136
226,10,3.61062,4,18,136
227,10,3.62115,4,19,137
228,10,3.60526,4,19,137
229,10,3.69432,4,23,141
230,10,3.67826,4,23,141
231,10,3.66234,4,23,141
232,10,3.64655,3,0,141
233,10,3.65665,3,1,142
234,10,3.66667,3,2,143
235,10,3.6766,3,3,144
236,10,3.66102,3,3,144
237,10,3.64557,3,3,144
238,10,3.68067,3,5,146
239,10,3.66527,3,5,146
240,10,3.65,3,5,146
241,11,3.65975,3,6,147
242,11,3.64463,3,6,147
243,11,3.65432,3,7,148
244,11,3.66393,3,8,149
245,11,3.64898,3,8,149
246,11,3.63415,3,8,149
247,11,3.61943,3,8,149
248,11,3.62903,3,9,150
249,11,3.63855,3,10,151
250,11,3.648,3,11,152
251,11,3.63347,3,11,152
252,11,3.71429,3,15,156
253,11,3.72332,3,16,157
254,11,3.70866,3,16,157
255,11,3.74118,3,18,159
256,11,3.75,3,19,160
257,11,3.73541,3,19,160
258,11,3.74419,3,20,161
259,11,3.72973,3,20,161
260,11,3.73846,3,21,162
261,11,3.74713,3,22,163
262,11,3.73282,3,22,163
263,11,3.74144,3,23,164
264,11,3.72727,3,23,164
265,11,3.71321,3,23,164
266,11,3.74436,3,25,166
267,11,3.75281,3,26,167
268,11,3.76119,3,27,168
269,11,3.74721,3,27,168
270,11,3.82222,3,31,172
271,11,3.80812,2,0,172
272,11,3.90441,2,5,177
273,11,3.89011,2,5,177
274,11,3.89781,2,6,178
275,11,3.88364,2,6,178
276,11,3.8913,2,7,179
277,11,3.89892,1,0,180
278,11,3.90647,1,1,181
279,11,3.89247,1,1,181
280,11,3.87857,1,1,181
281,11,3.86477,1,1,181
282,11,3.85106,1,1,181
283,11,3.92226,1,5,185
284,11,3.99296,1,9,189
285,11,3.97895,1,9,189
286,11,3.98601,1,10,190
287,11,3.99303,1,11,191
288,11,3.97917,1,11,191
289,11,4.00692,1,13,193
290,11,3.9931,1,13,193
291,11,4,1,14,194
292,11,3.9863,1,14,194
293,11,3.9727,1,14,194
294,13,4,1,16,196
295,13,3.98644,1,16,196
296,13,4.05405,1,20,200
297,13,4.0404,1,20,200
298,13,4.04698,1,21,201
299,13,4.05351,1,22,202
300,13,4.06,1,23,203
301,13,4.04651,1,23,203
302,13,4.03311,1,23,203
303,13,4.0198,1,23,203
304,13,4.125,1,29,209
305,13,4.13115,1,30,210
306,13,4.13725,1,31,211
307,13,4.16287,1,33,213
308,13,4.26623,1,39,219
309,14,4.29126,1,41,221
310,15,4.31613,1,43,223
311,16,4.32154,1,44,224