1,0,0,10,0,0
2,0,0,10,0,0
3,0,2,10,1,1
4,0,1.5,10,1,1
5,0,1.2,10,1,1
6,0,1,10,1,1
7,1,1.71429,10,2,2
8,1,1.5,10,2,2
9,1,1.33333,10,2,2
10,1,1.2,10,2,2
11,1,1.09091,10,2,2
12,1,3,10,6,6
13,1,2.76923,10,6,6
14,1,2.57143,10,6,6
15,1,2.4,10,6,6
16,1,2.25,10,6,6
17,1,2.11765,10,6,6
18,2,2.33333,10,7,7
19,2,2.21053,10,7,7
20,2,2.1,10,7,7
21,2,2,10,7,7
22,2,1.90909,10,7,7
23,2,1.82609,10,7,7
24,3,2,10,8,8
25,3,1.92,10,8,8
26,4,2.07692,10,9,9
27,4,2,10,9,9
28,4,1.92857,10,9,9
29,4,1.86207,10,9,9
30,4,2,10,10,10
31,4,2.12903,10,11,11
32,4,2.0625,10,11,11
33,4,2,10,11,11
34,4,2.29412,10,13,13
35,4,2.4,10,14,14
36,4,2.33333,10,14,14
37,4,2.43243,10,15,15
38,5,2.52632,10,16,16
39,5,2.61538,10,17,17
40,5,2.55,10,17,17
41,5,2.4878,10,17,17
42,5,2.42857,10,17,17
43,5,2.37209,10,17,17
44,5,2.31818,10,17,17
45,5,2.4,10,18,18
46,5,2.34783,10,18,18
47,5,2.29787,10,18,18
48,5,2.375,10,19,19
49,5,2.32653,10,19,19
50,5,2.28,10,19,19
51,5,2.23529,10,19,19
52,5,2.30769,10,20,20
53,5,2.37736,10,21,21
54,5,2.33333,10,21,21
55,5,2.4,10,22,22
56,5,2.35714,10,22,22
57,5,2.31579,10,22,22
58,5,2.27586,10,22,22
59,5,2.33898,10,23,23
60,5,2.4,10,24,24
61,5,2.36066,10,24,24
62,5,2.41935,10,25,25
63,5,2.38095,10,25,25
64,5,2.34375,10,25,25
65,5,2.4,10,26,26
66,5,2.45455,10,27,27
67,5,2.41791,10,27,27
68,5,2.38235,10,27,27
69,5,2.43478,10,28,28
70,5,2.4,10,28,28
71,5,2.4507,10,29,29
72,5,2.5,10,30,30
73,5,2.46575,10,30,30
74,5,2.75676,10,34,34
75,5,2.72,10,34,34
76,5,3,10,38,38
77,5,2.96104,10,38,38
78,5,3,10,39,39
79,5,2.96203,10,39,39
80,6,3,10,40,40
81,6,3.03704,10,41,41
82,6,3,10,41,41
83,6,2.96386,10,41,41
84,6,3,10,42,42
85,6,2.96471,10,42,42
86,6,2.93023,10,42,42
87,6,2.96552,10,43,43
88,6,3,10,44,44
89,6,3.03371,10,45,45
90,6,3.06667,10,46,46
91,6,3.2967,10,50,50
92,6,3.32609,10,51,51
93,6,3.29032,10,51,51
94,6,3.31915,10,52,52
95,6,3.28421,10,52,52
96,6,3.3125,10,53,53
97,6,3.34021,10,54,54
98,6,3.36735,10,55,55
99,6,3.39394,10,56,56
100,6,3.48,10,58,58
101,6,3.44554,10,58,58
102,6,3.41176,10,58,58
103,6,3.37864,9,0,58
104,6,3.34615,9,0,58
105,6,3.31429,9,0,58
106,6,3.33962,9,1,59
107,6,3.30841,9,1,59
108,6,3.27778,9,1,59
109,6,3.24771,9,1,59
110,6,3.21818,9,1,59
111,6,3.18919,9,1,59
112,6,3.21429,9,2,60
113,6,3.18584,9,2,60
114,6,3.21053,9,3,61
115,6,3.23478,9,4,62
116,6,3.2069,9,4,62
117,6,3.23077,9,5,63
118,6,3.20339,8,0,63
119,6,3.17647,8,0,63
120,6,3.15,8,0,63
121,6,3.17355,8,1,64
122,6,3.14754,8,1,64
123,6,3.12195,8,1,64
124,6,3.09677,8,1,64
125,6,3.12,8,2,65
126,6,3.09524,8,2,65
127,6,3.16535,8,4,67
128,6,3.14062,8,4,67
129,6,3.16279,8,5,68
130,6,3.32308,8,9,72
131,6,3.29771,8,9,72
132,6,3.31818,8,10,73
133,6,3.29323,8,10,73
134,6,3.26866,8,10,73
135,6,3.24444,8,10,73
136,6,3.22059,8,10,73
137,6,3.24088,8,11,74
138,6,3.21739,8,11,74
139,6,3.23741,8,12,75
140,6,3.21429,8,12,75
141,6,3.23404,8,13,76
142,6,3.21127,8,13,76
143,6,3.23077,8,14,77
144,6,3.20833,8,14,77
145,6,3.18621,8,14,77
146,6,3.24658,8,16,79
147,6,3.22449,8,16,79
148,6,3.24324,8,17,80
149,6,3.22148,8,17,80
150,6,3.24,8,18,81
151,6,3.21854,8,18,81
152,6,3.23684,8,19,82
153,6,3.29412,8,21,84
154,6,3.31169,8,22,85
155,6,3.32903,8,23,86
156,6,3.30769,7,0,86
157,6,3.32484,7,1,87
158,6,3.34177,7,2,88
159,6,3.32075,7,2,88
160,6,3.3375,7,3,89
161,6,3.35404,7,4,90
162,6,3.33333,7,4,90
163,6,3.34969,7,5,91
164,6,3.36585,7,6,92
165,6,3.34545,7,6,92
166,6,3.3253,6,0,92
167,7,3.34132,6,1,93
168,7,3.35714,6,2,94
169,7,3.37278,6,3,95
170,7,3.35294,6,3,95
171,7,3.33333,6,3,95
172,7,3.31395,6,3,95
173,7,3.2948,5,0,95
174,7,3.31034,5,1,96
175,7,3.29143,5,1,96
176,7,3.27273,5,1,96
177,7,3.25424,5,1,96
178,7,3.26966,5,2,97
179,7,3.2514,5,2,97
180,7,3.23333,5,2,97
181,7,3.21547,5,2,97
182,7,3.23077,5,3,98
183,7,3.2459,5,4,99
184,7,3.26087,5,5,100
185,7,3.24324,5,5,100
186,7,3.25806,5,6,101
187,7,3.24064,5,6,101
188,7,3.25532,5,7,102
189,7,3.2381,5,7,102
190,7,3.25263,5,8,103
191,7,3.2356,5,8,103
192,7,3.25,5,9,104
193,7,3.26425,5,10,105
194,7,3.24742,5,10,105
195,7,3.23077,5,10,105
196,7,3.21429,5,10,105
197,7,3.25888,5,12,107
198,7,3.36364,5,16,111
199,7,3.34673,5,16,111
200,7,3.33,5,16,111
201,7,3.31343,5,16,111
202,7,3.29703,5,16,111
203,7,3.28079,5,16,111
204,7,3.26471,5,16,111
205,7,3.24878,5,16,111
206,7,3.23301,5,16,111
207,7,3.21739,5,16,111
208,7,3.25962,5,18,113
209,7,3.27273,5,19,114
210,7,3.28571,5,20,115
211,7,3.29858,5,21,116
212,7,3.28302,5,21,116
213,7,3.29577,5,22,117
214,7,3.28037,5,22,117
215,7,3.29302,5,23,118
216,7,3.27778,5,23,118
217,7,3.26267,5,23,118
218,7,3.27523,5,24,119
219,7,3.26027,5,24,119
220,7,3.27273,5,25,120
221,7,3.25792,5,25,120
222,7,3.40541,5,31,126
223,7,3.39013,5,31,126
224,7,3.375,5,31,126
225,7,3.38667,5,32,127
226,7,3.37168,4,0,127
227,7,3.35683,4,0,127
228,7,3.34211,4,0,127
229,7,3.32751,4,0,127
230,7,3.33913,4,1,128
231,7,3.32468,3,0,128
232,7,3.31034,3,0,128
233,7,3.39914,3,4,132
234,7,3.41026,3,5,133
235,7,3.39574,3,5,133
236,7,3.38136,3,5,133
237,7,3.36709,3,5,133
238,7,3.35294,3,5,133
239,7,3.36402,3,6,134
240,7,3.35,3,6,134
241,7,3.3361,3,6,134
242,7,3.47107,3,12,140
243,7,3.45679,3,12,140
244,7,3.44262,3,12,140
245,7,3.42857,3,12,140
246,7,3.43902,3,13,141
247,7,3.4251,3,13,141
248,8,3.43548,3,14,142
249,8,3.42169,3,14,142
250,8,3.432,3,15,143
251,8,3.56175,3,21,149
252,9,3.57143,3,22,150
253,9,3.55731,3,22,150
254,9,3.54331,3,22,150
255,9,3.55294,3,23,151
256,9,3.53906,3,23,151
257,9,3.57198,3,25,153
258,9,3.5814,3,26,154
259,9,3.56757,3,26,154
260,9,3.57692,3,27,155
261,9,3.6092,3,29,157
262,9,3.61832,3,30,158
263,9,3.60456,3,30,158
264,9,3.61364,3,31,159
265,9,3.64528,3,33,161
266,9,3.67669,3,35,163
267,9,3.66292,3,35,163
268,9,3.73881,3,39,167
269,9,3.74721,3,40,168
270,9,3.75556,3,41,169
271,9,3.83026,3,45,173
272,10,3.83824,3,46,174
273,10,3.84615,3,47,175
274,11,3.85401,3,48,176
275,11,3.84,2,0,176
276,11,3.82609,2,0,176
277,11,3.81227,2,0,176
278,12,3.82014,2,1,177
279,12,3.80645,2,1,177
280,12,3.79286,2,1,177
281,12,3.77936,2,1,177
282,12,3.76596,2,1,177
283,12,3.77385,2,2,178
284,12,3.76056,2,2,178
285,12,3.74737,2,2,178
286,12,3.73427,2,2,178
287,12,3.74216,2,3,179
288,12,3.72917,2,3,179
289,12,3.73702,2,4,180
290,12,3.72414,2,4,180
291,12,3.73196,2,5,181
292,12,3.71918,2,5,181
293,12,3.72696,2,6,182
294,12,3.73469,2,7,183
295,12,3.72203,2,7,183
296,12,3.72973,2,8,184
297,12,3.71717,2,8,184
298,12,3.72483,2,9,185
299,14,3.75251,2,11,187
300,14,3.76,2,12,188
301,14,3.76744,2,13,189
302,14,3.77483,2,14,190
303,14,3.76238,1,0,190
304,14,3.76974,1,1,191
305,14,3.75738,1,1,191
306,14,3.78431,1,3,193
307,14,3.79153,1,4,194