1,0,24,10,4,4
2,0,24,10,8,8
3,0,24,10,12,12
4,0,18,10,12,12
5,0,15.6,10,13,13
6,0,14,10,14,14
7,0,12.8571,10,15,15
8,0,12,10,16,16
9,0,10.6667,10,16,16
10,0,10.2,10,17,17
11,0,10.3636,10,19,19
12,0,9.5,10,19,19
13,1,9.23077,10,20,20
14,1,8.57143,10,20,20
15,1,8,10,20,20
16,1,7.5,10,20,20
17,1,7.05882,10,20,20
18,1,6.66667,9,0,20
19,1,6.31579,9,0,20
20,1,6.3,9,1,21
21,1,6.28571,9,2,22
22,1,7.09091,9,6,26
23,1,6.78261,9,6,26
24,1,6.5,9,6,26
25,1,6.48,9,7,27
26,1,6.46154,9,8,28
27,1,7.11111,9,12,32
28,1,6.85714,9,12,32
29,1,7.44828,9,16,36
30,1,7.6,9,18,38
31,1,7.35484,9,18,38
32,1,7.3125,9,19,39
33,1,7.45455,9,21,41
34,1,7.41176,9,22,42
35,1,7.2,9,22,42
36,1,7,9,22,42
37,1,6.81081,9,22,42
38,1,6.63158,9,22,42
39,1,6.46154,9,22,42
40,1,6.3,9,22,42
41,1,6.14634,9,22,42
42,1,6.57143,9,26,46
43,1,6.97674,9,30,50
44,1,6.81818,9,30,50
45,1,6.8,9,31,51
46,1,7.17391,9,35,55
47,1,7.02128,9,35,55
48,1,7.375,9,39,59
49,1,7.22449,9,39,59
50,1,7.08,9,39,59
51,1,6.94118,9,39,59
52,1,6.80769,9,39,59
53,1,6.67925,9,39,59
54,1,6.55556,9,39,59
55,1,6.54545,9,40,60
56,1,6.42857,9,40,60
57,1,6.31579,9,40,60
58,1,6.31034,9,41,61
59,1,6.20339,9,41,61
60,1,6.2,9,42,62
61,1,6.09836,9,42,62
62,1,6,9,42,62
63,1,6,9,43,63
64,1,5.90625,9,43,63
65,1,5.90769,9,44,64
66,1,5.81818,9,44,64
67,1,5.73134,9,44,64
68,1,5.73529,9,45,65
69,1,5.65217,9,45,65
70,1,5.57143,9,45,65
71,1,5.49296,9,45,65
72,1,5.58333,9,47,67
73,1,5.58904,9,48,68
74,1,5.59459,9,49,69
75,1,5.52,9,49,69
76,1,5.60526,9,51,71
77,1,5.61039,9,52,72
78,1,5.69231,9,54,74
79,1,5.62025,9,54,74
80,1,5.55,9,54,74
81,1,5.7037,9,57,77
82,1,5.63415,8,0,77
83,1,5.63855,8,1,78
84,1,5.57143,8,1,78
85,1,5.50588,8,1,78
86,1,5.44186,8,1,78
87,1,5.37931,8,1,78
88,1,5.38636,8,2,79
89,1,5.32584,8,2,79
90,1,5.33333,8,3,80
91,1,5.34066,8,4,81
92,1,5.67391,8,10,87
93,1,5.6129,8,10,87
94,1,5.61702,8,11,88
95,1,5.55789,8,11,88
96,1,5.5625,8,12,89
97,1,5.50515,8,12,89
98,1,5.44898,8,12,89
99,1,5.39394,8,12,89
100,2,5.4,8,13,90
101,6,5.58416,8,17,94
102,6,5.52941,8,17,94
103,6,5.59223,8,19,96
104,6,5.53846,8,19,96
105,6,5.48571,8,19,96
106,6,5.43396,8,19,96
107,6,5.43925,8,20,97
108,6,5.38889,8,20,97
109,6,5.33945,8,20,97
110,6,5.34545,8,21,98
111,6,5.35135,8,22,99
112,6,5.35714,8,23,100
113,6,5.30973,8,23,100
114,6,5.26316,8,23,100
115,6,5.21739,8,23,100
116,6,5.17241,8,23,100
117,6,5.33333,8,27,104
118,6,5.28814,7,0,104
119,6,5.2437,7,0,104
120,6,5.25,7,1,105
121,6,5.20661,7,1,105
122,7,5.21311,7,2,106
123,7,5.17073,7,2,106
124,7,5.12903,7,2,106
125,7,5.136,7,3,107
126,7,5.09524,7,3,107
127,7,5.10236,7,4,108
128,7,5.0625,7,4,108
129,7,5.02326,7,4,108
130,7,4.98462,7,4,108
131,7,5.03817,7,6,110
132,7,5,7,6,110
133,7,4.96241,6,0,110
134,7,4.92537,6,0,110
135,7,4.88889,6,0,110
136,7,4.89706,6,1,111
137,7,4.86131,6,1,111
138,7,4.82609,6,1,111
139,7,4.79137,6,1,111
140,7,4.75714,6,1,111
141,7,4.80851,6,3,113
142,7,4.77465,6,3,113
143,7,4.78322,6,4,114
144,7,4.79167,6,5,115
145,7,4.75862,6,5,115
146,7,4.76712,6,6,116
147,7,4.81633,6,8,118
148,7,4.78378,6,8,118
149,8,4.79195,6,9,119
150,8,4.76,6,9,119
151,9,4.76821,6,10,120
152,9,4.89474,6,14,124
153,9,4.90196,6,15,125
154,9,4.87013,6,15,125
155,9,4.87742,6,16,126
156,9,4.84615,5,0,126
157,9,4.81529,5,0,126
158,10,4.82278,5,1,127
159,10,4.79245,5,1,127
160,10,4.8,5,2,128
161,10,4.88199,5,5,131
162,10,4.85185,5,5,131
163,10,4.82209,5,5,131
164,10,4.82927,5,6,132
165,10,4.8,5,6,132
166,10,4.80723,5,7,133
167,10,4.8503,5,9,135
168,10,4.82143,5,9,135
169,10,4.8284,5,10,136
170,10,4.87059,5,12,138
171,10,4.84211,5,12,138
172,10,4.81395,5,12,138
173,10,4.82081,5,13,139
174,10,4.7931,5,13,139
175,10,4.8,5,14,140
176,10,4.84091,5,16,142
177,10,4.84746,5,17,143
178,10,4.82022,4,0,143
179,10,4.7933,4,0,143
180,10,4.76667,4,0,143
181,10,4.77348,4,1,144
182,10,4.74725,4,1,144
183,10,4.72131,4,1,144
184,10,4.69565,4,1,144
185,10,4.67027,4,1,144
186,11,4.67742,4,2,145
187,11,4.68449,4,3,146
188,11,4.65957,4,3,146
189,11,4.66667,4,4,147
190,11,4.64211,4,4,147
191,11,4.6178,4,4,147
192,12,4.625,4,5,148
193,12,4.60104,4,5,148
194,12,4.57732,4,5,148
195,12,4.58462,4,6,149
196,12,4.59184,4,7,150
197,12,4.56853,4,7,150
198,12,4.54545,4,7,150
199,12,4.52261,4,7,150
200,12,4.53,4,8,151
201,12,4.53731,4,9,152
202,12,4.54455,4,10,153
203,12,4.52217,4,10,153
204,12,4.5,4,10,153
205,12,4.50732,4,11,154
206,12,4.48544,4,11,154
207,12,4.46377,4,11,154
208,12,4.44231,4,11,154
209,12,4.42105,4,11,154
210,12,4.51429,4,15,158
211,12,4.60664,4,19,162
212,12,4.61321,4,20,163
213,12,4.59155,4,20,163
214,12,4.57009,4,20,163
215,13,4.57674,4,21,164
216,15,4.61111,4,23,166
217,15,4.58986,4,23,166
218,15,4.56881,4,23,166
219,15,4.54795,4,23,166
220,16,4.55455,4,24,167
221,16,4.53394,3,0,167
222,16,4.51351,3,0,167
223,16,4.49327,3,0,167
224,16,4.47321,3,0,167
225,16,4.45333,3,0,167
226,16,4.43363,3,0,167
227,16,4.4141,3,0,167
228,16,4.39474,3,0,167
229,16,4.37555,3,0,167
230,17,4.38261,3,1,168
231,17,4.36364,2,0,168
232,17,4.37069,2,1,169
233,17,4.35193,2,1,169
234,17,4.33333,2,1,169
235,17,4.34043,2,2,170
236,17,4.42373,2,6,174
237,17,4.50633,2,10,178
238,17,4.58824,2,14,182
239,17,4.56904,2,14,182
240,18,4.575,2,15,183
241,18,4.55602,2,15,183
242,18,4.58678,2,17,185
243,18,4.5679,2,17,185
244,18,4.57377,2,18,186
245,18,4.5551,2,18,186
246,18,4.53659,1,0,186
247,18,4.51822,1,0,186
248,18,4.5,1,0,186
249,18,4.48193,1,0,186
250,18,4.464,1,0,186
251,18,4.44622,1,0,186
252,18,4.42857,1,0,186
253,18,4.41107,0,0,186
