1,0,0,10,0,0
2,0,0,10,0,0
3,0,0,10,0,0
4,0,0,10,0,0
5,0,0,10,0,0
6,0,0,10,0,0
7,0,0,10,0,0
8,0,0,10,0,0
9,0,0,9,0,0
10,0,1.2,9,2,2
11,0,1.09091,9,2,2
12,0,1,9,2,2
13,0,0.923077,9,2,2
14,0,0.857143,9,2,2
15,0,1.2,9,3,3
16,0,1.125,9,3,3
17,0,1.05882,9,3,3
18,0,1,9,3,3
19,0,1.26316,9,4,4
20,0,1.2,9,4,4
21,0,1.14286,9,4,4
22,0,1.09091,9,4,4
23,1,1.30435,9,5,5
24,1,1.25,9,5,5
25,2,1.44,9,6,6
26,2,1.38462,9,6,6
27,2,1.33333,9,6,6
28,2,1.28571,9,6,6
29,2,1.24138,9,6,6
30,2,1.2,9,6,6
31,2,1.35484,9,7,7
32,2,1.5,9,8,8
33,2,1.45455,9,8,8
34,2,1.41176,9,8,8
35,2,1.37143,9,8,8
36,2,1.33333,9,8,8
37,2,1.2973,9,8,8
38,2,1.26316,9,8,8
39,2,1.23077,9,8,8
40,2,1.2,9,8,8
41,2,1.17073,9,8,8
42,2,1.28571,9,9,9
43,2,1.25581,9,9,9
44,2,1.22727,9,9,9
45,2,1.46667,9,11,11
46,2,1.43478,8,0,11
47,2,1.53191,8,1,12
48,2,1.5,8,1,12
49,2,1.59184,8,2,13
50,3,1.68,8,3,14
51,3,1.64706,8,3,14
52,3,1.61538,8,3,14
53,3,1.58491,8,3,14
54,3,1.88889,8,6,17
55,3,1.85455,8,6,17
56,3,2.03571,8,8,19
57,3,2,8,8,19
58,3,1.96552,8,8,19
59,3,1.9322,8,8,19
60,3,2.3,8,12,23
61,3,2.2623,8,12,23
62,3,2.22581,8,12,23
63,3,2.19048,8,12,23
64,3,2.34375,8,14,25
65,3,2.30769,8,14,25
66,3,2.27273,8,14,25
67,3,2.50746,8,17,28
68,3,2.47059,8,17,28
69,3,2.43478,8,17,28
70,3,2.4,8,17,28
71,3,2.3662,8,17,28
72,3,2.33333,8,17,28
73,3,2.30137,8,17,28
74,3,2.27027,7,0,28
75,3,2.24,7,0,28
76,3,2.28947,7,1,29
77,3,2.25974,7,1,29
78,5,2.38462,7,3,31
79,5,2.35443,7,3,31
80,5,2.325,7,3,31
81,5,2.2963,7,3,31
82,6,2.34146,7,4,32
83,6,2.31325,6,0,32
84,6,2.28571,6,0,32
85,6,2.25882,6,0,32
86,6,2.30233,6,1,33
87,6,2.27586,6,1,33
88,7,2.31818,6,2,34
89,7,2.29213,6,2,34
90,7,2.26667,6,2,34
91,7,2.63736,6,8,40
92,7,3,6,14,46
93,7,3.03226,6,15,47
94,7,3,6,15,47
95,7,3.03158,6,16,48
96,7,3,6,16,48
97,7,3.03093,6,17,49
98,7,3.06122,6,18,50
99,7,3.09091,6,19,51
100,7,3.06,6,19,51
101,7,3.08911,6,20,52
102,7,3.05882,6,20,52
103,7,3.26214,6,24,56
104,7,3.28846,6,25,57
105,7,3.25714,6,25,57
106,7,3.22642,6,25,57
107,7,3.25234,6,26,58
108,7,3.27778,6,27,59
109,7,3.24771,6,27,59
110,7,3.27273,6,28,60
111,7,3.2973,6,29,61
112,7,3.375,6,31,63
113,7,3.45133,6,33,65
114,7,3.52632,6,35,67
115,7,3.49565,6,35,67
116,7,3.51724,6,36,68
117,7,3.48718,6,36,68
118,7,3.45763,6,36,68
119,7,3.42857,6,36,68
120,7,3.4,6,36,68
121,7,3.42149,6,37,69
122,7,3.44262,6,38,70
123,7,3.41463,6,38,70
124,7,3.43548,6,39,71
125,7,3.408,6,39,71
126,7,3.47619,6,41,73
127,7,3.54331,6,43,75
128,7,3.51562,6,43,75
129,7,3.53488,6,44,76
130,7,3.50769,6,44,76
131,7,3.48092,6,44,76
132,7,3.59091,6,47,79
133,7,3.60902,6,48,80
134,7,3.62687,6,49,81
135,7,3.86667,6,55,87
136,7,3.88235,6,56,88
137,7,3.89781,6,57,89
138,7,3.95652,6,59,91
139,7,3.92806,6,59,91
140,7,3.9,6,59,91
141,7,3.95745,6,61,93
142,7,4.01408,6,63,95
143,7,4.23776,6,69,101
144,7,4.20833,6,69,101
145,7,4.22069,6,70,102
146,7,4.19178,6,70,102
147,7,4.2449,6,72,104
148,7,4.25676,6,73,105
149,7,4.22819,5,0,105
150,7,4.2,5,0,105
151,7,4.21192,5,1,106
152,7,4.22368,5,2,107
153,7,4.19608,5,2,107
154,7,4.20779,5,3,108
155,7,4.18065,5,3,108
156,7,4.15385,5,3,108
157,7,4.16561,5,4,109
158,7,4.13924,5,4,109
159,7,4.18868,5,6,111
160,7,4.3875,5,12,117
161,7,4.36025,5,12,117
162,7,4.37037,5,13,118
163,8,4.38037,5,14,119
164,9,4.39024,5,15,120
165,9,4.4,5,16,121
166,9,4.37349,5,16,121
167,9,4.38323,5,17,122
168,9,4.39286,5,18,123
169,9,4.36686,5,18,123
170,9,4.34118,5,18,123
171,9,4.31579,5,18,123
172,9,4.32558,5,19,124
173,9,4.50867,5,25,130
174,9,4.51724,5,26,131
175,9,4.52571,5,27,132
176,9,4.5,5,27,132
177,9,4.47458,5,27,132
178,9,4.44944,5,27,132
179,9,4.4581,5,28,133
180,9,4.43333,5,28,133
181,9,4.40884,5,28,133
182,9,4.38462,5,28,133
183,9,4.39344,5,29,134
184,9,4.5,5,33,138
185,9,4.50811,5,34,139
186,9,4.51613,5,35,140
187,9,4.52406,5,36,141
188,9,4.62766,5,40,145
189,10,4.63492,5,41,146
190,10,4.61053,5,41,146
191,10,4.71204,5,45,150
192,10,4.8125,5,49,154
193,10,4.78756,4,0,154
194,10,4.79381,4,1,155
195,10,4.76923,4,1,155
196,10,4.7449,4,1,155
197,10,4.72081,4,1,155
198,10,4.81818,4,5,159
199,10,4.79397,4,5,159
200,10,4.77,4,5,159
201,10,4.86567,4,9,163
202,10,4.87129,4,10,164
203,10,4.84729,4,10,164
204,10,4.88235,4,12,166
205,10,4.85854,4,12,166
206,10,4.86408,4,13,167
207,10,4.86957,4,14,168
208,10,4.84615,4,14,168
209,10,4.9378,4,18,172
210,10,4.91429,4,18,172
211,10,4.891,4,18,172
212,10,4.92453,4,20,174
213,10,4.90141,4,20,174
214,10,4.8785,4,20,174
215,10,4.88372,4,21,175
216,10,4.88889,4,22,176
217,10,4.89401,4,23,177
218,10,4.87156,4,23,177
219,10,4.84932,4,23,177
220,11,4.85455,4,24,178
221,11,4.83258,4,24,178
222,11,4.83784,4,25,179
223,11,4.81614,4,25,179
224,11,4.79464,4,25,179
225,11,4.77333,4,25,179
226,11,4.77876,4,26,180
227,11,4.75771,4,26,180
228,11,4.76316,4,27,181
229,11,4.74236,4,27,181
230,11,4.72174,4,27,181
231,12,4.72727,4,28,182
232,12,4.7069,4,28,182
233,12,4.71245,4,29,183
234,12,4.69231,4,29,183
235,12,4.67234,4,29,183
236,12,4.67797,4,30,184
237,12,4.65823,4,30,184
238,12,4.66387,4,31,185
239,12,4.66946,4,32,186
240,12,4.65,4,32,186
241,13,4.6556,4,33,187
242,13,4.73554,4,37,191
243,13,4.71605,4,37,191
244,13,4.79508,4,41,195
245,13,4.77551,4,41,195
246,13,4.7561,4,41,195
247,13,4.76113,4,42,196
248,13,4.74194,4,42,196
249,14,4.74699,4,43,197
250,14,4.728,4,43,197
251,14,4.85259,4,49,203
252,14,4.88095,4,51,205
253,14,4.86166,4,51,205
254,14,4.84252,3,0,205
255,14,4.82353,3,0,205
256,14,4.82812,3,1,206
257,14,4.80934,3,1,206
258,14,4.81395,3,2,207
259,14,4.81853,3,3,208
260,14,4.82308,3,4,209
261,14,4.82759,3,5,210
262,14,4.87786,3,8,213
263,14,4.90494,3,10,215
264,14,4.88636,3,10,215
265,14,4.86792,3,10,215
266,14,4.84962,3,10,215
267,14,4.83146,3,10,215
268,14,4.81343,3,10,215
269,14,4.79554,3,10,215
270,14,4.8,3,11,216
271,14,4.78229,3,11,216
272,14,4.76471,3,11,216
273,14,4.76923,3,12,217
274,14,4.75182,3,12,217
275,14,4.73455,2,0,217
276,14,4.73913,2,1,218
277,14,4.74368,2,2,219
278,14,4.72662,1,0,219
279,14,4.70968,1,0,219
280,14,4.69286,1,0,219
281,14,4.67616,1,0,219
282,14,4.65957,1,0,219
283,14,4.72792,1,4,223
284,14,4.71127,1,4,223
285,14,4.71579,1,5,224
286,15,4.72028,1,6,225
287,15,4.70383,1,6,225
288,15,4.6875,1,6,225
289,15,4.67128,1,6,225
290,15,4.65517,1,6,225
291,15,4.65979,1,7,226
292,15,4.64384,0,0,226
