1,0,0,10,0,0
2,0,0,10,0,0
3,0,0,10,0,0
4,1,1.5,10,1,1
5,2,2.4,10,2,2
6,2,3,10,3,3
7,2,2.57143,10,3,3
8,2,4.5,10,6,6
9,2,4,10,6,6
10,2,4.2,10,7,7
11,2,3.81818,10,7,7
12,2,3.5,10,7,7
13,2,3.23077,10,7,7
14,2,4.71429,10,11,11
15,2,4.4,10,11,11
16,2,4.125,10,11,11
17,2,3.88235,10,11,11
18,2,5,10,15,15
19,2,4.73684,10,15,15
20,2,4.5,10,15,15
21,2,4.28571,10,15,15
22,2,4.09091,10,15,15
23,2,3.91304,10,15,15
24,2,3.75,10,15,15
25,6,4.56,10,19,19
26,6,4.61538,10,20,20
27,7,4.66667,10,21,21
28,7,4.5,10,21,21
29,7,4.34483,10,21,21
30,7,4.2,10,21,21
31,7,4.06452,10,21,21
32,7,3.9375,10,21,21
33,7,4.54545,10,25,25
34,7,4.76471,10,27,27
35,7,4.8,10,28,28
36,7,4.66667,10,28,28
37,7,4.54054,10,28,28
38,7,4.42105,10,28,28
39,7,4.30769,10,28,28
40,7,4.35,10,29,29
41,7,4.2439,10,29,29
42,7,4.71429,10,33,33
43,8,4.74419,10,34,34
44,8,5.18182,10,38,38
45,8,5.06667,10,38,38
46,8,5.08696,10,39,39
47,8,5.48936,10,43,43
48,8,5.375,10,43,43
49,8,5.26531,10,43,43
50,8,5.16,10,43,43
51,8,5.05882,10,43,43
52,8,5.07692,10,44,44
53,8,5.32075,10,47,47
54,8,5.22222,10,47,47
55,8,5.12727,10,47,47
56,8,5.46429,10,51,51
57,8,5.47368,10,52,52
58,8,5.37931,10,52,52
59,8,5.28814,10,52,52
60,8,5.2,10,52,52
61,8,5.11475,10,52,52
62,8,5.12903,10,53,53
63,8,5.04762,10,53,53
64,8,5.34375,10,57,57
65,8,5.35385,10,58,58
66,8,5.27273,10,58,58
67,8,5.28358,10,59,59
68,8,5.73529,10,65,65
69,8,6,10,69,69
70,8,6,10,70,70
71,8,5.91549,10,70,70
72,8,6.16667,10,74,74
73,8,6.08219,10,74,74
74,8,6.08108,10,75,75
75,8,6,10,75,75
76,8,6,10,76,76
77,9,6,10,77,77
78,9,6,10,78,78
79,9,6,10,79,79
80,9,5.925,10,79,79
81,10,5.92593,10,80,80
82,10,5.85366,10,80,80
83,10,5.78313,10,80,80
84,10,5.71429,10,80,80
85,10,5.71765,10,81,81
86,10,5.65116,10,81,81
87,10,5.86207,10,85,85
88,10,6.06818,10,89,89
89,10,6,10,89,89
90,10,5.93333,10,89,89
91,10,5.86813,10,89,89
92,14,6.06522,10,93,93
93,14,6.06452,10,94,94
94,14,6.06383,10,95,95
95,14,6.25263,10,99,99
96,14,6.1875,10,99,99
97,14,6.24742,10,101,101
98,14,6.30612,10,103,103
99,14,6.24242,10,103,103
100,14,6.18,10,103,103
101,14,6.11881,10,103,103
102,14,6.17647,10,105,105
103,14,6.17476,10,106,106
104,14,6.17308,10,107,107
105,14,6.17143,10,108,108
106,14,6.16981,10,109,109
107,14,6.16822,10,110,110
108,14,6.11111,10,110,110
109,14,6.11009,10,111,111
110,14,6.10909,10,112,112
111,14,6.05405,10,112,112
112,14,6,10,112,112
113,14,5.9469,10,112,112
114,14,5.89474,10,112,112
115,14,5.89565,10,113,113
116,14,5.89655,10,114,114
117,14,5.89744,10,115,115
118,14,5.84746,10,115,115
119,14,5.79832,10,115,115
120,14,5.95,10,119,119
121,14,5.90083,10,119,119
122,14,5.85246,10,119,119
123,14,5.85366,10,120,120
124,14,5.85484,10,121,121
125,14,5.808,9,0,121
126,14,5.7619,9,0,121
127,15,5.76378,9,1,122
128,15,5.71875,9,1,122
129,15,5.67442,9,1,122
130,15,5.63077,9,1,122
131,15,5.58779,9,1,122
132,15,5.59091,9,2,123
133,15,5.54887,9,2,123
134,15,5.50746,9,2,123
135,15,5.51111,9,3,124
136,15,5.47059,9,3,124
137,15,5.43066,9,3,124
138,15,5.43478,9,4,125
139,15,5.39568,9,4,125
140,15,5.4,9,5,126
141,15,5.40426,9,6,127
142,15,5.3662,9,6,127
143,15,5.37063,9,7,128
144,15,5.33333,9,7,128
145,15,5.46207,9,11,132
146,15,5.42466,8,0,132
147,15,5.42857,8,1,133
148,15,5.39189,8,1,133
149,15,5.39597,8,2,134
150,15,5.52,8,6,138
151,15,5.64238,8,10,142
152,15,5.60526,8,10,142
153,15,5.56863,8,10,142
154,15,5.53247,8,10,142
155,15,5.53548,8,11,143
156,15,5.5,8,11,143
157,15,5.50318,8,12,144
158,15,5.46835,8,12,144
159,15,5.43396,8,12,144
160,15,5.4375,8,13,145
161,15,5.40373,8,13,145
162,15,5.37037,8,13,145
163,15,5.37423,8,14,146
164,15,5.37805,8,15,147
165,15,5.34545,8,15,147
166,15,5.31325,8,15,147
167,15,5.31737,8,16,148
168,15,5.32143,8,17,149
169,15,5.32544,8,18,150
170,15,5.32941,8,19,151
171,15,5.33333,8,20,152
172,15,5.33721,8,21,153
173,15,5.34104,8,22,154
174,15,5.31034,8,22,154
175,15,5.31429,8,23,155
176,15,5.31818,8,24,156
177,15,5.28814,8,24,156
178,15,5.29213,8,25,157
179,15,5.29609,8,26,158
180,15,5.3,8,27,159
181,15,5.33702,8,29,161
182,15,5.37363,8,31,163
183,15,5.34426,8,31,163
184,15,5.31522,8,31,163
185,15,5.31892,8,32,164
186,15,5.32258,8,33,165
187,15,5.3262,8,34,166
188,15,5.29787,8,34,166
189,15,5.26984,8,34,166
190,15,5.24211,8,34,166
191,15,5.24607,8,35,167
192,15,5.25,8,36,168
193,15,5.25389,8,37,169
194,15,5.2268,8,37,169
195,15,5.23077,8,38,170
196,15,5.23469,8,39,171
197,15,5.20812,8,39,171
198,15,5.18182,8,39,171
199,15,5.18593,8,40,172
200,15,5.19,8,41,173
201,15,5.19403,8,42,174
202,15,5.16832,8,42,174
203,16,5.17241,8,43,175
204,16,5.14706,8,43,175
205,16,5.12195,8,43,175
206,16,5.12621,8,44,176
207,16,5.10145,8,44,176
208,16,5.07692,8,44,176
209,16,5.05263,8,44,176
210,16,5.2,8,50,182
211,16,5.20379,8,51,183
212,16,5.17925,8,51,183
213,16,5.1831,8,52,184
214,16,5.18692,8,53,185
215,16,5.16279,8,53,185
216,16,5.25,8,57,189
217,16,5.22581,8,57,189
218,17,5.22936,8,58,190
219,17,5.20548,8,58,190
220,17,5.20909,8,59,191
221,17,5.18552,8,59,191
222,17,5.18919,8,60,192
223,17,5.16592,8,60,192
224,17,5.14286,8,60,192
225,17,5.17333,8,62,194
226,17,5.25664,8,66,198
227,17,5.23348,8,66,198
228,17,5.23684,8,67,199
229,17,5.24017,8,68,200
230,17,5.21739,8,68,200
231,17,5.19481,8,68,200
232,17,5.17241,8,68,200
233,17,5.17597,8,69,201
234,17,5.20513,8,71,203
235,17,5.28511,8,75,207
236,17,5.26271,8,75,207
237,17,5.24051,8,75,207
238,17,5.21849,8,75,207
239,17,5.22176,8,76,208
240,17,5.225,8,77,209
241,17,5.22822,8,78,210
242,17,5.2562,8,80,212
243,17,5.33333,8,84,216
244,17,5.33607,8,85,217
245,17,5.31429,7,0,217
246,18,5.31707,7,1,218
247,18,5.31984,7,2,219
248,19,5.32258,7,3,220
249,19,5.3253,7,4,221
250,19,5.328,7,5,222
251,19,5.30677,7,5,222
252,19,5.28571,7,5,222
253,19,5.28854,7,6,223
254,19,5.29134,7,7,224
255,19,5.36471,7,11,228
256,19,5.36719,7,12,229
257,19,5.43969,7,16,233
258,19,5.44186,7,17,234
259,19,5.49035,7,20,237
260,19,5.56154,7,24,241
261,19,5.56322,7,25,242
262,19,5.54198,7,25,242
263,19,5.52091,6,0,242
264,19,5.52273,6,1,243
265,19,5.50189,6,1,243
266,19,5.50376,6,2,244
267,20,5.50562,6,3,245
268,20,5.57463,6,7,249
269,20,5.64312,6,11,253
270,20,5.71111,6,15,257
271,20,5.71218,6,16,258
272,20,5.69118,5,0,258
273,20,5.67033,5,0,258
274,20,5.67153,5,1,259
275,20,5.67273,5,2,260
276,21,5.67391,5,3,261
277,21,5.65343,4,0,261
278,21,5.63309,4,0,261
279,21,5.6129,4,0,261
280,21,5.61429,4,1,262
281,21,5.59431,4,1,262
282,21,5.6383,4,4,265
283,21,5.63958,4,5,266
284,21,5.64085,4,6,267
285,21,5.64211,4,7,268
286,21,5.64336,4,8,269
287,21,5.6446,4,9,270
288,21,5.625,4,9,270
289,21,5.6263,4,10,271
290,21,5.64828,4,12,273
291,21,5.64948,4,13,274
292,21,5.63014,4,13,274
293,21,5.61092,4,13,274
294,21,5.67347,4,17,278
295,21,5.65424,4,17,278
296,21,5.67568,4,19,280
297,22,5.67677,4,20,281
298,22,5.67785,4,21,282
299,22,5.699,4,23,284
300,23,5.7,4,24,285
301,23,5.701,4,25,286
302,23,5.70199,4,26,287
303,23,5.68317,4,26,287
304,23,5.74342,4,30,291
305,24,5.74426,4,31,292
306,24,5.76471,4,33,294
307,24,5.74593,3,0,294
308,24,5.80519,3,4,298
309,24,5.78641,3,4,298
310,24,5.76774,3,4,298
311,24,5.7492,2,0,298
312,24,5.75,2,1,299