1,0,0,10,0,0
2,0,0,10,0,0
3,0,0,9,0,0
4,0,0,9,0,0
5,0,0,9,0,0
6,0,0,9,0,0
7,0,0,9,0,0
8,0,0,9,0,0
9,0,2,9,3,3
10,0,3,9,5,5
11,0,2.72727,9,5,5
12,0,2.5,9,5,5
13,0,2.30769,9,5,5
14,0,2.14286,9,5,5
15,0,2,9,5,5
16,1,2.25,9,6,6
17,1,2.47059,9,7,7
18,1,2.33333,9,7,7
19,1,2.52632,9,8,8
20,1,2.4,9,8,8
21,1,2.28571,9,8,8
22,1,2.45455,9,9,9
23,1,2.34783,9,9,9
24,1,2.5,9,10,10
25,1,3.36,9,14,14
26,1,3.23077,9,14,14
27,1,3.11111,9,14,14
28,2,3.21429,9,15,15
29,2,3.93103,9,19,19
30,2,4.6,9,23,23
31,2,5.22581,9,27,27
32,2,5.0625,9,27,27
33,2,4.90909,9,27,27
34,2,4.76471,9,27,27
35,2,4.62857,9,27,27
36,2,4.5,8,0,27
37,2,4.37838,8,0,27
38,2,4.26316,8,0,27
39,2,4.15385,8,0,27
40,2,4.05,8,0,27
41,3,4.2439,8,2,29
42,3,4.28571,8,3,30
43,3,4.74419,8,7,34
44,3,5.18182,8,11,38
45,3,5.06667,8,11,38
46,3,4.95652,8,11,38
47,3,4.85106,8,11,38
48,3,4.75,8,11,38
49,3,4.65306,8,11,38
50,3,4.56,8,11,38
51,3,4.47059,8,11,38
52,3,4.38462,8,11,38
53,3,4.75472,8,15,42
54,3,4.66667,8,15,42
55,3,5.01818,8,19,46
56,3,4.92857,8,19,46
57,3,4.94737,8,20,47
58,3,4.96552,8,21,48
59,3,4.88136,8,21,48
60,3,4.8,8,21,48
61,4,4.81967,8,22,49
62,4,4.74194,8,22,49
63,4,4.66667,8,22,49
64,4,4.96875,8,26,53
65,4,4.98462,8,27,54
66,4,4.90909,8,27,54
67,4,4.92537,8,28,55
68,4,5.20588,8,32,59
69,4,5.21739,8,33,60
70,4,5.14286,8,33,60
71,4,5.15493,8,34,61
72,4,5.08333,8,34,61
73,4,5.0137,7,0,61
74,4,4.94595,7,0,61
75,4,4.88,7,0,61
76,5,4.89474,7,1,62
77,5,4.90909,7,2,63
78,5,4.84615,7,2,63
79,5,4.86076,7,3,64
80,5,4.8,7,3,64
81,5,4.81481,7,4,65
82,5,4.82927,7,5,66
83,5,4.77108,6,0,66
84,5,4.78571,6,1,67
85,5,4.72941,6,1,67
86,5,4.67442,6,1,67
87,5,4.62069,6,1,67
88,5,4.56818,6,1,67
89,5,4.51685,6,1,67
90,5,4.73333,6,5,71
91,6,4.74725,6,6,72
92,6,4.76087,6,7,73
93,6,4.70968,6,7,73
94,6,4.91489,6,11,77
95,6,5.11579,6,15,81
96,6,5.0625,6,15,81
97,6,5.07216,6,16,82
98,6,5.02041,6,16,82
99,6,5.0303,6,17,83
100,6,4.98,6,17,83
101,6,5.16832,6,21,87
102,6,5.17647,6,22,88
103,6,5.12621,6,22,88
104,6,5.13462,6,23,89
105,6,5.08571,6,23,89
106,6,5.09434,6,24,90
107,6,5.1028,6,25,91
108,6,5.05556,6,25,91
109,6,5.00917,6,25,91
110,6,5.01818,6,26,92
111,6,4.97297,6,26,92
112,6,4.92857,6,26,92
113,6,4.88496,6,26,92
114,6,4.84211,6,26,92
115,6,4.8,6,26,92
116,6,4.81034,6,27,93
117,6,4.76923,6,27,93
118,6,4.72881,6,27,93
119,6,4.7395,6,28,94
120,6,4.75,6,29,95
121,6,4.76033,6,30,96
122,6,4.77049,6,31,97
123,6,4.73171,6,31,97
124,6,4.74194,6,32,98
125,7,4.752,6,33,99
126,7,4.7619,6,34,100
127,7,4.77165,6,35,101
128,8,4.78125,6,36,102
129,8,4.7907,6,37,103
130,8,4.75385,6,37,103
131,8,4.76336,6,38,104
132,8,4.72727,6,38,104
133,8,4.73684,6,39,105
134,8,4.74627,6,40,106
135,8,4.8,6,42,108
136,8,4.80882,6,43,109
137,8,4.86131,6,45,111
138,8,4.82609,6,45,111
139,8,4.79137,6,45,111
140,8,4.75714,6,45,111
141,8,4.76596,6,46,112
142,8,4.73239,6,46,112
143,12,4.86713,6,50,116
144,12,5,6,54,120
145,12,5.0069,6,55,121
146,12,4.9726,6,55,121
147,12,4.93878,6,55,121
148,12,4.90541,6,55,121
149,12,4.87248,6,55,121
150,12,4.88,6,56,122
151,12,4.88742,6,57,123
152,12,4.85526,6,57,123
153,12,4.82353,6,57,123
154,12,4.79221,6,57,123
155,12,4.8,6,58,124
156,13,4.80769,6,59,125
157,13,4.77707,6,59,125
158,13,4.78481,6,60,126
159,13,4.75472,6,60,126
160,13,4.95,6,66,132
161,13,5.06832,6,70,136
162,13,5.03704,6,70,136
163,13,5.04294,6,71,137
164,14,5.04878,6,72,138
165,14,5.01818,6,72,138
166,15,5.0241,6,73,139
167,15,4.99401,6,73,139
168,15,4.96429,6,73,139
169,15,4.93491,6,73,139
170,15,5.04706,6,77,143
171,15,5.01754,6,77,143
172,15,4.98837,6,77,143
173,15,4.99422,6,78,144
174,15,4.96552,6,78,144
175,15,4.93714,6,78,144
176,15,4.90909,6,78,144
177,15,4.88136,6,78,144
178,15,4.85393,6,78,144
179,15,4.86034,6,79,145
180,16,4.86667,6,80,146
181,16,4.87293,6,81,147
182,16,4.97802,6,85,151
183,16,4.98361,6,86,152
184,16,4.95652,6,86,152
185,16,4.96216,6,87,153
186,16,4.93548,6,87,153
187,16,4.97326,6,89,155
188,16,4.94681,6,89,155
189,16,4.92063,6,89,155
190,16,4.89474,6,89,155
191,16,4.90052,6,90,156
192,16,4.875,6,90,156
193,16,4.84974,6,90,156
194,16,4.85567,6,91,157
195,16,4.95385,6,95,161
196,16,4.95918,6,96,162
197,16,4.93401,6,96,162
198,16,5.0303,6,100,166
199,16,5.12563,6,104,170
200,16,5.1,6,104,170
201,17,5.10448,6,105,171
202,17,5.07921,6,105,171
203,17,5.05419,6,105,171
204,17,5.08824,6,107,173
205,17,5.06341,5,0,173
206,17,5.03883,5,0,173
207,17,5.01449,5,0,173
208,17,4.99038,5,0,173
209,17,4.99522,5,1,174
210,17,4.97143,5,1,174
211,17,4.9763,5,2,175
212,17,4.95283,5,2,175
213,17,5.04225,5,6,179
214,17,5.01869,5,6,179
215,17,4.99535,5,6,179
216,17,5,5,7,180
217,17,4.97696,5,7,180
218,17,4.95413,5,7,180
219,17,4.93151,5,7,180
220,17,4.90909,5,7,180
221,17,4.91403,5,8,181
222,17,4.89189,5,8,181
223,17,4.86996,5,8,181
224,17,4.875,5,9,182
225,18,4.88,5,10,183
226,18,4.88496,5,11,184
227,19,4.88987,5,12,185
228,19,4.86842,5,12,185
229,19,4.95197,5,16,189
230,19,4.95652,5,17,190
231,19,4.96104,5,18,191
232,19,4.96552,5,19,192
233,19,4.94421,5,19,192
234,19,4.92308,5,19,192
235,19,4.90213,5,19,192
236,19,4.90678,5,20,193
237,19,4.98734,5,24,197
238,19,4.96639,5,24,197
239,19,4.94561,5,24,197
240,19,4.95,5,25,198
241,19,4.92946,5,25,198
242,19,4.90909,5,25,198
243,19,4.91358,5,26,199
244,19,4.89344,4,0,199
245,19,4.87347,4,0,199
246,19,4.85366,4,0,199
247,19,4.83401,4,0,199
248,19,4.81452,4,0,199
249,19,4.79518,3,0,199
250,19,4.776,3,0,199
251,19,4.75697,3,0,199
252,19,4.7381,3,0,199
253,19,4.71937,3,0,199
254,19,4.70079,3,0,199
255,19,4.68235,3,0,199
256,19,4.6875,3,1,200
257,19,4.66926,3,1,200
258,19,4.65116,3,1,200
259,19,4.6332,3,1,200
260,19,4.61538,3,1,200
261,19,4.5977,3,1,200
262,19,4.67176,3,5,204
263,19,4.65399,3,5,204
264,21,4.68182,3,7,206
265,21,4.66415,3,7,206
266,21,4.64662,3,7,206
267,21,4.65169,3,8,207
268,21,4.63433,3,8,207
269,21,4.6171,3,8,207
270,21,4.6,2,0,207
271,21,4.58303,2,0,207
272,21,4.56618,2,0,207
273,21,4.54945,1,0,207
274,21,4.55474,1,1,208
275,21,4.56,1,2,209
276,21,4.54348,1,2,209
277,21,4.52708,1,2,209
278,21,4.51079,1,2,209
279,21,4.49462,1,2,209
280,21,4.47857,1,2,209
281,21,4.46263,1,2,209
282,21,4.46809,1,3,210
283,21,4.4523,1,3,210
284,21,4.43662,1,3,210
285,21,4.50526,1,7,214
286,21,4.51049,1,8,215
287,22,4.51568,1,9,216
288,22,4.58333,1,13,220
289,22,4.58824,1,14,221
290,22,4.57241,1,14,221
291,22,4.5567,1,14,221
292,22,4.56164,1,15,222
293,22,4.56655,1,16,223
294,22,4.55102,0,0,223