1,0,0,10,0,0
2,0,0,10,0,0
3,0,0,10,0,0
4,0,6,10,4,4
5,0,4.8,10,4,4
6,0,4,10,4,4
7,0,5.14286,10,6,6
8,0,7.5,10,10,10
9,0,7.33333,10,11,11
10,0,6.6,10,11,11
11,0,6,10,11,11
12,0,5.5,10,11,11
13,0,6.92308,10,15,15
14,0,6.42857,10,15,15
15,0,6,9,0,15
16,0,5.625,9,0,15
17,0,5.64706,9,1,16
18,0,5.33333,9,1,16
19,0,5.05263,9,1,16
20,0,4.8,9,1,16
21,0,4.57143,9,1,16
22,0,4.36364,9,1,16
23,1,4.43478,9,2,17
24,1,4.5,9,3,18
25,1,4.32,9,3,18
26,1,5.07692,9,7,22
27,1,5.33333,9,9,24
28,1,5.35714,9,10,25
29,1,5.58621,9,12,27
30,1,5.4,9,12,27
31,1,5.22581,9,12,27
32,1,5.0625,8,0,27
33,1,4.90909,8,0,27
34,1,4.76471,8,0,27
35,1,4.62857,8,0,27
36,2,4.66667,8,1,28
37,2,4.54054,8,1,28
38,2,4.42105,8,1,28
39,2,4.30769,8,1,28
40,2,4.2,8,1,28
41,2,4.09756,7,0,28
42,2,4,7,0,28
43,2,4.04651,7,1,29
44,2,3.95455,7,1,29
45,2,4,7,2,30
46,2,3.91304,7,2,30
47,2,3.82979,7,2,30
48,2,3.75,7,2,30
49,2,3.67347,7,2,30
50,2,3.6,7,2,30
51,2,3.52941,7,2,30
52,2,3.46154,7,2,30
53,2,3.39623,7,2,30
54,2,3.33333,7,2,30
55,3,3.38182,7,3,31
56,3,3.32143,7,3,31
57,3,3.36842,7,4,32
58,3,3.51724,7,6,34
59,3,3.45763,7,6,34
60,3,3.4,7,6,34
61,3,3.34426,7,6,34
62,3,3.29032,7,6,34
63,3,3.2381,7,6,34
64,3,3.1875,7,6,34
65,3,3.13846,7,6,34
66,3,3.09091,7,6,34
67,3,3.04478,7,6,34
68,7,3.35294,7,10,38
69,7,3.30435,7,10,38
70,7,3.25714,7,10,38
71,7,3.29577,7,11,39
72,7,3.25,7,11,39
73,7,3.36986,7,13,41
74,7,3.32432,7,13,41
75,7,3.28,7,13,41
76,7,3.23684,7,13,41
77,7,3.27273,7,14,42
78,7,3.53846,7,18,46
79,8,3.56962,7,19,47
80,8,3.525,7,19,47
81,8,3.55556,7,20,48
82,8,3.58537,7,21,49
83,8,3.54217,7,21,49
84,8,3.5,7,21,49
85,8,3.67059,7,24,52
86,8,3.62791,7,24,52
87,8,3.58621,7,24,52
88,8,3.61364,7,25,53
89,8,3.64045,7,26,54
90,8,3.66667,7,27,55
91,8,3.62637,7,27,55
92,8,3.65217,7,28,56
93,9,3.67742,7,29,57
94,9,3.6383,7,29,57
95,9,3.85263,7,33,61
96,9,3.875,7,34,62
97,9,4.08247,7,38,66
98,10,4.10204,7,39,67
99,10,4.12121,7,40,68
100,11,4.14,7,41,69
101,11,4.09901,7,41,69
102,11,4.05882,7,41,69
103,11,4.01942,7,41,69
104,11,4.09615,7,43,71
105,11,4.05714,7,43,71
106,11,4.07547,7,44,72
107,11,4.03738,7,44,72
108,11,4.11111,7,46,74
109,11,4.07339,7,46,74
110,11,4.25455,7,50,78
111,11,4.21622,7,50,78
112,11,4.39286,7,54,82
113,11,4.35398,7,54,82
114,12,4.36842,7,55,83
115,12,4.33043,7,55,83
116,12,4.2931,7,55,83
117,12,4.30769,7,56,84
118,12,4.27119,7,56,84
119,12,4.28571,7,57,85
120,12,4.3,7,58,86
121,12,4.36364,7,60,88
122,12,4.32787,7,60,88
123,12,4.34146,7,61,89
124,12,4.35484,7,62,90
125,12,4.416,7,64,92
126,12,4.42857,7,65,93
127,12,4.3937,7,65,93
128,12,4.45312,7,67,95
129,12,4.60465,7,71,99
130,12,4.56923,7,71,99
131,12,4.58015,7,72,100
132,12,4.59091,7,73,101
133,12,4.6015,7,74,102
134,12,4.61194,7,75,103
135,12,4.62222,7,76,104
136,12,4.58824,7,76,104
137,12,4.55474,7,76,104
138,12,4.56522,7,77,105
139,12,4.57554,7,78,106
140,12,4.54286,7,78,106
141,12,4.68085,7,82,110
142,12,4.8169,7,86,114
143,12,4.82517,7,87,115
144,12,4.79167,7,87,115
145,12,4.8,7,88,116
146,12,4.80822,7,89,117
147,12,4.81633,7,90,118
148,12,4.82432,7,91,119
149,12,4.83221,7,92,120
150,12,4.84,7,93,121
151,12,4.80795,7,93,121
152,12,4.77632,7,93,121
153,12,4.78431,7,94,122
154,12,4.79221,7,95,123
155,12,4.91613,7,99,127
156,12,4.88462,7,99,127
157,12,4.8535,7,99,127
158,12,4.86076,7,100,128
159,12,4.83019,7,100,128
160,12,4.8,7,100,128
161,12,4.84472,7,102,130
162,12,4.85185,7,103,131
163,12,4.82209,7,103,131
164,12,4.79268,7,103,131
165,12,4.76364,7,103,131
166,12,4.77108,7,104,132
167,12,4.77844,7,105,133
168,12,4.78571,7,106,134
169,12,4.7929,7,107,135
170,12,4.76471,7,107,135
171,12,4.73684,7,107,135
172,12,4.74419,7,108,136
173,12,4.71676,7,108,136
174,13,4.72414,7,109,137
175,13,4.69714,7,109,137
176,13,4.70455,7,110,138
177,13,4.88136,7,116,144
178,13,4.85393,7,116,144
179,13,4.86034,7,117,145
180,14,4.86667,7,118,146
181,14,4.87293,7,119,147
182,14,4.87912,7,120,148
183,14,4.85246,7,120,148
184,14,4.8913,7,122,150
185,14,4.86486,7,122,150
186,14,4.87097,7,123,151
187,14,4.84492,7,123,151
188,14,4.81915,7,123,151
189,14,4.8254,7,124,152
190,14,4.8,7,124,152
191,14,4.77487,7,124,152
192,14,4.875,7,128,156
193,14,4.97409,7,132,160
194,14,4.94845,7,132,160
195,14,4.95385,7,133,161
196,14,4.92857,7,133,161
197,14,4.93401,7,134,162
198,14,4.90909,7,134,162
199,14,5.00503,7,138,166
200,14,4.98,7,138,166
201,15,4.98507,7,139,167
202,15,4.9901,7,140,168
203,15,5.08374,7,144,172
204,15,5.05882,7,144,172
205,15,5.06341,7,145,173
206,15,5.03883,7,145,173
207,15,5.01449,7,145,173
208,15,5.10577,7,149,177
209,15,5.13876,7,151,179
210,15,5.22857,7,155,183
211,15,5.20379,7,155,183
212,15,5.29245,7,159,187
213,15,5.26761,7,159,187
214,15,5.35514,7,163,191
215,15,5.35814,7,164,192
216,15,5.36111,7,165,193
217,15,5.36406,7,166,194
218,15,5.36697,7,167,195
219,15,5.34247,7,167,195
220,15,5.34545,7,168,196
221,15,5.32127,7,168,196
222,15,5.37838,7,171,199
223,15,5.38117,7,172,200
224,15,5.38393,7,173,201
225,15,5.41333,7,175,203
226,15,5.41593,7,176,204
227,15,5.4185,7,177,205
228,15,5.44737,7,179,207
229,16,5.44978,7,180,208
230,17,5.45217,7,181,209
231,17,5.42857,7,181,209
232,17,5.40517,7,181,209
233,17,5.43348,7,183,211
234,17,5.4359,7,184,212
235,17,5.56596,7,190,218
236,17,5.54237,7,190,218
237,17,5.51899,6,0,218
238,17,5.4958,6,0,218
239,17,5.49791,6,1,219
240,17,5.475,6,1,219
241,17,5.55187,6,5,223
242,17,5.55372,6,6,224
243,17,5.55556,6,7,225
244,17,5.58197,6,9,227
245,17,5.65714,6,13,231
246,17,5.65854,6,14,232
247,17,5.65992,6,15,233
248,17,5.68548,6,17,235
249,17,5.68675,6,18,236
250,17,5.664,6,18,236
251,17,5.64143,5,0,236
252,17,5.64286,5,1,237
253,17,5.62055,5,1,237
254,17,5.62205,5,2,238
255,17,5.62353,5,3,239
256,17,5.625,5,4,240
257,17,5.60311,5,4,240
258,17,5.60465,5,5,241
259,17,5.58301,5,5,241
260,17,5.56154,4,0,241
261,18,5.56322,4,1,242
262,18,5.56489,4,2,243
263,19,5.56654,4,3,244
264,19,5.54545,4,3,244
265,19,5.54717,4,4,245
266,19,5.57143,4,6,247
267,19,5.59551,4,8,249
268,20,5.59701,4,9,250
269,20,5.59851,4,10,251
270,20,5.57778,4,10,251
271,20,5.5572,4,10,251
272,20,5.53676,4,10,251
273,20,5.53846,4,11,252
274,20,5.54015,4,12,253
275,20,5.54182,4,13,254
276,20,5.52174,3,0,254
277,20,5.50181,3,0,254
278,20,5.56835,3,4,258
279,20,5.54839,3,4,258
280,20,5.55,3,5,259
281,20,5.53025,3,5,259
282,20,5.59574,3,9,263
283,20,5.57597,3,9,263
284,20,5.6831,3,15,269
285,20,5.68421,3,16,270
286,21,5.68531,3,17,271
287,22,5.68641,3,18,272
288,22,5.6875,3,19,273
289,22,5.7301,3,22,276
290,22,5.73103,3,23,277
291,22,5.71134,3,23,277
292,22,5.69178,2,0,277
293,22,5.69283,2,1,278
294,22,5.67347,2,1,278
295,22,5.73559,2,5,282
296,22,5.71622,2,5,282
297,22,5.77778,2,9,286
298,22,5.75839,2,9,286
299,22,5.7592,2,10,287
300,22,5.76,2,11,288
301,22,5.74086,1,0,288
302,22,5.72185,0,0,288