1,0,0,10,0,0
2,0,0,10,0,0
3,0,0,10,0,0
4,0,6,10,4,4
5,0,9.6,10,8,8
6,0,8,10,8,8
7,0,6.85714,10,8,8
8,0,6,10,8,8
9,0,5.33333,10,8,8
10,0,4.8,10,8,8
11,0,4.36364,10,8,8
12,0,4,10,8,8
13,0,3.69231,10,8,8
14,0,3.85714,10,9,9
15,0,3.6,10,9,9
16,0,3.375,10,9,9
17,0,3.17647,9,0,9
18,0,3,9,0,9
19,0,3.15789,9,1,10
20,0,3,9,1,10
21,0,3.42857,9,3,12
22,0,3.27273,9,3,12
23,0,3.13043,9,3,12
24,0,3.5,9,5,14
25,0,3.36,9,5,14
26,0,3.46154,9,6,15
27,0,3.33333,9,6,15
28,0,3.21429,8,0,15
29,0,3.10345,8,0,15
30,0,3.2,8,1,16
31,0,3.09677,8,1,16
32,0,3,8,1,16
33,0,3.09091,8,2,17
34,0,3,8,2,17
35,0,3.42857,8,5,20
36,0,3.33333,8,5,20
37,0,3.24324,8,5,20
38,0,3.15789,8,5,20
39,0,3.23077,8,6,21
40,0,3.15,8,6,21
41,0,3.07317,8,6,21
42,0,3,8,6,21
43,0,2.93023,8,6,21
44,0,3.40909,8,10,25
45,0,3.46667,8,11,26
46,0,3.3913,8,11,26
47,0,3.31915,8,11,26
48,0,3.375,8,12,27
49,0,3.55102,8,14,29
50,0,3.6,8,15,30
51,0,3.76471,8,17,32
52,0,3.69231,8,17,32
53,0,3.73585,8,18,33
54,0,3.66667,8,18,33
55,0,3.70909,8,19,34
56,0,3.75,8,20,35
57,0,3.78947,8,21,36
58,0,3.72414,8,21,36
59,0,3.66102,8,21,36
60,0,3.7,8,22,37
61,0,3.63934,8,22,37
62,0,3.58065,8,22,37
63,0,3.52381,8,22,37
64,0,3.46875,8,22,37
65,0,3.41538,8,22,37
66,0,3.36364,8,22,37
67,0,3.40299,8,23,38
68,0,3.44118,8,24,39
69,0,3.3913,8,24,39
70,0,3.42857,8,25,40
71,0,3.38028,8,25,40
72,0,3.41667,8,26,41
73,0,3.36986,8,26,41
74,0,3.32432,8,26,41
75,0,3.28,8,26,41
76,0,3.23684,8,26,41
77,1,3.27273,8,27,42
78,1,3.23077,8,27,42
79,1,3.26582,8,28,43
80,1,3.375,8,30,45
81,1,3.62963,8,34,49
82,1,3.65854,8,35,50
83,1,3.61446,8,35,50
84,1,3.57143,8,35,50
85,1,3.52941,8,35,50
86,1,3.48837,8,35,50
87,1,3.51724,8,36,51
88,1,3.61364,8,38,53
89,1,3.57303,8,38,53
90,1,3.66667,8,40,55
91,1,3.69231,8,41,56
92,1,3.71739,8,42,57
93,1,3.67742,7,0,57
94,1,3.6383,7,0,57
95,1,3.6,7,0,57
96,1,3.6875,7,2,59
97,1,3.71134,7,3,60
98,1,3.67347,7,3,60
99,1,3.63636,7,3,60
100,1,3.6,7,3,60
101,1,3.62376,7,4,61
102,1,3.70588,7,6,63
103,1,3.6699,7,6,63
104,1,3.63462,7,6,63
105,1,3.6,7,6,63
106,1,3.62264,7,7,64
107,1,3.58879,7,7,64
108,1,3.61111,7,8,65
109,2,3.63303,7,9,66
110,2,3.6,7,9,66
111,2,3.62162,7,10,67
112,2,3.64286,7,11,68
113,2,3.61062,7,11,68
114,2,3.78947,7,15,72
115,2,3.8087,7,16,73
116,2,3.82759,7,17,74
117,3,3.84615,7,18,75
118,3,3.81356,7,18,75
119,3,3.83193,7,19,76
120,3,3.85,7,20,77
121,3,3.86777,7,21,78
122,3,3.83607,7,21,78
123,3,4,7,25,82
124,3,4.01613,7,26,83
125,3,4.032,7,27,84
126,3,4,7,27,84
127,3,4.01575,7,28,85
128,3,4.03125,7,29,86
129,3,4.04651,7,30,87
130,3,4.06154,7,31,88
131,3,4.07634,7,32,89
132,3,4.09091,7,33,90
133,4,4.10526,7,34,91
134,4,4.1194,7,35,92
135,4,4.13333,7,36,93
136,4,4.10294,7,36,93
137,4,4.11679,7,37,94
138,4,4.13043,7,38,95
139,5,4.14388,7,39,96
140,5,4.15714,7,40,97
141,5,4.17021,7,41,98
142,5,4.14085,7,41,98
143,5,4.11189,7,41,98
144,5,4.08333,7,41,98
145,5,4.13793,7,43,100
146,5,4.10959,7,43,100
147,5,4.12245,7,44,101
148,5,4.17568,7,46,103
149,5,4.22819,7,48,105
150,5,4.2,7,48,105
151,5,4.17219,7,48,105
152,5,4.18421,7,49,106
153,5,4.15686,7,49,106
154,5,4.12987,7,49,106
155,5,4.14194,7,50,107
156,5,4.15385,7,51,108
157,5,4.12739,7,51,108
158,5,4.13924,7,52,109
159,5,4.18868,7,54,111
160,5,4.2,7,55,112
161,5,4.32298,7,59,116
162,5,4.2963,7,59,116
163,5,4.26994,6,0,116
164,5,4.2439,6,0,116
165,5,4.25455,6,1,117
166,5,4.26506,6,2,118
167,5,4.23952,6,2,118
168,5,4.25,6,3,119
169,5,4.22485,6,3,119
170,5,4.23529,6,4,120
171,5,4.21053,6,4,120
172,5,4.22093,6,5,121
173,5,4.19653,6,5,121
174,5,4.2069,6,6,122
175,5,4.25143,6,8,124
176,5,4.29545,6,10,126
177,5,4.27119,6,10,126
178,5,4.24719,5,0,126
179,5,4.22346,5,0,126
180,5,4.23333,5,1,127
181,5,4.20994,5,1,127
182,5,4.21978,5,2,128
183,5,4.19672,5,2,128
184,5,4.20652,5,3,129
185,5,4.21622,5,4,130
186,5,4.19355,5,4,130
187,5,4.17112,5,4,130
188,5,4.14894,5,4,130
189,5,4.12698,5,4,130
190,5,4.10526,5,4,130
191,5,4.08377,5,4,130
192,5,4.09375,5,5,131
193,5,4.07254,5,5,131
194,5,4.05155,5,5,131
195,5,4.03077,5,5,131
196,5,4.04082,5,6,132
197,5,4.05076,5,7,133
198,5,4.0303,5,7,133
199,5,4.01005,5,7,133
200,5,3.99,5,7,133
201,5,4,5,8,134
202,5,3.9802,5,8,134
203,5,3.96059,5,8,134
204,5,3.97059,5,9,135
205,5,3.95122,5,9,135
206,5,3.96117,5,10,136
207,5,3.94203,5,10,136
208,5,3.95192,5,11,137
209,5,3.93301,5,11,137
210,5,3.94286,5,12,138
211,5,3.92417,5,12,138
212,5,4.01887,5,16,142
213,5,4,5,16,142
214,5,4.00935,5,17,143
215,5,3.9907,5,17,143
216,5,4,5,18,144
217,5,4.00922,5,19,145
218,5,4.01835,5,20,146
219,5,4.0274,5,21,147
220,5,4.00909,5,21,147
221,5,3.99095,5,21,147
222,5,3.97297,5,21,147
223,5,3.98206,5,22,148
224,5,3.96429,5,22,148
225,5,3.94667,5,22,148
226,5,3.95575,5,23,149
227,5,3.93833,5,23,149
228,5,3.94737,5,24,150
229,5,3.95633,5,25,151
230,5,3.96522,5,26,152
231,5,3.94805,5,26,152
232,5,3.93103,5,26,152
233,5,3.93991,5,27,153
234,5,3.94872,5,28,154
235,5,3.95745,5,29,155
236,5,3.99153,5,31,157
237,5,4,5,32,158
238,5,3.98319,5,32,158
239,5,3.99163,5,33,159
240,5,4.025,5,35,161
241,5,4.0083,5,35,161
242,5,4.01653,5,36,162
243,5,4.02469,5,37,163
244,5,4.0082,4,0,163
245,5,4.01633,4,1,164
246,5,4.02439,4,2,165
247,5,4.0081,4,2,165
248,5,4.01613,4,3,166
249,5,4.0241,4,4,167
250,5,4.008,4,4,167
251,5,3.99203,4,4,167
252,5,4,4,5,168
253,5,4.00791,4,6,169
254,5,4.01575,4,7,170
255,5,4.02353,4,8,171
256,5,4.00781,4,8,171
257,5,4.01556,4,9,172
258,5,4.04651,4,11,174
259,5,4.03089,4,11,174
260,5,4.01538,4,11,174
261,5,4.04598,4,13,176
262,5,4.03053,4,13,176
263,5,4.10646,4,17,180
264,5,4.09091,4,17,180
265,5,4.12075,4,19,182
266,5,4.10526,4,19,182
267,5,4.08989,4,19,182
268,5,4.09701,4,20,183
269,5,4.10409,4,21,184
270,5,4.11111,4,22,185
271,5,4.09594,4,22,185
272,5,4.16912,4,26,189
273,5,4.15385,4,26,189
274,5,4.16058,4,27,190
275,5,4.16727,4,28,191
276,5,4.15217,4,28,191
277,5,4.15884,4,29,192
278,5,4.20863,4,32,195
279,5,4.27957,4,36,199
280,5,4.28571,4,37,200
281,5,4.29181,4,38,201
282,5,4.2766,4,38,201
283,5,4.26148,3,0,201
284,5,4.24648,3,0,201
285,5,4.25263,3,1,202
286,5,4.25874,3,2,203
287,6,4.26481,3,3,204
288,6,4.25,3,3,204
289,6,4.23529,3,3,204
290,6,4.24138,3,4,205
291,6,4.30928,3,8,209
292,7,4.31507,3,9,210
293,7,4.32082,3,10,211
294,7,4.30612,2,0,211
295,7,4.31186,2,1,212
296,7,4.31757,2,2,213
297,8,4.32323,2,3,214
298,8,4.32886,2,4,215
299,8,4.33445,2,5,216
300,13,4.42,2,10,221
301,13,4.40532,2,10,221
302,13,4.4106,2,11,222
303,13,4.43564,2,13,224
304,13,4.42105,2,13,224
305,13,4.42623,2,14,225
306,13,4.45098,2,16,227
307,13,4.43648,2,16,227
308,13,4.44156,1,0,228