1,0,0,10,0,0
2,0,0,10,0,0
3,0,0,10,0,0
4,0,0,10,0,0
5,0,0,10,0,0
6,0,4,10,4,4
7,0,3.42857,10,4,4
8,0,6,10,8,8
9,0,5.33333,10,8,8
10,0,4.8,10,8,8
11,0,5.45455,10,10,10
12,0,5,10,10,10
13,0,4.61538,10,10,10
14,0,4.28571,10,10,10
15,0,4,10,10,10
16,0,3.75,10,10,10
17,0,3.52941,10,10,10
18,0,3.66667,10,11,11
19,0,3.47368,10,11,11
20,0,3.9,10,13,13
21,0,3.71429,10,13,13
22,0,3.54545,10,13,13
23,0,4.43478,10,17,17
24,0,4.75,10,19,19
25,0,5.04,10,21,21
26,0,4.84615,10,21,21
27,0,4.88889,10,22,22
28,0,4.71429,10,22,22
29,0,4.55172,10,22,22
30,0,4.6,10,23,23
31,0,4.64516,10,24,24
32,0,4.5,10,24,24
33,0,4.36364,10,24,24
34,0,4.23529,10,24,24
35,0,4.28571,10,25,25
36,0,4.16667,10,25,25
37,0,4.05405,10,25,25
38,0,3.94737,10,25,25
39,0,4.15385,10,27,27
40,0,4.65,10,31,31
41,0,4.53659,9,0,31
42,0,4.42857,9,0,31
43,0,4.32558,9,0,31
44,0,4.22727,9,0,31
45,0,4.13333,9,0,31
46,0,4.04348,9,0,31
47,0,3.95745,9,0,31
48,0,4,9,1,32
49,0,3.91837,9,1,32
50,0,3.96,9,2,33
51,0,4.35294,9,6,37
52,0,4.38462,9,7,38
53,0,4.41509,9,8,39
54,0,4.33333,9,8,39
55,0,4.25455,9,8,39
56,0,4.17857,9,8,39
57,0,4.10526,9,8,39
58,0,4.03448,9,8,39
59,0,3.9661,9,8,39
60,0,3.9,9,8,39
61,0,3.83607,9,8,39
62,0,4.06452,9,11,42
63,0,4.09524,9,12,43
64,0,4.03125,9,12,43
65,0,3.96923,9,12,43
66,0,3.90909,9,12,43
67,0,3.9403,9,13,44
68,0,3.88235,9,13,44
69,0,3.82609,9,13,44
70,0,3.85714,9,14,45
71,0,3.80282,9,14,45
72,1,3.83333,9,15,46
73,1,3.86301,9,16,47
74,1,3.81081,9,16,47
75,1,3.76,9,16,47
76,1,3.78947,9,17,48
77,1,3.74026,9,17,48
78,1,3.69231,9,17,48
79,1,3.72152,9,18,49
80,1,3.675,8,0,49
81,1,3.62963,8,0,49
82,1,3.65854,8,1,50
83,1,3.61446,8,1,50
84,1,3.64286,8,2,51
85,1,3.6,8,2,51
86,1,3.62791,8,3,52
87,1,3.65517,8,4,53
88,1,3.61364,8,4,53
89,2,3.64045,8,5,54
90,2,3.66667,8,6,55
91,2,3.69231,8,7,56
92,2,3.71739,8,8,57
93,2,3.67742,8,8,57
94,2,3.6383,8,8,57
95,2,3.6,8,8,57
96,2,3.5625,8,8,57
97,2,3.52577,8,8,57
98,2,3.4898,8,8,57
99,2,3.51515,8,9,58
100,2,3.48,8,9,58
101,2,3.68317,8,13,62
102,2,3.76471,8,15,64
103,2,3.78641,8,16,65
104,2,3.75,8,16,65
105,2,3.77143,8,17,66
106,2,3.79245,8,18,67
107,2,3.81308,8,19,68
108,2,3.83333,8,20,69
109,2,3.85321,8,21,70
110,2,3.87273,8,22,71
111,2,3.89189,8,23,72
112,2,3.91071,8,24,73
113,2,3.9292,8,25,74
114,2,3.94737,8,26,75
115,2,4.01739,8,28,77
116,2,4.03448,8,29,78
117,2,4,8,29,78
118,2,4.01695,8,30,79
119,2,3.98319,8,30,79
120,2,3.95,8,30,79
121,2,3.96694,8,31,80
122,2,3.98361,8,32,81
123,2,4.04878,8,34,83
124,2,4.01613,8,34,83
125,2,3.984,7,0,83
126,2,3.95238,7,0,83
127,2,3.92126,7,0,83
128,2,3.9375,7,1,84
129,2,3.90698,7,1,84
130,2,3.92308,7,2,85
131,2,3.89313,7,2,85
132,2,3.86364,7,2,85
133,2,3.83459,7,2,85
134,2,3.80597,7,2,85
135,2,3.82222,7,3,86
136,2,3.83824,7,4,87
137,2,3.81022,7,4,87
138,2,3.82609,7,5,88
139,2,3.79856,7,5,88
140,2,3.85714,7,7,90
141,2,3.82979,7,7,90
142,2,3.80282,6,0,90
143,2,3.77622,6,0,90
144,2,3.75,6,0,90
145,2,3.72414,6,0,90
146,2,3.73973,6,1,91
147,2,3.71429,6,1,91
148,2,3.68919,6,1,91
149,2,3.7047,6,2,92
150,2,3.68,6,2,92
151,2,3.69536,6,3,93
152,2,3.71053,6,4,94
153,2,3.72549,6,5,95
154,2,3.74026,6,6,96
155,2,3.71613,6,6,96
156,2,3.69231,6,6,96
157,2,3.66879,6,6,96
158,2,3.64557,6,6,96
159,2,3.66038,6,7,97
160,2,3.675,6,8,98
161,2,3.68944,6,9,99
162,2,3.7037,6,10,100
163,2,3.71779,6,11,101
164,2,3.69512,6,11,101
165,2,3.67273,6,11,101
166,2,3.6506,6,11,101
167,2,3.7006,6,13,103
168,2,3.71429,6,14,104
169,2,3.72781,6,15,105
170,2,3.70588,6,15,105
171,2,3.7193,6,16,106
172,2,3.73256,6,17,107
173,2,3.71098,6,17,107
174,2,3.68966,6,17,107
175,2,3.66857,6,17,107
176,2,3.68182,6,18,108
177,2,3.69492,6,19,109
178,2,3.67416,6,19,109
179,2,3.68715,6,20,110
180,2,3.7,6,21,111
181,2,3.71271,6,22,112
182,2,3.72527,6,23,113
183,2,3.70492,6,23,113
184,2,3.68478,6,23,113
185,2,3.6973,6,24,114
186,2,3.70968,6,25,115
187,2,3.72193,6,26,116
188,2,3.76596,6,28,118
189,2,3.80952,6,30,120
190,2,3.82105,6,31,121
191,2,3.83246,6,32,122
192,2,3.8125,6,32,122
193,2,3.82383,6,33,123
194,3,3.83505,6,34,124
195,3,3.81538,6,34,124
196,3,3.85714,6,36,126
197,3,3.89848,6,38,128
198,3,3.90909,6,39,129
199,3,3.9196,6,40,130
200,3,3.9,6,40,130
201,3,3.9403,6,42,132
202,3,3.9505,6,43,133
203,3,3.93103,6,43,133
204,3,3.91176,6,43,133
205,3,3.92195,6,44,134
206,3,3.93204,6,45,135
207,3,3.94203,6,46,136
208,3,3.92308,6,46,136
209,3,3.96172,6,48,138
210,3,3.94286,6,48,138
211,3,3.95261,6,49,139
212,3,3.96226,6,50,140
213,3,3.94366,6,50,140
214,3,3.95327,6,51,141
215,3,3.93488,6,51,141
216,3,3.94444,6,52,142
217,3,4.03687,6,56,146
218,3,4.04587,6,57,147
219,3,4.08219,6,59,149
220,3,4.09091,6,60,150
221,3,4.09955,6,61,151
222,3,4.10811,6,62,152
223,3,4.08969,6,62,152
224,3,4.125,6,64,154
225,3,4.10667,6,64,154
226,3,4.0885,6,64,154
227,3,4.09692,6,65,155
228,3,4.10526,6,66,156
229,3,4.08734,6,66,156
230,3,4.09565,6,67,157
231,3,4.1039,6,68,158
232,3,4.11207,6,69,159
233,3,4.12017,6,70,160
234,3,4.20513,6,74,164
235,3,4.18723,6,74,164
236,3,4.19492,6,75,165
237,3,4.20253,6,76,166
238,3,4.21008,6,77,167
239,3,4.21757,6,78,168
240,3,4.225,6,79,169
241,3,4.23237,6,80,170
242,3,4.23967,6,81,171
243,3,4.24691,6,82,172
244,3,4.2541,6,83,173
245,3,4.23673,6,83,173
246,3,4.2439,6,84,174
247,3,4.25101,6,85,175
248,3,4.25806,6,86,176
249,3,4.24096,6,86,176
250,3,4.248,6,87,177
251,3,4.25498,6,88,178
252,3,4.2619,6,89,179
253,3,4.24506,6,89,179
254,3,4.25197,6,90,180
255,3,4.23529,6,90,180
256,3,4.24219,6,91,181
257,3,4.24903,6,92,182
258,3,4.25581,6,93,183
259,3,4.23938,6,93,183
260,3,4.31538,6,97,187
261,3,4.32184,6,98,188
262,3,4.32824,6,99,189
263,3,4.3346,6,100,190
264,3,4.34091,6,101,191
265,3,4.32453,6,101,191
266,3,4.33083,6,102,192
267,3,4.35955,6,104,194
268,3,4.36567,6,105,195
269,3,4.37175,6,106,196
270,3,4.35556,6,106,196
271,3,4.42804,6,110,200
272,3,4.41176,5,0,200
273,3,4.41758,5,1,201
274,3,4.42336,5,2,202
275,3,4.40727,4,0,202
276,3,4.3913,4,0,202
277,3,4.46209,4,4,206
278,3,4.46763,3,0,207
279,3,4.45161,3,0,207
280,3,4.43571,3,0,207
281,3,4.44128,3,1,208
282,3,4.42553,3,1,208
283,3,4.4523,3,3,210
284,3,4.45775,3,4,211
285,3,4.46316,3,5,212
286,3,4.46853,3,6,213
287,3,4.45296,3,6,213
288,3,4.45833,3,7,214
289,3,4.44291,3,7,214
290,3,4.44828,3,8,215
291,3,4.45361,3,9,216
292,3,4.43836,2,0,216
293,3,4.42321,2,0,216
294,3,4.44898,2,2,218
295,3,4.4339,2,2,218
296,3,4.41892,2,2,218
297,3,4.42424,2,3,219
298,3,4.4094,1,0,219
299,4,4.41472,1,1,220
300,4,4.4,0,0,220