1,0,0,10,0,0
2,0,0,10,0,0
3,0,0,10,0,0
4,0,6,10,4,4
5,0,4.8,10,4,4
6,0,5,10,5,5
7,0,4.28571,10,5,5
8,0,3.75,10,5,5
9,0,3.33333,10,5,5
10,0,3,10,5,5
11,0,2.72727,10,5,5
12,0,4.5,10,9,9
13,0,4.15385,10,9,9
14,0,3.85714,10,9,9
15,0,3.6,10,9,9
16,0,3.375,10,9,9
17,0,3.17647,10,9,9
18,0,3,10,9,9
19,0,2.84211,10,9,9
20,0,2.7,10,9,9
21,0,2.57143,10,9,9
22,0,2.45455,10,9,9
23,0,2.34783,10,9,9
24,0,2.5,10,10,10
25,0,2.4,10,10,10
26,0,2.30769,10,10,10
27,0,2.22222,10,10,10
28,0,2.14286,10,10,10
29,0,2.48276,10,12,12
30,0,2.4,10,12,12
31,0,2.32258,10,12,12
32,0,2.25,10,12,12
33,0,2.18182,10,12,12
34,0,2.29412,10,13,13
35,0,2.22857,10,13,13
36,0,2.16667,10,13,13
37,0,2.75676,10,17,17
38,0,2.68421,10,17,17
39,0,2.61538,10,17,17
40,0,2.55,10,17,17
41,0,2.4878,10,17,17
42,0,2.42857,10,17,17
43,0,2.37209,10,17,17
44,0,2.86364,10,21,21
45,0,2.8,10,21,21
46,0,2.73913,10,21,21
47,0,2.68085,10,21,21
48,0,2.625,9,0,21
49,0,2.57143,9,0,21
50,0,2.76,9,2,23
51,0,2.82353,9,3,24
52,1,2.88462,9,4,25
53,1,2.9434,9,5,26
54,1,2.88889,9,5,26
55,1,3.05455,9,7,28
56,1,3,9,7,28
57,1,2.94737,9,7,28
58,1,2.89655,9,7,28
59,1,2.84746,9,7,28
60,1,2.8,9,7,28
61,1,2.7541,9,7,28
62,1,2.70968,9,7,28
63,1,3.04762,9,11,32
64,1,3.09375,9,12,33
65,1,3.41538,9,16,37
66,1,3.45455,9,17,38
67,1,3.40299,9,17,38
68,1,3.44118,9,18,39
69,1,3.3913,9,18,39
70,1,3.34286,9,18,39
71,1,3.29577,9,18,39
72,1,3.25,9,18,39
73,1,3.20548,9,18,39
74,1,3.16216,9,18,39
75,1,3.2,9,19,40
76,1,3.23684,9,20,41
77,1,3.19481,9,20,41
78,1,3.23077,9,21,42
79,1,3.34177,9,23,44
80,1,3.375,9,24,45
81,1,3.33333,9,24,45
82,1,3.36585,9,25,46
83,1,3.39759,9,26,47
84,1,3.35714,9,26,47
85,1,3.31765,9,26,47
86,1,3.34884,9,27,48
87,1,3.31034,9,27,48
88,2,3.34091,9,28,49
89,2,3.37079,9,29,50
90,2,3.46667,9,31,52
91,2,3.56044,9,33,54
92,2,3.52174,9,33,54
93,2,3.54839,9,34,55
94,2,3.57447,9,35,56
95,2,3.6,9,36,57
96,2,3.5625,9,36,57
97,2,3.52577,9,36,57
98,2,3.55102,9,37,58
99,2,3.57576,9,38,59
100,2,3.54,9,38,59
101,2,3.56436,9,39,60
102,2,3.52941,9,39,60
103,2,3.49515,9,39,60
104,2,3.51923,9,40,61
105,2,3.6,9,42,63
106,2,3.56604,9,42,63
107,2,3.53271,9,42,63
108,2,3.5,8,0,63
109,2,3.57798,8,2,65
110,2,3.6,8,3,66
111,2,3.56757,8,3,66
112,2,3.58929,8,4,67
113,2,3.55752,8,4,67
114,2,3.52632,7,0,67
115,2,3.49565,7,0,67
116,2,3.46552,7,0,67
117,2,3.4359,7,0,67
118,2,3.45763,7,1,68
119,2,3.42857,7,1,68
120,2,3.4,7,1,68
121,2,3.42149,7,2,69
122,2,3.44262,7,3,70
123,2,3.41463,7,3,70
124,2,3.3871,7,3,70
125,2,3.408,7,4,71
126,2,3.38095,7,4,71
127,2,3.40157,7,5,72
128,2,3.375,7,5,72
129,2,3.34884,7,5,72
130,2,3.32308,7,5,72
131,2,3.34351,7,6,73
132,2,3.31818,7,6,73
133,2,3.29323,7,6,73
134,2,3.26866,7,6,73
135,2,3.28889,7,7,74
136,2,3.26471,7,7,74
137,2,3.28467,7,8,75
138,2,3.30435,7,9,76
139,2,3.28058,7,9,76
140,2,3.42857,7,13,80
141,2,3.40426,7,13,80
142,2,3.38028,7,13,80
143,2,3.3986,7,14,81
144,2,3.41667,7,15,82
145,2,3.3931,7,15,82
146,2,3.41096,7,16,83
147,2,3.42857,7,17,84
148,2,3.40541,7,17,84
149,2,3.38255,7,17,84
150,2,3.36,7,17,84
151,2,3.37748,7,18,85
152,2,3.39474,7,19,86
153,2,3.41176,7,20,87
154,2,3.38961,7,20,87
155,2,3.40645,7,21,88
156,2,3.42308,7,22,89
157,2,3.55414,7,26,93
158,2,3.56962,7,27,94
159,4,3.62264,7,29,96
160,4,3.6,7,29,96
161,4,3.57764,7,29,96
162,4,3.55556,7,29,96
163,4,3.57055,7,30,97
164,4,3.58537,7,31,98
165,4,3.63636,7,33,100
166,4,3.6506,7,34,101
167,4,3.62874,7,34,101
168,4,3.64286,7,35,102
169,5,3.6568,7,36,103
170,5,3.63529,7,36,103
171,5,3.61404,7,36,103
172,5,3.62791,7,37,104
173,5,3.64162,7,38,105
174,5,3.62069,7,38,105
175,5,3.6,7,38,105
176,5,3.61364,7,39,106
177,5,3.59322,7,39,106
178,5,3.64045,7,41,108
179,6,3.65363,7,42,109
180,6,3.66667,7,43,110
181,6,3.64641,7,43,110
182,6,3.62637,7,43,110
183,6,3.60656,7,43,110
184,6,3.58696,7,43,110
185,6,3.6,7,44,111
186,6,3.6129,7,45,112
187,6,3.65775,7,47,114
188,6,3.67021,7,48,115
189,6,3.65079,7,48,115
190,6,3.75789,7,52,119
191,6,3.80105,7,54,121
192,6,3.78125,7,54,121
193,6,3.76166,7,54,121
194,6,3.74227,7,54,121
195,6,3.72308,7,54,121
196,6,3.73469,7,55,122
197,6,3.77665,7,57,124
198,6,3.75758,7,57,124
199,6,3.76884,7,58,125
200,6,3.78,7,59,126
201,6,3.8209,7,61,128
202,6,3.83168,7,62,129
203,6,3.84236,7,63,130
204,6,3.82353,7,63,130
205,6,3.83415,7,64,131
206,6,3.84466,7,65,132
207,6,3.85507,7,66,133
208,6,3.86538,7,67,134
209,6,3.84689,7,67,134
210,6,3.85714,7,68,135
211,6,3.8673,7,69,136
212,6,3.84906,7,69,136
213,6,3.85915,7,70,137
214,6,3.84112,7,70,137
215,6,3.85116,7,71,138
216,6,3.86111,7,72,139
217,6,3.95392,7,76,143
218,6,3.99083,7,78,145
219,6,3.9726,7,78,145
220,6,3.98182,7,79,146
221,6,3.9638,7,79,146
222,6,4.05405,7,83,150
223,6,4.03587,6,0,150
224,6,4.01786,6,0,150
225,6,4,6,0,150
226,6,4.00885,6,1,151
227,6,3.99119,6,1,151
228,6,4,6,2,152
229,6,3.98253,6,2,152
230,7,3.9913,6,3,153
231,7,3.97403,6,3,153
232,7,3.9569,6,3,153
233,7,3.96567,6,4,154
234,7,3.94872,6,4,154
235,7,3.95745,6,5,155
236,7,3.94068,6,5,155
237,7,3.94937,6,6,156
238,7,3.95798,6,7,157
239,7,3.99163,6,9,159
240,7,3.975,6,9,159
241,7,4.05809,6,13,163
242,7,4.06612,6,14,164
243,7,4.04938,6,14,164
244,7,4.05738,6,15,165
245,7,4.04082,6,15,165
246,7,4.02439,6,15,165
247,7,4.05668,6,17,167
248,7,4.06452,6,18,168
249,7,4.07229,6,19,169
250,7,4.056,5,0,169
251,7,4.03984,5,0,169
252,7,4.02381,5,0,169
253,7,4.00791,5,0,169
254,7,3.99213,5,0,169
255,7,3.97647,5,0,169
256,7,3.96094,5,0,169
257,7,3.94553,5,0,169
258,7,3.95349,5,1,170
259,7,3.96139,5,2,171
260,7,3.94615,5,2,171
261,7,3.95402,5,3,172
262,7,3.93893,4,0,172
263,7,3.92395,4,0,172
264,7,3.93182,4,1,173
265,7,3.93962,4,2,174
266,7,3.94737,4,3,175
267,7,3.93258,4,3,175
268,7,3.91791,4,3,175
269,7,3.90335,4,3,175
270,7,3.91111,4,4,176
271,7,3.91882,4,5,177
272,7,3.90441,3,0,177
273,7,3.91209,3,1,178
274,7,3.91971,3,2,179
275,7,3.90545,3,2,179
276,7,3.8913,3,2,179
277,7,3.87726,2,0,179
278,7,3.94964,2,4,183
279,7,3.93548,2,4,183
280,7,3.92143,2,4,183
281,7,3.92883,2,5,184
282,7,3.91489,1,0,184
283,7,3.98587,1,4,188
284,7,3.97183,1,4,188
285,7,3.97895,1,5,189
286,7,3.98601,1,6,190
287,7,3.97213,0,0,190