1,0,0,10,0,0
2,0,0,10,0,0
3,0,0,10,0,0
4,0,0,10,0,0
5,0,0,10,0,0
6,0,0,10,0,0
7,0,3.42857,10,4,4
8,0,3,10,4,4
9,0,2.66667,10,4,4
10,0,2.4,10,4,4
11,1,2.72727,10,5,5
12,1,2.5,10,5,5
13,1,2.30769,10,5,5
14,1,2.57143,10,6,6
15,1,2.8,10,7,7
16,1,2.625,10,7,7
17,1,2.82353,10,8,8
18,1,4,10,12,12
19,1,3.78947,10,12,12
20,1,4.8,10,16,16
21,1,4.85714,10,17,17
22,1,5.72727,10,21,21
23,1,5.47826,10,21,21
24,1,5.25,10,21,21
25,1,5.28,10,22,22
26,2,5.30769,10,23,23
27,2,5.33333,10,24,24
28,2,5.14286,10,24,24
29,2,5.7931,10,28,28
30,2,6.4,10,32,32
31,2,6.19355,10,32,32
32,2,6,10,32,32
33,2,6.54545,10,36,36
34,2,6.52941,10,37,37
35,2,6.34286,10,37,37
36,2,6.33333,10,38,38
37,2,6.16216,10,38,38
38,2,6.15789,10,39,39
39,2,6.15385,10,40,40
40,2,6,10,40,40
41,2,5.85366,10,40,40
42,2,5.71429,10,40,40
43,2,5.5814,10,40,40
44,2,6,10,44,44
45,2,6.13333,10,46,46
46,2,6.13043,10,47,47
47,2,6.51064,10,51,51
48,2,6.5,10,52,52
49,2,6.36735,10,52,52
50,2,6.24,10,52,52
51,2,6.23529,10,53,53
52,2,6.23077,10,54,54
53,2,6.11321,10,54,54
54,2,6,10,54,54
55,2,5.89091,10,54,54
56,2,5.78571,10,54,54
57,2,5.78947,10,55,55
58,2,5.7931,10,56,56
59,2,5.79661,10,57,57
60,3,5.8,10,58,58
61,3,5.80328,10,59,59
62,3,6.09677,10,63,63
63,3,6.09524,10,64,64
64,3,6,10,64,64
65,3,5.90769,10,64,64
66,3,5.90909,10,65,65
67,3,5.8209,10,65,65
68,3,5.91176,10,67,67
69,3,5.82609,10,67,67
70,4,5.82857,10,68,68
71,4,5.74648,10,68,68
72,4,5.75,10,69,69
73,4,5.75342,10,70,70
74,4,5.67568,9,0,70
75,4,5.68,9,1,71
76,4,5.60526,9,1,71
77,4,5.61039,9,2,72
78,4,5.61538,9,3,73
79,4,5.62025,9,4,74
80,4,5.625,9,5,75
81,4,5.55556,9,5,75
82,4,5.63415,9,7,77
83,4,5.56627,9,7,77
84,4,5.64286,9,9,79
85,4,5.85882,9,13,83
86,4,5.7907,9,13,83
87,4,5.72414,9,13,83
88,4,5.72727,9,14,84
89,4,5.73034,9,15,85
90,4,5.8,9,17,87
91,4,5.8022,9,18,88
92,4,5.80435,9,19,89
93,4,5.80645,9,20,90
94,4,5.74468,8,0,90
95,4,5.81053,8,2,92
96,4,5.75,8,2,92
97,4,5.81443,8,4,94
98,4,5.7551,8,4,94
99,4,5.69697,8,4,94
100,4,5.76,8,6,96
101,4,5.76238,8,7,97
102,4,5.70588,8,7,97
103,4,5.76699,8,9,99
104,4,5.94231,8,13,103
105,4,5.94286,8,14,104
106,4,5.88679,8,14,104
107,4,5.83178,8,14,104
108,4,5.77778,8,14,104
109,4,5.72477,8,14,104
110,4,5.72727,8,15,105
111,4,5.67568,8,15,105
112,4,5.625,8,15,105
113,4,5.62832,8,16,106
114,5,5.63158,8,17,107
115,5,5.63478,8,18,108
116,5,5.63793,8,19,109
117,5,5.58974,8,19,109
118,5,5.54237,8,19,109
119,5,5.54622,8,20,110
120,5,5.55,8,21,111
121,5,5.50413,8,21,111
122,5,5.5082,8,22,112
123,6,5.5122,8,23,113
124,6,5.51613,8,24,114
125,6,5.52,8,25,115
126,6,5.52381,8,26,116
127,6,5.52756,8,27,117
128,6,5.53125,8,28,118
129,7,5.53488,8,29,119
130,7,5.58462,8,31,121
131,7,5.54198,8,31,121
132,7,5.5,8,31,121
133,7,5.50376,8,32,122
134,7,5.46269,8,32,122
135,7,5.42222,8,32,122
136,7,5.38235,8,32,122
137,7,5.34307,7,0,122
138,7,5.34783,7,1,123
139,7,5.30935,7,1,123
140,7,5.27143,7,1,123
141,7,5.2766,7,2,124
142,7,5.23944,7,2,124
143,9,5.28671,7,4,126
144,9,5.25,7,4,126
145,9,5.25517,7,5,127
146,9,5.21918,7,5,127
147,9,5.18367,7,5,127
148,9,5.14865,7,5,127
149,9,5.11409,7,5,127
150,9,5.12,7,6,128
151,9,5.08609,7,6,128
152,9,5.09211,7,7,129
153,9,5.05882,7,7,129
154,9,5.06494,7,8,130
155,9,5.03226,7,8,130
156,9,5.03846,7,9,131
157,9,5.04459,7,10,132
158,9,5.05063,7,11,133
159,9,5.09434,7,13,135
160,9,5.1,7,14,136
161,9,5.10559,7,15,137
162,9,5.11111,7,16,138
163,9,5.11656,7,17,139
164,9,5.12195,7,18,140
165,10,5.12727,7,19,141
166,10,5.09639,7,19,141
167,10,5.1018,7,20,142
168,10,5.10714,7,21,143
169,10,5.21893,7,25,147
170,10,5.22353,7,26,148
171,10,5.22807,7,27,149
172,10,5.23256,7,28,150
173,10,5.20231,7,28,150
174,10,5.2069,7,29,151
175,10,5.24571,7,31,153
176,10,5.25,7,32,154
177,10,5.22034,7,32,154
178,13,5.29213,7,35,157
179,13,5.29609,7,36,158
180,13,5.26667,6,0,158
181,13,5.27072,6,1,159
182,13,5.27473,6,2,160
183,13,5.27869,6,3,161
184,13,5.25,6,3,161
185,13,5.35135,6,7,165
186,13,5.32258,6,7,165
187,13,5.29412,6,7,165
188,14,5.29787,6,8,166
189,14,5.26984,6,8,166
190,14,5.27368,6,9,167
191,15,5.27749,6,10,168
192,15,5.25,6,10,168
193,16,5.25389,6,11,169
194,16,5.25773,6,12,170
195,16,5.26154,6,13,171
196,17,5.26531,6,14,172
197,17,5.23858,6,14,172
198,17,5.24242,6,15,173
199,17,5.21608,6,15,173
200,17,5.22,6,16,174
201,17,5.19403,6,16,174
202,17,5.19802,6,17,175
203,17,5.20197,6,18,176
204,17,5.17647,6,18,176
205,17,5.18049,6,19,177
206,17,5.15534,6,19,177
207,17,5.13043,6,19,177
208,17,5.10577,6,19,177
209,17,5.13876,6,21,179
210,17,5.11429,5,0,179
211,17,5.11848,5,1,180
212,17,5.09434,5,1,180
213,17,5.09859,5,2,181
214,17,5.1028,5,3,182
215,17,5.07907,5,3,182
216,17,5.08333,5,4,183
217,17,5.05991,5,4,183
218,17,5.06422,5,5,184
219,17,5.0411,5,5,184
220,17,5.01818,5,5,184
221,17,4.99548,5,5,184
222,17,5,5,6,185
223,17,5.00448,5,7,186
224,17,4.98214,5,7,186
225,17,5.06667,5,11,190
226,17,5.09735,5,13,192
227,17,5.10132,5,14,193
228,17,5.07895,5,14,193
229,17,5.08297,5,15,194
230,17,5.08696,5,16,195
231,17,5.06494,5,16,195
232,17,5.09483,5,18,197
233,17,5.09871,5,19,198
234,17,5.10256,5,20,199
235,17,5.08085,5,20,199
236,17,5.11017,5,22,201
237,17,5.11392,5,23,202
238,18,5.11765,5,24,203
239,19,5.12134,5,25,204
240,19,5.1,5,25,204
241,19,5.10373,5,26,205
242,19,5.08264,5,26,205
243,20,5.08642,5,27,206
244,21,5.09016,5,28,207
245,21,5.09388,5,29,208
246,21,5.07317,5,29,208
247,21,5.05263,5,29,208
248,21,5.05645,5,30,209
249,21,5.13253,5,34,213
250,21,5.112,5,34,213
251,21,5.11554,5,35,214
252,21,5.09524,5,35,214
253,21,5.16996,5,39,218
254,21,5.17323,5,40,219
255,21,5.15294,5,40,219
256,21,5.15625,5,41,220
257,21,5.18288,5,43,222
258,21,5.2093,5,45,224
259,21,5.21236,5,46,225
260,21,5.23846,5,48,227
261,21,5.24138,5,49,228
262,21,5.24427,5,50,229
263,21,5.31559,5,54,233
264,21,5.31818,5,55,234
265,21,5.29811,5,55,234
266,21,5.32331,5,57,236
267,21,5.30337,5,57,236
268,21,5.30597,5,58,237
269,21,5.37546,5,62,241
270,21,5.37778,5,63,242
271,21,5.44649,5,67,246
272,21,5.42647,4,0,246
273,21,5.42857,4,1,247
274,21,5.43066,4,2,248
275,21,5.41091,4,2,248
276,21,5.3913,4,2,248
277,21,5.3935,4,3,249
278,21,5.39568,4,4,250
279,21,5.46237,4,8,254
280,21,5.46429,4,9,255
281,21,5.46619,4,10,256
282,21,5.53191,4,14,260
283,21,5.53357,4,15,261
284,21,5.55634,4,17,263
285,21,5.55789,4,18,264
286,21,5.53846,4,18,264
287,21,5.60279,4,22,268
288,21,5.60417,4,23,269
289,21,5.66782,4,27,273
290,21,5.64828,4,27,273
291,21,5.62887,4,27,273
292,21,5.69178,4,31,277
293,21,5.67235,4,31,277
294,21,5.67347,4,32,278
295,21,5.67458,4,33,279
296,21,5.65541,4,33,279
297,21,5.67677,4,35,281
298,21,5.65772,4,35,281
299,21,5.65886,4,36,282
300,21,5.66,4,37,283
301,21,5.6412,4,37,283
302,21,5.64238,4,38,284
303,21,5.64356,4,39,285
304,21,5.64474,4,40,286
305,21,5.62623,4,40,286
306,21,5.62745,4,41,287
