1,0,0,10,0,0
2,0,0,10,0,0
3,0,0,10,0,0
4,0,6,10,4,4
5,0,4.8,10,4,4
6,0,4,10,4,4
7,0,3.42857,10,4,4
8,0,3,10,4,4
9,0,3.33333,10,5,5
10,0,3,10,5,5
11,0,2.72727,10,5,5
12,0,2.5,10,5,5
13,0,2.30769,10,5,5
14,0,2.14286,10,5,5
15,0,2.8,10,7,7
16,0,2.625,10,7,7
17,0,2.47059,10,7,7
18,0,2.33333,10,7,7
19,0,3.47368,10,11,11
20,0,3.3,10,11,11
21,0,3.14286,10,11,11
22,0,4.09091,10,15,15
23,0,3.91304,10,15,15
24,0,3.75,10,15,15
25,0,3.84,10,16,16
26,0,3.69231,10,16,16
27,0,3.55556,10,16,16
28,1,3.64286,10,17,17
29,1,3.51724,10,17,17
30,1,3.4,10,17,17
31,1,3.29032,10,17,17
32,1,3.375,10,18,18
33,1,4,10,22,22
34,1,3.88235,10,22,22
35,1,4.45714,10,26,26
36,1,4.33333,10,26,26
37,1,4.54054,10,28,28
38,1,5.05263,10,32,32
39,1,4.92308,10,32,32
40,1,4.8,10,32,32
41,1,4.68293,9,0,32
42,1,4.57143,9,0,32
43,1,4.46512,9,0,32
44,1,4.36364,9,0,32
45,1,4.4,9,1,33
46,1,4.43478,9,2,34
47,1,4.85106,9,6,38
48,1,4.875,9,7,39
49,1,5.02041,9,9,41
50,1,4.92,9,9,41
51,1,4.82353,9,9,41
52,1,4.84615,9,10,42
53,1,4.75472,9,10,42
54,1,4.77778,9,11,43
55,1,4.69091,9,11,43
56,1,4.71429,9,12,44
57,1,4.73684,9,13,45
58,1,4.75862,9,14,46
59,1,4.67797,9,14,46
60,1,4.6,9,14,46
61,1,4.52459,8,0,46
62,1,4.54839,8,1,47
63,1,4.47619,8,1,47
64,1,4.5,8,2,48
65,1,4.8,8,6,52
66,1,4.72727,8,6,52
67,1,4.65672,8,6,52
68,1,4.58824,8,6,52
69,1,4.52174,8,6,52
70,1,4.45714,8,6,52
71,1,4.39437,8,6,52
72,1,4.33333,8,6,52
73,1,4.27397,8,6,52
74,1,4.21622,8,6,52
75,1,4.16,8,6,52
76,1,4.10526,8,6,52
77,1,4.05195,8,6,52
78,1,4,8,6,52
79,1,4.02532,8,7,53
80,1,4.05,8,8,54
81,1,4,8,8,54
82,1,3.95122,8,8,54
83,1,3.9759,8,9,55
84,2,4,8,10,56
85,2,3.95294,8,10,56
86,2,3.90698,8,10,56
87,2,3.86207,8,10,56
88,2,3.81818,8,10,56
89,2,3.77528,8,10,56
90,2,3.73333,8,10,56
91,2,3.69231,8,10,56
92,2,3.71739,8,11,57
93,2,3.67742,8,11,57
94,2,3.70213,8,12,58
95,2,3.66316,8,12,58
96,2,3.625,8,12,58
97,2,3.58763,8,12,58
98,2,3.55102,8,12,58
99,2,3.57576,8,13,59
100,2,3.6,8,14,60
101,2,3.56436,8,14,60
102,2,3.52941,8,14,60
103,2,3.49515,8,14,60
104,2,3.46154,8,14,60
105,2,3.48571,8,15,61
106,2,3.50943,8,16,62
107,2,3.58879,8,18,64
108,2,3.55556,8,18,64
109,2,3.57798,8,19,65
110,2,3.65455,8,21,67
111,2,3.67568,8,22,68
112,2,3.69643,8,23,69
113,2,3.71681,8,24,70
114,2,3.68421,8,24,70
115,2,3.65217,8,24,70
116,2,3.67241,8,25,71
117,2,3.69231,8,26,72
118,2,3.66102,8,26,72
119,2,3.63025,8,26,72
120,2,3.6,8,26,72
121,2,3.61983,8,27,73
122,2,3.59016,8,27,73
123,2,3.65854,8,29,75
124,2,3.62903,8,29,75
125,2,3.6,8,29,75
126,2,3.66667,8,31,77
127,2,3.68504,8,32,78
128,2,3.65625,8,32,78
129,2,3.76744,8,35,81
130,2,3.78462,8,36,82
131,2,3.84733,8,38,84
132,2,3.81818,8,38,84
133,2,3.92481,8,41,87
134,2,3.9403,8,42,88
135,2,3.95556,8,43,89
136,2,3.92647,8,43,89
137,2,4.16058,8,49,95
138,2,4.3913,8,55,101
139,2,4.40288,8,56,102
140,2,4.41429,8,57,103
141,2,4.42553,8,58,104
142,2,4.39437,8,58,104
143,2,4.40559,8,59,105
144,2,4.41667,8,60,106
145,2,4.42759,8,61,107
146,2,4.43836,8,62,108
147,2,4.40816,8,62,108
148,2,4.41892,8,63,109
149,2,4.38926,8,63,109
150,2,4.36,8,63,109
151,2,4.49007,8,67,113
152,2,4.46053,8,67,113
153,2,4.43137,7,0,113
154,2,4.4026,7,0,113
155,2,4.4129,7,1,114
156,2,4.38462,7,1,114
157,2,4.3949,7,2,115
158,2,4.36709,7,2,115
159,2,4.33962,7,2,115
160,2,4.3125,7,2,115
161,2,4.32298,7,3,116
162,2,4.33333,7,4,117
163,2,4.30675,7,4,117
164,2,4.28049,7,4,117
165,2,4.25455,7,4,117
166,2,4.22892,7,4,117
167,2,4.23952,7,5,118
168,2,4.21429,7,5,118
169,2,4.18935,7,5,118
170,2,4.2,7,6,119
171,2,4.17544,7,6,119
172,2,4.15116,7,6,119
173,2,4.16185,7,7,120
174,2,4.27586,7,11,124
175,2,4.28571,7,12,125
176,2,4.39773,7,16,129
177,2,4.44068,7,18,131
178,2,4.41573,7,18,131
179,2,4.39106,6,0,131
180,2,4.5,6,4,135
181,2,4.47514,6,4,135
182,2,4.48352,6,5,136
183,2,4.45902,6,5,136
184,2,4.43478,6,5,136
185,2,4.41081,5,0,136
186,2,4.45161,5,2,138
187,2,4.49198,5,4,140
188,3,4.5,5,5,141
189,3,4.47619,5,5,141
190,3,4.45263,5,5,141
191,3,4.52356,5,8,144
192,3,4.5,5,8,144
193,3,4.47668,4,0,144
194,3,4.48454,4,1,145
195,3,4.46154,4,1,145
196,3,4.46939,4,2,146
197,3,4.47716,4,3,147
198,3,4.48485,4,4,148
199,3,4.49246,4,5,149
200,3,4.47,4,5,149
201,3,4.47761,4,6,150
202,3,4.48515,4,7,151
203,3,4.64039,4,13,157
204,3,4.61765,3,0,157
205,3,4.62439,3,1,158
206,3,4.60194,3,1,158
207,3,4.57971,3,1,158
208,3,4.67308,3,5,162
209,3,4.65072,3,5,162
210,3,4.62857,3,5,162
211,3,4.66351,3,7,164
212,3,4.64151,3,7,164
213,3,4.73239,3,11,168
214,3,4.71028,3,11,168
215,3,4.71628,3,12,169
216,3,4.69444,2,0,169
217,3,4.67281,2,0,169
218,3,4.65138,2,0,169
219,3,4.63014,2,0,169
220,3,4.63636,2,1,170
221,3,4.64253,2,2,171
222,3,4.64865,2,3,172
223,3,4.6278,2,3,172
224,3,4.60714,2,3,172
225,3,4.58667,2,3,172
226,3,4.56637,2,3,172
227,3,4.59912,2,5,174
228,3,4.57895,2,5,174
229,3,4.58515,2,6,175
230,3,4.72174,2,12,181
231,3,4.7013,2,12,181
232,3,4.68103,2,12,181
233,3,4.6867,2,13,182
234,3,4.69231,2,14,183
235,3,4.69787,2,15,184
236,3,4.67797,2,15,184
237,3,4.70886,2,17,186
238,3,4.71429,2,18,187
239,3,4.69456,2,18,187
240,3,4.825,2,24,193
241,3,4.82988,2,25,194
242,3,4.80992,2,25,194
243,3,4.81481,2,26,195
244,3,4.79508,2,26,195
245,3,4.87347,2,30,199
246,3,4.85366,2,30,199
247,3,4.93117,2,34,203
248,3,4.91129,2,34,203
249,3,4.93976,2,36,205
250,3,4.944,2,37,206
251,3,4.9243,2,37,206
252,3,5,2,41,210
253,3,5.00395,2,42,211
254,3,4.98425,2,42,211
255,3,4.98824,2,43,212
256,3,4.99219,2,44,213
257,3,4.99611,2,45,214
258,3,4.97674,2,45,214
259,3,4.98069,2,46,215
260,3,4.96154,2,46,215
261,4,4.96552,2,47,216
262,4,4.96947,2,48,217
263,4,5.04183,2,52,221
264,4,5.04545,2,53,222
265,4,5.0717,2,55,224
266,4,5.14286,2,59,228
267,4,5.14607,2,60,229
268,4,5.12687,2,60,229
269,4,5.13011,2,61,230
270,4,5.15556,2,63,232
271,4,5.13653,2,63,232
272,4,5.20588,2,67,236
273,4,5.18681,2,67,236
274,4,5.16788,1,0,236
275,4,5.14909,0,0,236
