1,0,0,10,0,0
2,0,0,10,0,0
3,0,4,10,2,2
4,0,3,10,2,2
5,0,2.4,10,2,2
6,0,2,10,2,2
7,0,1.71429,10,2,2
8,0,1.5,10,2,2
9,0,1.33333,9,0,2
10,0,1.2,9,0,2
11,0,1.63636,9,1,3
12,0,1.5,9,1,3
13,0,3.23077,9,5,7
14,0,3,9,5,7
15,0,2.8,9,5,7
16,0,2.625,9,5,7
17,0,2.47059,9,5,7
18,0,2.66667,9,6,8
19,0,2.52632,8,0,8
20,0,2.4,8,0,8
21,0,2.57143,8,1,9
22,0,2.45455,8,1,9
23,0,2.34783,8,1,9
24,0,2.5,8,2,10
25,0,2.4,8,2,10
26,0,2.30769,8,2,10
27,0,2.22222,8,2,10
28,0,2.14286,8,2,10
29,0,2.06897,8,2,10
30,0,2.6,8,5,13
31,0,3.29032,8,9,17
32,0,3.9375,8,13,21
33,0,3.81818,8,13,21
34,0,3.70588,8,13,21
35,0,3.6,8,13,21
36,0,3.5,8,13,21
37,0,3.40541,8,13,21
38,0,3.47368,8,14,22
39,0,3.38462,8,14,22
40,0,3.3,8,14,22
41,0,3.36585,8,15,23
42,0,3.28571,8,15,23
43,0,3.76744,8,19,27
44,1,3.81818,8,20,28
45,1,4.53333,8,26,34
46,1,4.56522,8,27,35
47,1,4.46809,8,27,35
48,1,4.375,8,27,35
49,1,4.28571,8,27,35
50,1,4.2,8,27,35
51,1,4.11765,8,27,35
52,1,4.5,8,31,39
53,1,4.41509,8,31,39
54,1,4.33333,8,31,39
55,1,4.25455,8,31,39
56,1,4.17857,8,31,39
57,1,4.21053,8,32,40
58,1,4.24138,8,33,41
59,1,4.37288,8,35,43
60,1,4.4,8,36,44
61,1,4.32787,8,36,44
62,1,4.35484,8,37,45
63,1,4.28571,8,37,45
64,1,4.21875,8,37,45
65,1,4.15385,8,37,45
66,1,4.18182,8,38,46
67,1,4.1194,8,38,46
68,1,4.14706,8,39,47
69,1,4.43478,8,43,51
70,1,4.37143,8,43,51
71,1,4.30986,8,43,51
72,1,4.25,8,43,51
73,1,4.19178,8,43,51
74,1,4.13514,8,43,51
75,1,4.08,8,43,51
76,1,4.10526,8,44,52
77,2,4.12987,8,45,53
78,2,4.15385,8,46,54
79,2,4.17722,8,47,55
80,2,4.125,8,47,55
81,2,4.07407,8,47,55
82,2,4.09756,8,48,56
83,2,4.04819,7,0,56
84,2,4,7,0,56
85,2,3.95294,7,0,56
86,2,4.18605,7,4,60
87,2,4.13793,7,4,60
88,2,4.09091,7,4,60
89,2,4.11236,7,5,61
90,2,4.06667,7,5,61
91,2,4.08791,7,6,62
92,2,4.04348,7,6,62
93,2,4,7,6,62
94,2,3.95745,7,6,62
95,2,3.91579,7,6,62
96,2,4,7,8,64
97,2,4.20619,7,12,68
98,2,4.16327,7,12,68
99,2,4.12121,7,12,68
100,2,4.08,7,12,68
101,2,4.0396,7,12,68
102,2,4.05882,7,13,69
103,2,4.07767,7,14,70
104,2,4.03846,7,14,70
105,2,4,7,14,70
106,2,4.01887,7,15,71
107,2,4.03738,7,16,72
108,2,4,7,16,72
109,2,3.9633,7,16,72
110,2,3.98182,7,17,73
111,2,3.94595,7,17,73
112,6,4.125,7,21,77
113,6,4.14159,7,22,78
114,6,4.31579,7,26,82
115,6,4.27826,7,26,82
116,6,4.24138,7,26,82
117,6,4.25641,7,27,83
118,6,4.27119,7,28,84
119,6,4.23529,7,28,84
120,6,4.25,7,29,85
121,6,4.21488,7,29,85
122,6,4.18033,7,29,85
123,6,4.19512,7,30,86
124,6,4.20968,7,31,87
125,6,4.176,7,31,87
126,6,4.19048,7,32,88
127,6,4.15748,7,32,88
128,6,4.125,7,32,88
129,6,4.09302,7,32,88
130,6,4.06154,7,32,88
131,6,4.03053,7,32,88
132,6,4.04545,7,33,89
133,6,4.01504,7,33,89
134,6,3.98507,7,33,89
135,6,4,7,34,90
136,6,3.97059,7,34,90
137,6,3.94161,7,34,90
138,6,3.95652,7,35,91
139,6,3.92806,7,35,91
140,6,3.9,7,35,91
141,6,3.91489,7,36,92
142,6,3.88732,7,36,92
143,6,3.86014,7,36,92
144,6,3.83333,7,36,92
145,6,3.8069,7,36,92
146,6,3.78082,7,36,92
147,6,3.79592,7,37,93
148,6,3.81081,7,38,94
149,6,3.8255,7,39,95
150,6,3.84,7,40,96
151,6,3.8543,7,41,97
152,6,3.82895,7,41,97
153,6,3.84314,7,42,98
154,6,3.81818,7,42,98
155,6,3.79355,7,42,98
156,6,3.80769,7,43,99
157,6,3.93631,7,47,103
158,6,3.91139,7,47,103
159,6,3.88679,7,47,103
160,6,3.9,7,48,104
161,6,3.91304,7,49,105
162,6,3.88889,7,49,105
163,6,3.86503,7,49,105
164,6,3.87805,7,50,106
165,6,3.85455,7,50,106
166,6,3.86747,7,51,107
167,6,3.88024,7,52,108
168,6,3.89286,7,53,109
169,6,4.01183,7,57,113
170,6,3.98824,7,57,113
171,6,4,7,58,114
172,6,3.97674,7,58,114
173,6,3.98844,7,59,115
174,6,3.96552,7,59,115
175,6,3.97714,7,60,116
176,6,3.95455,7,60,116
177,6,3.9322,7,60,116
178,6,3.91011,7,60,116
179,6,3.88827,7,60,116
180,6,3.9,7,61,117
181,6,3.9116,7,62,118
182,6,3.92308,7,63,119
183,6,3.93443,7,64,120
184,6,3.94565,7,65,121
185,6,3.98919,7,67,123
186,6,3.96774,7,67,123
187,6,4.07487,7,71,127
188,6,4.08511,7,72,128
189,6,4.09524,7,73,129
190,6,4.07368,7,73,129
191,6,4.08377,7,74,130
192,6,4.09375,7,75,131
193,6,4.10363,7,76,132
194,6,4.1134,7,77,133
195,6,4.12308,7,78,134
196,6,4.13265,7,79,135
197,6,4.14213,7,80,136
198,6,4.15152,7,81,137
199,6,4.1608,7,82,138
200,6,4.14,7,82,138
201,6,4.1194,7,82,138
202,6,4.09901,7,82,138
203,6,4.07882,7,82,138
204,6,4.08824,7,83,139
205,6,4.06829,7,83,139
206,6,4.07767,7,84,140
207,6,4.08696,7,85,141
208,6,4.06731,7,85,141
209,6,4.04785,7,85,141
210,6,4.05714,7,86,142
211,6,4.03791,7,86,142
212,6,4.04717,7,87,143
213,6,4.02817,7,87,143
214,7,4.03738,7,88,144
215,7,4.0186,7,88,144
216,7,4,7,88,144
217,8,4.00922,7,89,145
218,8,4.01835,7,90,146
219,8,4.10959,7,94,150
220,8,4.09091,7,94,150
221,8,4.0724,6,0,150
222,8,4.05405,6,0,150
223,8,4.03587,6,0,150
224,8,4.01786,6,0,150
225,8,4.02667,6,1,151
226,8,4.00885,6,1,151
227,8,3.99119,6,1,151
228,8,3.97368,6,1,151
229,8,4.00873,6,3,153
230,8,4.01739,6,4,154
231,8,4.02597,6,5,155
232,8,4.00862,6,5,155
233,8,4.01717,6,6,156
234,8,4.15385,6,12,162
235,8,4.1617,6,13,163
236,8,4.14407,6,13,163
237,8,4.12658,6,13,163
238,8,4.13445,6,14,164
239,8,4.11715,6,14,164
240,8,4.1,6,14,164
241,8,4.08299,6,14,164
242,8,4.09091,6,15,165
243,8,4.09877,6,16,166
244,8,4.10656,6,17,167
245,8,4.13878,6,19,169
246,8,4.14634,6,20,170
247,8,4.15385,6,21,171
248,8,4.1371,6,21,171
249,8,4.12048,6,21,171
250,8,4.128,6,22,172
251,8,4.13546,6,23,173
252,8,4.21429,6,27,177
253,8,4.29249,6,31,181
254,8,4.29921,6,32,182
255,8,4.30588,6,33,183
256,8,4.3125,6,34,184
257,8,4.31907,6,35,185
258,8,4.30233,6,35,185
259,8,4.30888,6,36,186
260,8,4.31538,6,37,187
261,8,4.3908,6,41,191
262,8,4.46565,6,45,195
263,8,4.44867,6,45,195
264,8,4.45455,6,46,196
265,8,4.57358,6,52,202
266,8,4.55639,5,0,202
267,8,4.67416,5,6,208
268,8,4.74627,5,10,212
269,8,4.75093,5,11,213
270,8,4.75556,5,12,214
271,8,4.76015,5,13,215
272,8,4.83088,5,17,219
273,8,4.83516,5,18,220
274,8,4.83942,5,19,221
275,8,4.86545,5,21,223
276,8,4.97826,5,27,229
277,8,5.00361,5,29,231
278,8,5.11511,5,35,237
279,9,5.11828,5,36,238
280,9,5.18571,5,40,242
281,9,5.18861,5,41,243
282,9,5.19149,5,42,244
283,9,5.19435,5,43,245
284,9,5.30282,5,49,251
285,9,5.36842,5,53,255
286,9,5.34965,5,53,255
287,9,5.35192,5,54,256
288,9,5.35417,5,55,257
289,9,5.3564,5,56,258
290,9,5.46207,5,62,264
291,9,5.56701,5,68,270
292,9,5.56849,5,69,271
293,9,5.54949,4,0,271
294,9,5.57143,4,2,273
295,9,5.6339,4,6,277
296,9,5.63514,4,7,278
297,9,5.63636,4,8,279
298,9,5.69799,4,12,283
299,9,5.7592,4,16,287
300,9,5.76,4,17,288
301,9,5.74086,3,0,288
302,9,5.74172,3,1,289
303,9,5.74257,3,2,290
304,10,5.74342,3,3,291
305,10,5.76393,3,5,293