1,0,6,10,1,1
2,0,3,10,1,1
3,0,2,10,1,1
4,0,7.5,10,5,5
5,0,6,10,5,5
6,0,8,10,8,8
7,0,10.2857,10,12,12
8,0,9,10,12,12
9,0,8,10,12,12
10,0,9.6,10,16,16
11,0,8.72727,10,16,16
12,0,8,10,16,16
13,0,7.38462,10,16,16
14,0,7.28571,10,17,17
15,0,8.4,10,21,21
16,0,7.875,10,21,21
17,0,7.76471,10,22,22
18,0,7.33333,10,22,22
19,0,6.94737,10,22,22
20,0,6.9,10,23,23
21,0,6.57143,10,23,23
22,0,7.36364,10,27,27
23,0,7.04348,10,27,27
24,0,6.75,10,27,27
25,0,6.48,9,0,27
26,0,6.23077,9,0,27
27,0,6,9,0,27
28,0,5.78571,9,0,27
29,0,5.7931,9,1,28
30,0,5.8,9,2,29
31,0,5.6129,9,2,29
32,0,5.4375,9,2,29
33,0,5.45455,9,3,30
34,0,6,9,7,34
35,0,5.82857,9,7,34
36,0,5.66667,9,7,34
37,0,5.51351,9,7,34
38,0,5.52632,9,8,35
39,0,5.53846,9,9,36
40,0,5.55,9,10,37
41,0,5.41463,9,10,37
42,0,5.28571,9,10,37
43,0,5.30233,9,11,38
44,0,5.31818,9,12,39
45,0,5.73333,9,16,43
46,0,5.6087,9,16,43
47,0,5.48936,9,16,43
48,0,5.5,9,17,44
49,0,5.38776,9,17,44
50,0,5.4,9,18,45
51,0,6,9,24,51
52,0,5.88462,9,24,51
53,0,5.77358,9,24,51
54,0,5.77778,9,25,52
55,0,5.78182,9,26,53
56,0,5.67857,9,26,53
57,0,5.57895,9,26,53
58,0,5.89655,9,30,57
59,0,5.79661,9,30,57
60,0,5.8,9,31,58
61,0,5.80328,9,32,59
62,0,5.80645,9,33,60
63,1,5.80952,9,34,61
64,2,5.8125,9,35,62
65,2,5.81538,9,36,63
66,2,5.81818,9,37,64
67,2,5.8209,9,38,65
68,2,5.82353,9,39,66
69,2,5.91304,9,41,68
70,2,5.91429,9,42,69
71,2,5.91549,9,43,70
72,2,5.83333,9,43,70
73,2,5.83562,9,44,71
74,2,6.08108,9,48,75
75,2,6.16,9,50,77
76,2,6.15789,9,51,78
77,2,6.15584,9,52,79
78,2,6.07692,9,52,79
79,2,6.07595,9,53,80
80,2,6.075,9,54,81
81,2,6,9,54,81
82,2,6.07317,9,56,83
83,2,6.07229,9,57,84
84,2,6.14286,9,59,86
85,2,6.07059,9,59,86
86,2,6,9,59,86
87,2,5.93103,9,59,86
88,2,5.93182,9,60,87
89,2,5.93258,9,61,88
90,2,5.86667,9,61,88
91,2,5.86813,9,62,89
92,2,5.86957,9,63,90
93,2,5.87097,9,64,91
94,2,5.87234,9,65,92
95,2,5.87368,9,66,93
96,2,5.875,9,67,94
97,2,5.87629,9,68,95
98,2,5.81633,9,68,95
99,2,5.87879,9,70,97
100,2,5.88,9,71,98
101,2,5.82178,9,71,98
102,2,5.76471,9,71,98
103,2,5.94175,9,75,102
104,2,5.88462,9,75,102
105,2,5.82857,9,75,102
106,2,6,9,79,106
107,2,5.94393,9,79,106
108,2,5.88889,8,0,106
109,2,5.83486,8,0,106
110,2,5.83636,8,1,107
111,2,5.83784,8,2,108
112,2,5.83929,8,3,109
113,2,5.78761,8,3,109
114,2,5.73684,8,3,109
115,2,5.7913,8,5,111
116,2,5.7931,8,6,112
117,2,5.79487,8,7,113
118,2,5.79661,8,8,114
119,2,5.7479,8,8,114
120,2,5.75,8,9,115
121,2,5.75207,8,10,116
122,2,5.7541,8,11,117
123,2,6,8,17,123
124,2,6,8,18,124
125,2,6.24,8,24,130
126,2,6.2381,8,25,131
127,2,6.47244,8,31,137
128,2,6.51562,8,33,139
129,2,6.51163,8,34,140
130,2,6.46154,8,34,140
131,2,6.45802,8,35,141
132,2,6.45455,8,36,142
133,2,6.45113,8,37,143
134,2,6.44776,8,38,144
135,3,6.44444,8,39,145
136,3,6.44118,8,40,146
137,3,6.43796,8,41,147
138,3,6.3913,8,41,147
139,3,6.51799,8,45,151
140,3,6.55714,8,47,153
141,3,6.55319,8,48,154
142,3,6.5493,8,49,155
143,3,6.5035,8,49,155
144,3,6.45833,8,49,155
145,3,6.53793,8,52,158
146,3,6.57534,8,54,160
147,3,6.53061,7,0,160
148,3,6.52703,7,1,161
149,3,6.48322,7,1,161
150,3,6.48,7,2,162
151,3,6.47682,7,3,163
152,3,6.47368,7,4,164
153,3,6.43137,7,4,164
154,3,6.42857,7,5,165
155,3,6.42581,7,6,166
156,3,6.38462,6,0,166
157,3,6.38217,6,1,167
158,3,6.37975,6,2,168
159,3,6.37736,6,3,169
160,3,6.375,6,4,170
161,3,6.40994,6,6,172
162,3,6.40741,6,7,173
163,3,6.40491,6,8,174
164,3,6.36585,6,8,174
165,3,6.32727,6,8,174
166,3,6.50602,6,14,180
167,3,6.53892,6,16,182
168,3,6.64286,6,20,186
169,3,6.67456,6,22,188
170,3,6.67059,6,23,189
171,3,6.66667,6,24,190
172,3,6.76744,6,28,194
173,3,6.76301,6,29,195
174,3,6.75862,6,30,196
175,3,6.75429,6,31,197
176,3,6.92045,6,37,203
177,3,6.88136,6,37,203
178,3,6.8764,6,38,204
179,3,6.83799,6,38,204
180,3,6.83333,6,39,205
181,3,6.99448,6,45,211
182,3,7.08791,6,49,215
183,3,7.2459,6,55,221
184,3,7.27174,6,57,223
185,3,7.26486,6,58,224
186,3,7.35484,6,62,228
187,3,7.34759,6,63,229
188,3,7.37234,6,65,231
189,3,7.39683,6,67,233
190,3,7.38947,6,68,234
191,3,7.41361,6,70,236
192,3,7.375,6,70,236
193,3,7.36788,6,71,237
194,3,7.36082,6,72,238
195,3,7.38462,6,74,240
196,3,7.37755,6,75,241
