1,0,0,10,0,0
2,0,0,10,0,0
3,0,0,10,0,0
4,0,0,10,0,0
5,0,0,10,0,0
6,0,4,10,4,4
7,0,3.42857,10,4,4
8,0,3,10,4,4
9,0,2.66667,10,4,4
10,0,2.4,10,4,4
11,0,2.18182,10,4,4
12,0,2,10,4,4
13,0,1.84615,10,4,4
14,0,1.71429,10,4,4
15,0,1.6,10,4,4
16,0,3,10,8,8
17,0,3.17647,10,9,9
18,0,3.33333,10,10,10
19,0,3.15789,10,10,10
20,0,3.3,10,11,11
21,0,4.28571,10,15,15
22,0,4.09091,10,15,15
23,0,3.91304,10,15,15
24,0,3.75,10,15,15
25,0,3.6,10,15,15
26,0,3.69231,10,16,16
27,0,3.55556,10,16,16
28,0,3.42857,10,16,16
29,0,3.51724,10,17,17
30,0,3.4,10,17,17
31,0,3.29032,10,17,17
32,0,3.375,10,18,18
33,0,3.27273,9,0,18
34,0,3.17647,9,0,18
35,0,3.08571,9,0,18
36,0,3,9,0,18
37,0,2.91892,9,0,18
38,0,2.84211,9,0,18
39,0,2.92308,9,1,19
40,0,2.85,9,1,19
41,0,2.78049,9,1,19
42,0,2.71429,9,1,19
43,0,2.65116,9,1,19
44,0,2.59091,9,1,19
45,0,2.66667,9,2,20
46,0,2.73913,9,3,21
47,0,2.68085,9,3,21
48,0,3.125,9,7,25
49,0,3.06122,9,7,25
50,0,3,9,7,25
51,0,2.94118,9,7,25
52,0,3,9,8,26
53,0,2.9434,9,8,26
54,0,3.33333,9,12,30
55,0,3.27273,9,12,30
56,0,3.21429,8,0,30
57,0,3.15789,8,0,30
58,0,3.10345,8,0,30
59,0,3.05085,8,0,30
60,0,3.2,8,2,32
61,0,3.14754,8,2,32
62,0,3.09677,8,2,32
63,0,3.04762,8,2,32
64,0,3,8,2,32
65,0,2.95385,8,2,32
66,0,2.90909,8,2,32
67,0,2.86567,8,2,32
68,0,2.82353,8,2,32
69,0,3.13043,8,6,36
70,0,3.42857,8,10,40
71,0,3.71831,8,14,44
72,0,3.75,8,15,45
73,0,3.69863,8,15,45
74,0,3.64865,8,15,45
75,1,3.68,8,16,46
76,1,3.63158,8,16,46
77,1,3.58442,8,16,46
78,1,3.61538,8,17,47
79,1,3.56962,8,17,47
80,1,3.525,8,17,47
81,1,3.77778,8,21,51
82,1,3.73171,8,21,51
83,1,3.83133,8,23,53
84,1,4.07143,8,27,57
85,1,4.09412,8,28,58
86,1,4.04651,8,28,58
87,1,4,8,28,58
88,1,4.02273,8,29,59
89,1,4.04494,8,30,60
90,1,4,8,30,60
91,1,4.21978,8,34,64
92,1,4.17391,8,34,64
93,1,4.12903,8,34,64
94,1,4.14894,8,35,65
95,1,4.10526,8,35,65
96,1,4.0625,8,35,65
97,1,4.02062,8,35,65
98,1,3.97959,8,35,65
99,1,4,8,36,66
100,1,3.96,8,36,66
101,1,3.9802,8,37,67
102,1,4,8,38,68
103,1,4.01942,8,39,69
104,1,4.03846,8,40,70
105,1,4.05714,8,41,71
106,1,4.07547,8,42,72
107,1,4.03738,8,42,72
108,1,4,8,42,72
109,1,3.9633,8,42,72
110,1,3.98182,8,43,73
111,1,4,8,44,74
112,1,4.01786,8,45,75
113,1,4.0354,8,46,76
114,1,4,8,46,76
115,1,4.01739,8,47,77
116,1,3.98276,8,47,77
117,1,3.94872,8,47,77
118,1,4.01695,8,49,79
119,1,3.98319,8,49,79
120,1,3.95,7,0,79
121,1,3.91736,7,0,79
122,1,3.88525,7,0,79
123,1,3.90244,7,1,80
124,1,3.87097,7,1,80
125,1,3.84,7,1,80
126,1,3.80952,7,1,80
127,1,3.77953,7,1,80
128,1,3.79688,7,2,81
129,1,3.95349,7,6,85
130,1,3.92308,6,0,85
131,1,3.93893,6,1,86
132,1,3.95455,6,2,87
133,1,3.96992,6,3,88
134,1,3.98507,6,4,89
135,1,3.95556,6,4,89
136,1,3.97059,6,5,90
137,1,3.94161,6,5,90
138,1,3.91304,6,5,90
139,1,3.88489,6,5,90
140,1,3.85714,6,5,90
141,1,3.82979,6,5,90
142,1,3.84507,6,6,91
143,1,3.86014,6,7,92
144,1,3.83333,6,7,92
145,1,3.97241,6,11,96
146,1,3.9863,6,12,97
147,1,3.95918,6,12,97
148,1,3.97297,6,13,98
149,5,4.10738,6,17,102
150,5,4.08,6,17,102
151,5,4.09272,6,18,103
152,5,4.10526,6,19,104
153,5,4.07843,6,19,104
154,5,4.09091,6,20,105
155,5,4.06452,6,20,105
156,5,4.07692,6,21,106
157,5,4.05096,6,21,106
158,5,4.06329,6,22,107
159,5,4.18868,6,26,111
160,5,4.2,6,27,112
161,5,4.17391,6,27,112
162,5,4.18519,6,28,113
163,5,4.30675,6,32,117
164,5,4.28049,6,32,117
165,5,4.29091,6,33,118
166,5,4.26506,6,33,118
167,5,4.27545,6,34,119
168,5,4.25,6,34,119
169,5,4.26036,6,35,120
170,5,4.27059,6,36,121
171,5,4.2807,6,37,122
172,5,4.25581,6,37,122
173,5,4.2659,6,38,123
174,5,4.27586,6,39,124
175,5,4.28571,6,40,125
176,5,4.29545,6,41,126
177,5,4.27119,6,41,126
178,5,4.2809,6,42,127
179,5,4.2905,6,43,128
180,5,4.26667,6,43,128
181,5,4.27624,6,44,129
182,5,4.25275,6,44,129
183,5,4.2623,6,45,130
184,5,4.27174,6,46,131
185,5,4.24865,6,46,131
186,5,4.22581,6,46,131
187,5,4.23529,6,47,132
188,5,4.24468,6,48,133
189,5,4.25397,6,49,134
190,5,4.26316,6,50,135
191,5,4.24084,6,50,135
192,5,4.28125,6,52,137
193,5,4.29016,6,53,138
194,5,4.26804,6,53,138
195,5,4.24615,6,53,138
196,5,4.22449,6,53,138
197,5,4.2335,6,54,139
198,5,4.24242,6,55,140
199,5,4.22111,6,55,140
200,5,4.2,6,55,140
201,5,4.20896,6,56,141
202,5,4.21782,6,57,142
203,5,4.19704,6,57,142
204,5,4.20588,6,58,143
205,5,4.21463,6,59,144
206,5,4.2233,6,60,145
207,6,4.23188,6,61,146
208,6,4.21154,6,61,146
209,6,4.19139,6,61,146
210,6,4.2,6,62,147
211,6,4.20853,6,63,148
212,6,4.21698,6,64,149
213,6,4.19718,6,64,149
214,6,4.17757,6,64,149
215,6,4.18605,6,65,150
216,6,4.16667,6,65,150
217,6,4.17512,6,66,151
218,6,4.18349,6,67,152
219,6,4.19178,6,68,153
220,6,4.2,6,69,154
221,6,4.20814,6,70,155
222,6,4.21622,6,71,156
223,6,4.22422,6,72,157
224,6,4.20536,5,0,157
225,6,4.21333,5,1,158
226,6,4.19469,5,1,158
227,6,4.17621,5,1,158
228,6,4.18421,5,2,159
229,6,4.21834,5,4,161
230,6,4.2,5,4,161
231,6,4.20779,5,5,162
232,6,4.2931,5,9,166
233,6,4.27468,5,9,166
234,6,4.28205,5,10,167
235,6,4.26383,5,10,167
236,6,4.27119,5,11,168
237,6,4.27848,5,12,169
238,6,4.28571,5,13,170
239,6,4.29289,5,14,171
240,6,4.375,5,18,175
241,6,4.38174,5,19,176
242,6,4.38843,5,20,177
243,6,4.39506,5,21,178
244,6,4.37705,5,21,178
245,6,4.38367,5,22,179
246,6,4.39024,5,23,180
247,6,4.37247,5,23,180
248,6,4.37903,5,24,181
249,6,4.45783,5,28,185
250,6,4.44,5,28,185
251,6,4.42231,5,28,185
252,6,4.42857,5,29,186
253,6,4.50593,5,33,190
254,6,4.51181,5,34,191
255,6,4.51765,5,35,192
256,6,4.54688,5,37,194
257,6,4.55253,5,38,195
258,6,4.55814,5,39,196
259,6,4.56371,5,40,197
260,6,4.56923,5,41,198
261,6,4.55172,5,41,198
262,6,4.55725,5,42,199
263,6,4.56274,5,43,200
264,6,4.56818,5,44,201
265,6,4.57358,5,45,202
266,6,4.55639,5,45,202
267,6,4.53933,5,45,202
268,6,4.54478,5,46,203
269,6,4.55019,5,47,204
270,6,4.53333,5,47,204
271,6,4.51661,5,47,204
272,6,4.52206,5,48,205
273,6,4.54945,5,50,207
274,6,4.53285,5,50,207
275,6,4.53818,5,51,208
276,6,4.54348,5,52,209
277,6,4.54874,5,53,210
278,6,4.55396,5,54,211
279,6,4.55914,5,55,212
280,6,4.56429,5,56,213
281,6,4.5694,5,57,214
282,6,4.55319,5,57,214
283,7,4.5583,5,58,215
284,7,4.58451,5,60,217
285,7,4.61053,5,62,219
286,7,4.61538,5,63,220
287,7,4.5993,5,63,220
288,7,4.58333,5,63,220
289,7,4.56747,5,63,220
290,7,4.57241,5,64,221
291,7,4.59794,5,66,223
292,7,4.66438,5,70,227
293,7,4.64846,5,70,227
294,7,4.71429,5,74,231
295,7,4.71864,5,75,232
296,7,4.7027,4,0,232
297,8,4.70707,4,1,233
298,9,4.71141,4,2,234
299,9,4.69565,4,2,234
300,9,4.68,3,0,234
301,9,4.68439,3,1,235
302,9,4.68874,3,2,236
303,9,4.67327,3,2,236
304,9,4.77632,3,8,242
305,9,4.83934,3,12,246