1,0,0,10,0,0
2,0,0,10,0,0
3,0,2,10,1,1
4,0,7.5,10,5,5
5,0,7.2,10,6,6
6,0,6,10,6,6
7,1,6,10,7,7
8,1,5.25,10,7,7
9,1,4.66667,10,7,7
10,1,4.2,10,7,7
11,1,3.81818,10,7,7
12,1,3.5,10,7,7
13,1,3.69231,10,8,8
14,1,3.42857,10,8,8
15,1,3.2,10,8,8
16,1,4.5,10,12,12
17,1,4.58824,10,13,13
18,1,4.33333,10,13,13
19,1,4.42105,10,14,14
20,2,4.5,10,15,15
21,2,4.28571,9,0,15
22,2,4.09091,9,0,15
23,2,3.91304,9,0,15
24,2,4.25,9,2,17
25,2,4.08,9,2,17
26,2,3.92308,9,2,17
27,2,5.11111,9,8,23
28,2,4.92857,9,8,23
29,2,4.75862,9,8,23
30,2,4.6,9,8,23
31,2,4.45161,9,8,23
32,2,4.6875,9,10,25
33,2,4.54545,9,10,25
34,2,4.76471,9,12,27
35,2,5.14286,9,15,30
36,2,5,9,15,30
37,2,4.86486,9,15,30
38,2,4.89474,9,16,31
39,2,4.92308,9,17,32
40,2,4.8,8,0,32
41,2,4.68293,8,0,32
42,3,4.71429,8,1,33
43,3,4.60465,8,1,33
44,3,4.5,8,1,33
45,7,4.93333,8,5,37
46,7,5.34783,8,9,41
47,7,5.48936,8,11,43
48,7,5.375,8,11,43
49,7,5.26531,8,11,43
50,7,5.28,8,12,44
51,7,5.64706,8,16,48
52,7,5.53846,8,16,48
53,7,5.43396,8,16,48
54,7,5.33333,8,16,48
55,7,5.67273,8,20,52
56,7,5.57143,8,20,52
57,7,5.47368,8,20,52
58,7,5.37931,8,20,52
59,7,5.28814,8,20,52
60,7,5.2,8,20,52
61,7,5.11475,8,20,52
62,7,5.12903,8,21,53
63,7,5.04762,8,21,53
64,7,4.96875,8,21,53
65,7,4.89231,8,21,53
66,7,4.81818,8,21,53
67,7,4.92537,8,23,55
68,7,5.02941,8,25,57
69,7,4.95652,8,25,57
70,8,4.97143,8,26,58
71,8,4.90141,8,26,58
72,8,4.83333,8,26,58
73,8,4.76712,8,26,58
74,8,4.7027,8,26,58
75,8,4.72,8,27,59
76,8,4.65789,8,27,59
77,9,4.67532,8,28,60
78,9,4.61538,8,28,60
79,9,4.70886,8,30,62
80,9,4.65,8,30,62
81,9,4.59259,8,30,62
82,9,4.53659,8,30,62
83,9,4.48193,8,30,62
84,9,4.42857,8,30,62
85,9,4.44706,8,31,63
86,9,4.39535,8,31,63
87,9,4.34483,8,31,63
88,9,4.70455,8,37,69
89,9,4.65169,8,37,69
90,9,4.6,8,37,69
91,9,4.54945,8,37,69
92,9,4.5,7,0,69
93,10,4.51613,7,1,70
94,10,4.59574,7,3,72
95,10,4.54737,7,3,72
96,10,4.5,7,3,72
97,10,4.45361,7,3,72
98,11,4.46939,7,4,73
99,11,4.48485,7,5,74
100,11,4.5,7,6,75
101,11,4.57426,7,8,77
102,11,4.52941,7,8,77
103,11,4.48544,7,8,77
104,11,4.44231,6,0,77
105,11,4.45714,6,1,78
106,11,4.4717,6,2,79
107,11,4.42991,6,2,79
108,11,4.5,6,4,81
109,11,4.45872,6,4,81
110,11,4.63636,6,8,85
111,11,4.59459,6,8,85
112,11,4.55357,6,8,85
113,11,4.56637,6,9,86
114,11,4.57895,6,10,87
115,11,4.53913,6,10,87
116,11,4.5,6,10,87
117,11,4.46154,6,10,87
118,11,4.42373,6,10,87
119,11,4.43697,6,11,88
120,11,4.45,6,12,89
121,11,4.46281,6,13,90
122,11,4.42623,6,13,90
123,11,4.39024,6,13,90
124,11,4.40323,6,14,91
125,11,4.368,6,14,91
126,11,4.33333,6,14,91
127,11,4.48819,6,18,95
128,11,4.45312,6,18,95
129,11,4.4186,6,18,95
130,11,4.43077,6,19,96
131,11,4.44275,6,20,97
132,11,4.40909,6,20,97
133,11,4.42105,6,21,98
134,11,4.43284,6,22,99
135,11,4.4,6,22,99
136,11,4.36765,6,22,99
137,11,4.37956,6,23,100
138,11,4.34783,6,23,100
139,11,4.40288,6,25,102
140,11,4.37143,6,25,102
141,11,4.34043,6,25,102
142,11,4.30986,6,25,102
143,11,4.32168,6,26,103
144,11,4.29167,6,26,103
145,11,4.38621,6,29,106
146,11,4.35616,6,29,106
147,11,4.32653,6,29,106
148,11,4.33784,6,30,107
149,12,4.34899,6,31,108
150,13,4.36,6,32,109
151,13,4.33113,6,32,109
152,13,4.46053,6,36,113
153,13,4.43137,6,36,113
154,13,4.44156,6,37,114
155,13,4.45161,6,38,115
156,13,4.46154,6,39,116
157,13,4.43312,6,39,116
158,13,4.40506,6,39,116
159,13,4.5283,6,43,120
160,13,4.5375,6,44,121
161,13,4.54658,6,45,122
162,13,4.51852,6,45,122
163,13,4.4908,6,45,122
164,13,4.60976,6,49,126
165,13,4.58182,6,49,126
166,13,4.59036,6,50,127
167,13,4.56287,6,50,127
168,13,4.53571,6,50,127
169,13,4.50888,6,50,127
170,13,4.51765,6,51,128
171,13,4.49123,6,51,128
172,13,4.5,6,52,129
173,13,4.50867,6,53,130
174,13,4.48276,6,53,130
175,13,4.45714,6,53,130
176,13,4.43182,6,53,130
177,13,4.47458,6,55,132
178,13,4.44944,5,0,132
179,13,4.4581,5,1,133
180,13,4.43333,5,1,133
181,13,4.44199,5,2,134
182,13,4.41758,5,2,134
183,13,4.39344,5,2,134
184,13,4.36957,5,2,134
185,14,4.37838,5,3,135
186,14,4.48387,5,7,139
187,14,4.58824,5,11,143
188,14,4.59574,5,12,144
189,14,4.57143,5,12,144
190,14,4.54737,5,12,144
191,14,4.52356,5,12,144
192,14,4.5,5,12,144
193,14,4.47668,5,12,144
194,14,4.45361,5,12,144
195,14,4.43077,5,12,144
196,14,4.40816,5,12,144
197,14,4.38579,4,0,144
198,14,4.36364,4,0,144
199,14,4.34171,4,0,144
200,14,4.32,4,0,144
201,14,4.29851,4,0,144
202,14,4.33663,4,2,146
203,14,4.31527,4,2,146
204,14,4.29412,4,2,146
205,14,4.27317,4,2,146
206,14,4.25243,4,2,146
207,14,4.23188,4,2,146
208,14,4.21154,4,2,146
209,14,4.19139,4,2,146
210,14,4.17143,4,2,146
211,14,4.15166,4,2,146
212,14,4.13208,4,2,146
213,14,4.11268,4,2,146
214,14,4.09346,4,2,146
215,14,4.10233,4,3,147
216,14,4.08333,4,3,147
217,14,4.06452,4,3,147
218,14,4.04587,4,3,147
219,14,4.0274,4,3,147
220,14,4.00909,4,3,147
221,14,3.99095,4,3,147
222,14,3.97297,4,3,147
223,14,3.95516,4,3,147
224,14,3.96429,4,4,148
225,14,3.97333,4,5,149
226,14,3.95575,4,5,149
227,14,3.93833,4,5,149
228,14,3.92105,4,5,149
229,14,4.00873,4,9,153
230,14,4.04348,4,11,155
231,14,4.05195,4,12,156
232,14,4.06034,4,13,157
233,14,4.04292,4,13,157
234,14,4.02564,4,13,157
235,14,4.00851,4,13,157
236,14,4.01695,4,14,158
237,14,4.05063,4,16,160
238,14,4.03361,4,16,160
239,14,4.04184,4,17,161
240,14,4.025,3,0,161
241,14,4.0083,3,0,161
242,14,3.99174,3,0,161
243,14,3.97531,3,0,161
244,14,3.95902,3,0,161
245,14,3.94286,3,0,161
246,15,3.95122,3,1,162
247,15,3.95951,3,2,163
248,15,3.94355,2,0,163
249,15,3.95181,2,1,164
250,15,3.96,2,2,165
251,15,3.94422,2,2,165
252,15,3.92857,2,2,165
253,15,3.91304,2,2,165
254,16,3.92126,2,3,166
255,16,3.90588,2,3,166
256,16,3.91406,2,4,167
257,16,3.92218,2,5,168
258,16,3.90698,1,0,168
259,16,3.89189,1,0,168
260,16,3.87692,1,0,168
261,16,3.86207,1,0,168
262,16,3.87023,1,1,169
263,16,3.85551,1,1,169
264,16,3.86364,1,2,170
265,16,3.84906,1,2,170
266,16,3.85714,1,3,171
267,16,3.8427,1,3,171
268,16,3.82836,1,3,171
269,17,3.83643,1,4,172
270,17,3.82222,1,4,172
271,17,3.83026,1,5,173
272,17,3.83824,1,6,174
273,17,3.82418,1,6,174
274,17,3.81022,1,6,174
275,17,3.79636,0,0,174