1,0,0,10,0,0
2,0,0,10,0,0
3,0,0,10,0,0
4,0,3,10,2,2
5,0,2.4,10,2,2
6,0,2,10,2,2
7,0,2.57143,10,3,3
8,0,3.75,10,5,5
9,0,3.33333,10,5,5
10,0,4.2,10,7,7
11,0,4.90909,10,9,9
12,0,4.5,10,9,9
13,0,4.15385,10,9,9
14,0,3.85714,10,9,9
15,0,5.2,10,13,13
16,0,4.875,10,13,13
17,0,4.58824,10,13,13
18,0,4.66667,10,14,14
19,0,4.42105,10,14,14
20,0,4.5,10,15,15
21,0,4.57143,10,16,16
22,0,4.36364,9,0,16
23,0,4.17391,9,0,16
24,0,4,9,0,16
25,0,3.84,9,0,16
26,0,3.92308,9,1,17
27,0,3.77778,9,1,17
28,0,3.64286,9,1,17
29,0,3.72414,9,2,18
30,0,3.8,9,3,19
31,0,3.67742,9,3,19
32,0,3.75,9,4,20
33,0,3.63636,9,4,20
34,0,3.52941,9,4,20
35,0,3.42857,9,4,20
36,0,3.33333,9,4,20
37,0,3.24324,9,4,20
38,0,3.15789,9,4,20
39,0,3.23077,9,5,21
40,0,3.15,9,5,21
41,0,3.36585,9,7,23
42,0,3.28571,9,7,23
43,0,3.34884,9,8,24
44,0,3.27273,8,0,24
45,0,3.2,8,0,24
46,0,3.13043,8,0,24
47,0,3.06383,8,0,24
48,0,3,8,0,24
49,0,3.06122,8,1,25
50,0,3,8,1,25
51,0,2.94118,8,1,25
52,4,3.34615,8,5,29
53,4,3.28302,8,5,29
54,4,3.22222,8,5,29
55,4,3.16364,8,5,29
56,4,3.10714,8,5,29
57,4,3.05263,8,5,29
58,4,3,8,5,29
59,4,2.94915,8,5,29
60,4,2.9,7,0,29
61,4,2.85246,7,0,29
62,4,2.80645,7,0,29
63,4,2.95238,7,2,31
64,4,2.90625,7,2,31
65,4,2.86154,7,2,31
66,4,2.81818,7,2,31
67,4,2.77612,7,2,31
68,5,2.82353,7,3,32
69,5,2.78261,7,3,32
70,5,2.74286,7,3,32
71,5,2.78873,7,4,33
72,5,2.83333,7,5,34
73,5,3.12329,7,9,38
74,5,3.08108,7,9,38
75,5,3.04,7,9,38
76,6,3.07895,7,10,39
77,6,3.03896,7,10,39
78,6,3,7,10,39
79,6,2.96203,7,10,39
80,6,2.925,7,10,39
81,6,2.88889,7,10,39
82,6,2.85366,6,0,39
83,6,2.81928,6,0,39
84,7,2.85714,6,1,40
85,7,2.82353,6,1,40
86,7,2.7907,6,1,40
87,7,2.75862,6,1,40
88,7,2.72727,5,0,40
89,7,2.69663,5,0,40
90,7,2.66667,5,0,40
91,7,2.63736,5,0,40
92,7,2.6087,5,0,40
93,7,2.58065,5,0,40
94,7,2.61702,5,1,41
95,7,2.58947,5,1,41
96,7,2.5625,5,1,41
97,7,2.59794,5,2,42
98,7,2.57143,5,2,42
99,7,2.54545,5,2,42
100,7,2.52,5,2,42
101,7,2.49505,5,2,42
102,7,2.47059,5,2,42
103,7,2.4466,5,2,42
104,7,2.42308,5,2,42
105,7,2.4,5,2,42
106,7,2.37736,5,2,42
107,7,2.35514,5,2,42
108,7,2.33333,5,2,42
109,7,2.31193,5,2,42
110,7,2.4,5,4,44
111,7,2.48649,5,6,46
112,7,2.51786,5,7,47
113,7,2.49558,5,7,47
114,7,2.47368,5,7,47
115,7,2.45217,5,7,47
116,7,2.43103,5,7,47
117,7,2.41026,4,0,47
118,7,2.38983,4,0,47
119,7,2.57143,4,4,51
120,7,2.55,4,4,51
121,7,2.52893,4,4,51
122,7,2.5082,4,4,51
123,7,2.78049,4,10,57
124,7,2.75806,4,10,57
125,7,2.736,4,10,57
126,7,2.71429,4,10,57
127,7,2.69291,4,10,57
128,7,2.67188,4,10,57
129,7,2.69767,4,11,58
130,7,2.67692,4,11,58
131,7,2.83969,4,15,62
132,7,2.81818,4,15,62
133,7,2.79699,4,15,62
134,7,2.77612,4,15,62
135,7,2.75556,4,15,62
136,7,2.73529,4,15,62
137,7,2.71533,4,15,62
138,7,2.69565,4,15,62
139,7,2.67626,4,15,62
140,7,2.7,4,16,63
141,7,2.68085,4,16,63
142,7,2.66197,4,16,63
143,7,2.68531,4,17,64
144,7,2.66667,4,17,64
145,7,2.64828,4,17,64
146,7,2.79452,4,21,68
147,7,2.77551,4,21,68
148,7,2.75676,4,21,68
149,7,2.77852,4,22,69
150,7,2.76,4,22,69
151,7,2.78146,4,23,70
152,7,2.76316,4,23,70
153,7,2.7451,4,23,70
154,7,2.76623,4,24,71
155,7,2.74839,4,24,71
156,7,2.73077,4,24,71
157,7,2.71338,4,24,71
158,7,2.6962,4,24,71
159,7,2.67925,4,24,71
160,7,2.6625,4,24,71
161,7,2.64596,4,24,71
162,7,2.66667,4,25,72
163,7,2.68712,4,26,73
164,8,2.70732,4,27,74
165,8,2.69091,4,27,74
166,8,2.81928,4,31,78
167,8,2.8024,4,31,78
168,8,2.78571,4,31,78
169,8,2.76923,4,31,78
170,8,2.75294,4,31,78
171,8,2.77193,4,32,79
172,8,2.75581,4,32,79
173,8,2.80925,4,34,81
174,8,2.82759,4,35,82
175,8,2.84571,4,36,83
176,8,2.86364,4,37,84
177,8,2.88136,4,38,85
178,8,2.86517,4,38,85
179,8,2.84916,4,38,85
180,8,2.96667,4,42,89
181,8,2.98343,4,43,90
182,8,2.96703,4,43,90
183,8,2.95082,4,43,90
184,8,2.96739,4,44,91
185,8,2.98378,4,45,92
186,8,2.96774,4,45,92
187,8,2.95187,4,45,92
188,8,2.93617,4,45,92
189,8,2.92063,4,45,92
190,8,2.90526,4,45,92
191,8,2.92147,4,46,93
192,8,2.90625,4,46,93
193,8,2.89119,4,46,93
194,8,2.87629,4,46,93
195,8,2.89231,4,47,94
196,8,2.87755,4,47,94
197,9,2.8934,4,48,95
198,9,2.87879,3,0,95
199,9,2.86432,3,0,95
200,9,2.85,3,0,95
201,9,2.83582,3,0,95
202,9,2.82178,3,0,95
203,9,2.80788,3,0,95
204,9,2.79412,3,0,95
205,9,2.89756,3,4,99
206,9,2.91262,3,5,100
207,9,2.92754,3,6,101
208,9,2.91346,3,6,101
209,9,2.92823,3,7,102
210,9,2.94286,3,8,103
211,9,3.04265,3,12,107
212,9,3.0283,3,12,107
213,9,3.12676,3,16,111
214,9,3.11215,3,16,111
215,9,3.09767,3,16,111
216,9,3.11111,3,17,112
217,9,3.09677,3,17,112
218,9,3.08257,3,17,112
219,9,3.09589,3,18,113
220,10,3.10909,3,19,114
221,10,3.09502,3,19,114
222,10,3.10811,3,20,115
223,10,3.09417,3,20,115
224,10,3.08036,3,20,115
225,10,3.09333,3,21,116
226,10,3.18584,3,25,120
227,10,3.17181,2,0,120
228,10,3.15789,2,0,120
229,10,3.1441,2,0,120
230,10,3.15652,2,1,121
231,10,3.14286,2,1,121
232,10,3.12931,2,1,121
233,11,3.14163,2,2,122
234,11,3.15385,2,3,123
235,11,3.14043,2,3,123
236,11,3.15254,2,4,124
237,11,3.24051,2,8,128
238,11,3.22689,2,8,128
239,11,3.21339,2,8,128
240,12,3.225,2,9,129
241,12,3.23651,2,10,130
242,13,3.24793,2,11,131
243,13,3.25926,2,12,132
244,13,3.27049,2,13,133
245,13,3.28163,2,14,134
246,13,3.26829,2,14,134
247,13,3.27935,2,15,135
248,14,3.29032,2,16,136
249,14,3.27711,2,16,136
250,14,3.264,2,16,136
251,14,3.251,2,16,136
252,14,3.2619,2,17,137
253,14,3.27273,2,18,138
254,14,3.28346,2,19,139
255,14,3.29412,2,20,140
256,14,3.32812,2,22,142
257,15,3.33852,2,23,143
258,16,3.34884,2,24,144
259,16,3.33591,2,24,144
260,16,3.32308,2,24,144
261,16,3.33333,2,25,145
262,16,3.34351,2,26,146
263,16,3.3308,2,26,146
264,16,3.31818,2,26,146
265,16,3.3283,2,27,147
266,16,3.33835,2,28,148
267,16,3.32584,2,28,148
268,16,3.31343,2,28,148
269,17,3.32342,2,29,149
270,17,3.33333,2,30,150
271,19,3.36531,2,32,152
272,19,3.35294,2,32,152
273,19,3.36264,2,33,153
274,19,3.35036,2,33,153
275,19,3.36,2,34,154
276,19,3.36957,2,35,155
277,19,3.37906,2,36,156
278,20,3.38849,2,37,157
279,20,3.39785,2,38,158
280,20,3.38571,1,0,158
281,20,3.37367,1,0,158
282,20,3.3617,1,0,158
283,21,3.37102,1,1,159
284,21,3.35915,1,1,159
285,21,3.34737,1,1,159
286,21,3.33566,1,1,159
287,21,3.34495,1,2,160
288,21,3.33333,1,2,160
289,21,3.34256,1,3,161
290,21,3.33103,1,3,161
291,21,3.31959,1,3,161
292,21,3.30822,1,3,161
293,21,3.29693,1,3,161
294,21,3.28571,1,3,161
295,21,3.39661,1,9,167
296,21,3.38514,1,9,167
297,21,3.49495,1,15,173
298,24,3.54362,1,18,176
299,24,3.61204,1,22,180
300,24,3.62,1,23,181
301,24,3.60797,1,23,181
302,24,3.59603,0,0,181
