1,5,30,10,5,5
2,5,15,10,5,5
3,5,10,10,5,5
4,5,9,10,6,6
5,5,7.2,10,6,6
6,5,6,10,6,6
7,5,6,10,7,7
8,5,5.25,10,7,7
9,5,4.66667,10,7,7
10,5,6.6,10,11,11
11,5,6,10,11,11
12,6,6,10,12,12
13,6,6,10,13,13
14,6,6,10,14,14
15,6,5.6,10,14,14
16,6,5.25,10,14,14
17,6,4.94118,10,14,14
18,6,4.66667,10,14,14
19,6,4.42105,10,14,14
20,6,5.4,10,18,18
21,6,5.14286,10,18,18
22,6,4.90909,10,18,18
23,6,4.69565,10,18,18
24,6,4.5,10,18,18
25,6,4.32,10,18,18
26,6,4.38462,10,19,19
27,6,5.11111,10,23,23
28,6,5.78571,10,27,27
29,6,5.7931,10,28,28
30,6,5.6,10,28,28
31,6,5.41935,10,28,28
32,6,5.625,10,30,30
33,6,5.45455,10,30,30
34,6,5.29412,10,30,30
35,6,5.14286,10,30,30
36,6,5,10,30,30
37,6,5.18919,10,32,32
38,6,5.05263,10,32,32
39,6,5.53846,10,36,36
40,6,5.4,10,36,36
41,6,5.26829,10,36,36
42,6,5.14286,10,36,36
43,6,5.5814,10,40,40
44,6,5.45455,10,40,40
45,6,5.46667,10,41,41
46,6,5.86957,10,45,45
47,6,5.87234,10,46,46
48,6,5.75,10,46,46
49,6,5.63265,10,46,46
50,6,5.52,10,46,46
51,6,5.76471,10,49,49
52,6,5.65385,10,49,49
53,6,5.54717,10,49,49
54,6,5.55556,10,50,50
55,6,5.67273,10,52,52
56,6,5.57143,10,52,52
57,6,5.47368,10,52,52
58,6,5.48276,10,53,53
59,6,5.38983,10,53,53
60,6,5.3,10,53,53
61,6,5.21311,9,0,53
62,6,5.12903,9,0,53
63,6,5.42857,9,4,57
64,7,5.4375,9,5,58
65,7,5.35385,9,5,58
66,7,5.27273,9,5,58
67,7,5.19403,9,5,58
68,7,5.11765,9,5,58
69,7,5.04348,8,0,58
70,7,4.97143,8,0,58
71,7,4.90141,8,0,58
72,7,4.91667,8,1,59
73,7,4.84932,8,1,59
74,7,4.78378,8,1,59
75,7,4.72,8,1,59
76,7,4.73684,8,2,60
77,7,4.98701,8,6,64
78,7,5,8,7,65
79,8,5.01266,8,8,66
80,8,5.025,8,9,67
81,8,5.25926,8,13,71
82,8,5.19512,8,13,71
83,8,5.13253,7,0,71
84,8,5.07143,7,0,71
85,8,5.01176,7,0,71
86,8,4.95349,7,0,71
87,8,4.89655,7,0,71
88,8,4.84091,7,0,71
89,8,4.85393,7,1,72
90,8,4.8,7,1,72
91,8,4.74725,7,1,72
92,8,4.69565,7,1,72
93,8,4.64516,7,1,72
94,8,4.59574,7,1,72
95,8,4.54737,7,1,72
96,8,4.5,7,1,72
97,8,4.51546,7,2,73
98,8,4.46939,7,2,73
99,8,4.42424,7,2,73
100,8,4.38,7,2,73
101,8,4.33663,7,2,73
102,8,4.29412,7,2,73
103,8,4.25243,7,2,73
104,8,4.21154,7,2,73
105,8,4.17143,7,2,73
106,8,4.13208,7,2,73
107,8,4.09346,7,2,73
108,8,4.05556,7,2,73
109,8,4.01835,7,2,73
110,8,3.98182,7,2,73
111,8,3.94595,7,2,73
112,8,3.96429,7,3,74
113,8,3.9292,7,3,74
114,8,4.10526,7,7,78
115,8,4.12174,7,8,79
116,8,4.08621,7,8,79
117,8,4.10256,7,9,80
118,8,4.0678,7,9,80
119,8,4.03361,7,9,80
120,8,4,7,9,80
121,8,4.16529,7,13,84
122,8,4.13115,7,13,84
123,8,4.09756,7,13,84
124,8,4.06452,7,13,84
125,8,4.08,7,14,85
126,8,4.09524,7,15,86
127,8,4.06299,7,15,86
128,8,4.03125,7,15,86
129,8,4,7,15,86
130,8,3.96923,7,15,86
131,8,3.93893,7,15,86
132,8,3.95455,7,16,87
133,8,3.92481,7,16,87
134,8,3.89552,7,16,87
135,8,3.86667,7,16,87
136,8,3.83824,7,16,87
137,8,3.81022,7,16,87
138,8,3.78261,7,16,87
139,8,3.7554,7,16,87
140,8,3.72857,7,16,87
141,8,3.87234,7,20,91
142,8,3.88732,7,21,92
143,8,3.86014,7,21,92
144,8,3.83333,7,21,92
145,8,3.8069,7,21,92
146,8,3.78082,7,21,92
147,8,3.83673,7,23,94
148,8,3.81081,7,23,94
149,8,3.78523,7,23,94
150,8,3.76,6,0,94
151,8,3.7351,6,0,94
152,8,3.71053,6,0,94
153,8,3.68627,6,0,94
154,8,3.81818,6,4,98
155,8,3.79355,6,4,98
156,8,3.76923,6,4,98
157,8,3.78344,6,5,99
158,8,3.75949,6,5,99
159,8,3.88679,6,9,103
160,8,3.8625,6,9,103
161,8,3.95031,6,12,106
162,8,3.92593,6,12,106
163,8,3.90184,6,12,106
164,8,3.87805,6,12,106
165,8,3.85455,6,12,106
166,8,3.83133,6,12,106
167,8,3.80838,6,12,106
168,8,3.78571,6,12,106
169,8,3.76331,6,12,106
170,8,3.74118,6,12,106
171,8,3.7193,6,12,106
172,8,3.69767,6,12,106
173,8,3.81503,6,16,110
174,8,3.82759,6,17,111
175,8,3.87429,6,19,113
176,8,3.85227,6,19,113
177,8,3.83051,6,19,113
178,8,3.8427,6,20,114
179,8,3.85475,6,21,115
180,8,3.83333,6,21,115
181,8,3.81215,6,21,115
182,8,3.82418,6,22,116
183,8,3.80328,6,22,116
184,8,3.81522,6,23,117
185,8,3.79459,6,23,117
186,8,3.80645,6,24,118
187,8,3.7861,6,24,118
188,8,3.79787,6,25,119
189,8,3.93651,6,30,124
190,8,3.94737,6,31,125
191,8,3.9267,6,31,125
192,9,3.9375,6,32,126
193,9,3.9171,6,32,126
194,9,3.92784,6,33,127
195,9,3.90769,6,33,127
196,9,3.88776,6,33,127
197,9,3.86802,6,33,127
198,9,3.84848,6,33,127
199,9,3.82915,6,33,127
200,9,3.84,6,34,128
201,9,3.8209,6,34,128
202,9,3.83168,6,35,129
203,9,3.81281,6,35,129
204,9,3.82353,6,36,130
205,9,3.80488,6,36,130
206,10,3.81553,6,37,131
207,10,3.7971,6,37,131
208,10,3.77885,6,37,131
209,10,3.78947,6,38,132
210,10,3.8,6,39,133
211,10,3.78199,6,39,133
212,10,3.79245,6,40,134
213,10,3.77465,6,40,134
214,10,3.78505,6,41,135
215,10,3.79535,6,42,136
216,10,3.80556,6,43,137
217,10,3.78802,6,43,137
218,10,3.79817,6,44,138
219,10,3.80822,6,45,139
220,10,3.81818,6,46,140
221,10,3.8009,6,46,140
222,10,3.78378,6,46,140
223,10,3.79372,6,47,141
224,10,3.77679,6,47,141
225,10,3.76,6,47,141
226,13,3.82301,6,50,144
227,14,3.8326,6,51,145
228,14,3.81579,6,51,145
229,14,3.82533,6,52,146
230,14,3.83478,6,53,147
231,14,3.84416,6,54,148
232,14,3.82759,6,54,148
233,14,3.81116,6,54,148
234,14,3.84615,6,56,150
235,14,3.88085,6,58,152
236,14,3.86441,6,58,152
237,14,3.87342,6,59,153
238,14,3.90756,6,61,155
239,14,3.91632,6,62,156
240,14,3.925,6,63,157
241,14,3.90871,6,63,157
242,14,3.94215,6,65,159
243,14,3.92593,5,0,159
244,14,3.93443,5,1,160
245,14,3.96735,5,3,162
246,14,3.97561,5,4,163
247,14,3.98381,5,5,164
248,14,3.96774,5,5,164
249,14,3.95181,5,5,164
250,14,3.936,5,5,164
251,14,3.94422,5,6,165
252,15,3.95238,5,7,166
253,15,3.96047,5,8,167
254,15,3.9685,5,9,168
255,15,3.97647,5,10,169
256,15,3.96094,5,10,169
257,15,3.96887,5,11,170
258,15,3.97674,5,12,171
259,15,3.96139,5,12,171
260,15,3.94615,5,12,171
261,15,3.95402,5,13,172
262,15,3.96183,5,14,173
263,15,3.94677,5,14,173
264,15,3.95455,5,15,174
265,15,3.96226,5,16,175
266,15,3.96992,5,17,176
267,15,3.97753,5,18,177
268,15,4.05224,5,22,181
269,15,4.05948,5,23,182
270,15,4.04444,5,23,182
271,15,4.05166,5,24,183
272,15,4.03676,5,24,183
273,15,4.04396,5,25,184
274,15,4.0292,4,0,184
275,15,4.01455,4,0,184
276,15,4.02174,4,1,185
277,15,4.02888,4,2,186
278,15,4.01439,4,2,186
279,15,4.02151,4,3,187
280,15,4.02857,4,4,188
281,15,4.09964,4,8,192
282,15,4.10638,4,9,193
283,15,4.11307,4,10,194
284,15,4.11972,4,11,195
285,15,4.12632,4,12,196
286,15,4.1958,4,16,200
287,15,4.20209,4,17,201
288,15,4.1875,3,0,201
289,15,4.19377,3,1,202
290,15,4.2,3,2,203
291,15,4.20619,3,3,204
292,15,4.19178,2,0,204
293,15,4.19795,2,1,205
294,16,4.20408,2,2,206
295,16,4.21017,2,3,207
296,16,4.19595,2,3,207
297,16,4.18182,1,0,207
298,16,4.20805,1,2,209
299,16,4.19398,1,2,209
300,16,4.18,0,0,209