1,0,0,10,0,0
2,0,0,10,0,0
3,0,0,10,0,0
4,0,0,10,0,0
5,0,1.2,10,1,1
6,0,2,10,2,2
7,0,3.42857,10,4,4
8,0,3,10,4,4
9,0,3.33333,10,5,5
10,0,3,10,5,5
11,0,3.81818,10,7,7
12,0,5.5,10,11,11
13,0,5.07692,10,11,11
14,1,5.14286,10,12,12
15,1,5.2,10,13,13
16,1,4.875,10,13,13
17,1,4.58824,10,13,13
18,1,4.66667,10,14,14
19,1,4.73684,10,15,15
20,1,4.5,10,15,15
21,1,4.28571,10,15,15
22,1,4.09091,10,15,15
23,1,3.91304,9,0,15
24,2,4,9,1,16
25,2,3.84,9,1,16
26,2,3.69231,9,1,16
27,2,3.77778,9,2,17
28,2,3.64286,9,2,17
29,2,3.51724,9,2,17
30,2,3.4,9,2,17
31,2,3.29032,9,2,17
32,2,3.1875,9,2,17
33,2,3.09091,9,2,17
34,2,3,9,2,17
35,2,3.08571,9,3,18
36,2,3,9,3,18
37,2,3.08108,9,4,19
38,2,3,9,4,19
39,2,2.92308,9,4,19
40,2,2.85,9,4,19
41,2,3.07317,9,6,21
42,2,3,9,6,21
43,2,2.93023,9,6,21
44,2,2.86364,8,0,21
45,2,2.8,8,0,21
46,2,2.73913,8,0,21
47,2,3.19149,8,4,25
48,2,3.125,8,4,25
49,2,3.06122,8,4,25
50,2,3,8,4,25
51,2,3.05882,8,5,26
52,2,3,8,5,26
53,2,3.0566,8,6,27
54,3,3.11111,8,7,28
55,3,3.16364,8,8,29
56,3,3.10714,8,8,29
57,3,3.47368,8,12,33
58,3,3.41379,8,12,33
59,3,3.45763,8,13,34
60,3,3.4,8,13,34
61,3,3.54098,8,15,36
62,4,3.58065,8,16,37
63,4,3.61905,8,17,38
64,5,3.65625,8,18,39
65,5,3.6,8,18,39
66,5,3.54545,8,18,39
67,5,3.49254,8,18,39
68,5,3.44118,8,18,39
69,5,3.3913,8,18,39
70,5,3.68571,8,22,43
71,5,3.71831,8,23,44
72,5,3.75,8,24,45
73,5,3.78082,8,25,46
74,5,3.81081,8,26,47
75,5,4.08,8,30,51
76,5,4.10526,8,31,52
77,5,4.12987,8,32,53
78,5,4.15385,8,33,54
79,5,4.10127,8,33,54
80,5,4.125,8,34,55
81,5,4.14815,8,35,56
82,5,4.09756,8,35,56
83,5,4.04819,8,35,56
84,5,4,8,35,56
85,5,3.95294,8,35,56
86,5,3.97674,8,36,57
87,5,3.93103,8,36,57
88,5,3.88636,8,36,57
89,5,3.91011,8,37,58
90,5,4.26667,8,43,64
91,6,4.28571,8,44,65
92,6,4.30435,8,45,66
93,6,4.32258,8,46,67
94,6,4.34043,8,47,68
95,6,4.54737,8,51,72
96,6,4.5625,8,52,73
97,6,4.57732,8,53,74
98,6,4.59184,8,54,75
99,6,4.54545,8,54,75
100,6,4.56,8,55,76
101,7,4.57426,8,56,77
102,7,4.64706,8,58,79
103,7,4.60194,7,0,79
104,7,4.55769,7,0,79
105,7,4.51429,7,0,79
106,7,4.4717,7,0,79
107,7,4.42991,7,0,79
108,7,4.38889,7,0,79
109,7,4.34862,7,0,79
110,7,4.36364,7,1,80
111,7,4.32432,7,1,80
112,7,4.33929,7,2,81
113,8,4.35398,7,3,82
114,8,4.36842,7,4,83
115,8,4.33043,7,4,83
116,8,4.34483,7,5,84
117,8,4.35897,7,6,85
118,8,4.32203,7,6,85
119,8,4.28571,7,6,85
120,8,4.3,7,7,86
121,8,4.26446,7,7,86
122,8,4.22951,7,7,86
123,8,4.2439,7,8,87
124,8,4.25806,7,9,88
125,8,4.224,7,9,88
126,8,4.38095,7,13,92
127,8,4.3937,7,14,93
128,8,4.45312,7,16,95
129,8,4.46512,7,17,96
130,8,4.43077,7,17,96
131,8,4.58015,7,21,100
132,8,4.54545,7,21,100
133,8,4.55639,7,22,101
134,8,4.52239,7,22,101
135,9,4.53333,7,23,102
136,9,4.5,7,23,102
137,9,4.46715,7,23,102
138,9,4.47826,7,24,103
139,9,4.44604,7,24,103
140,9,4.45714,7,25,104
141,9,4.42553,7,25,104
142,9,4.56338,7,29,108
143,9,4.53147,7,29,108
144,9,4.54167,7,30,109
145,9,4.51034,7,30,109
146,9,4.47945,7,30,109
147,9,4.4898,7,31,110
148,9,4.5,7,32,111
149,9,4.63087,7,36,115
150,9,4.68,7,38,117
151,9,4.68874,7,39,118
152,9,4.69737,7,40,119
153,9,4.7451,7,42,121
154,9,4.79221,7,44,123
155,9,4.8,7,45,124
156,9,4.80769,7,46,125
157,9,4.77707,7,46,125
158,9,4.74684,7,46,125
159,9,4.71698,7,46,125
160,9,4.725,7,47,126
161,9,4.69565,7,47,126
162,9,4.7037,7,48,127
163,9,4.82209,7,52,131
164,9,4.82927,7,53,132
165,9,4.83636,7,54,133
166,9,4.80723,7,54,133
167,9,4.81437,7,55,134
168,9,4.82143,7,56,135
169,9,4.7929,7,56,135
170,9,4.76471,7,56,135
171,9,4.87719,7,60,139
172,10,4.88372,7,61,140
173,10,4.89017,7,62,141
174,10,4.89655,7,63,142
175,10,4.86857,7,63,142
176,10,4.84091,7,63,142
177,10,4.81356,7,63,142
178,10,4.82022,7,64,143
179,10,4.7933,7,64,143
180,10,4.76667,7,64,143
181,10,4.77348,7,65,144
182,10,4.78022,7,66,145
183,10,4.7541,7,66,145
184,10,4.76087,7,67,146
185,10,4.73514,7,67,146
186,10,4.70968,7,67,146
187,10,4.71658,7,68,147
188,10,4.7234,7,69,148
189,10,4.69841,7,69,148
190,10,4.70526,7,70,149
191,10,4.71204,7,71,150
192,10,4.6875,7,71,150
193,10,4.66321,7,71,150
194,10,4.63918,7,71,150
195,10,4.64615,7,72,151
196,10,4.65306,7,73,152
197,10,4.69036,7,75,154
198,10,4.69697,7,76,155
199,10,4.70352,7,77,156
200,10,4.71,7,78,157
201,10,4.71642,7,79,158
202,10,4.72277,7,80,159
203,10,4.72906,7,81,160
204,10,4.73529,7,82,161
205,10,4.74146,7,83,162
206,10,4.74757,7,84,163
207,10,4.75362,7,85,164
208,10,4.75962,7,86,165
209,10,4.73684,7,86,165
210,10,4.71429,7,86,165
211,10,4.72038,7,87,166
212,10,4.69811,7,87,166
213,10,4.70423,7,88,167
214,11,4.71028,7,89,168
215,11,4.71628,7,90,169
216,12,4.72222,7,91,170
217,12,4.72811,7,92,171
218,12,4.81651,7,96,175
219,12,4.82192,7,97,176
220,12,4.8,7,97,176
221,12,4.80543,7,98,177
222,12,4.94595,7,104,183
223,12,4.95067,7,105,184
224,12,4.98214,7,107,186
225,12,4.98667,7,108,187
226,12,4.99115,7,109,188
227,12,4.99559,6,0,189
228,12,5,6,1,190
229,12,4.97817,6,1,190
230,12,4.95652,6,1,190
231,12,4.93506,6,1,190
232,12,4.91379,5,0,190
233,12,4.8927,5,0,190
234,13,4.89744,5,1,191
235,13,4.8766,5,1,191
236,13,4.88136,5,2,192
237,13,4.88608,5,3,193
238,13,4.86555,5,3,193
239,13,4.87029,5,4,194
240,13,4.85,5,4,194
241,13,4.82988,5,4,194
242,13,4.83471,5,5,195
243,13,4.81481,5,5,195
244,13,4.81967,5,6,196
245,13,4.8,5,6,196
246,13,4.80488,5,7,197
247,13,4.78543,5,7,197
248,13,4.8629,5,11,201
249,18,4.96386,5,16,206
250,18,4.944,5,16,206
251,18,4.94821,5,17,207
252,18,4.95238,5,18,208
253,18,4.98024,5,20,210
254,18,4.96063,5,20,210
255,18,4.94118,5,20,210
256,18,4.92188,5,20,210
257,18,4.92607,5,21,211
258,18,4.90698,5,21,211
259,18,4.9112,5,22,212
260,18,4.89231,5,22,212
261,18,4.89655,5,23,213
262,18,4.90076,5,24,214
263,18,4.90494,5,25,215
264,18,4.88636,5,25,215
265,18,4.89057,5,26,216
266,18,4.89474,5,27,217
267,19,4.89888,5,28,218
268,19,4.90299,5,29,219
269,19,4.90706,5,30,220
270,19,4.91111,5,31,221
271,19,4.98155,5,35,225
272,19,4.96324,4,0,225
273,19,5.03297,4,4,229
274,19,5.0146,4,4,229
275,19,5.01818,4,5,230
276,19,5.02174,4,6,231
277,19,5.02527,4,7,232
278,19,5.00719,4,7,232
279,19,5.11828,4,13,238
280,19,5.12143,4,14,239
281,19,5.18861,4,18,243
282,19,5.17021,4,18,243
283,19,5.17314,4,19,244
284,19,5.17606,4,20,245
285,19,5.15789,4,20,245
286,19,5.13986,3,0,245
287,20,5.14286,3,1,246
288,20,5.125,2,0,246
289,20,5.10727,2,0,246
290,20,5.08966,2,0,246
291,20,5.07216,2,0,246
292,20,5.07534,2,1,247
293,20,5.05802,2,1,247
294,20,5.04082,2,1,247
295,20,5.02373,2,1,247
296,20,5.0473,2,3,249
297,20,5.0303,1,0,249
298,20,5.03356,1,1,250
299,20,5.01672,1,1,250
300,21,5.02,1,2,251
301,21,5.00332,0,0,251