1,0,0,10,0,0
2,0,0,10,0,0
3,0,0,10,0,0
4,0,1.5,10,1,1
5,0,2.4,10,2,2
6,0,3,10,3,3
7,0,4.28571,10,5,5
8,0,3.75,10,5,5
9,0,3.33333,10,5,5
10,0,3,10,5,5
11,0,3.27273,10,6,6
12,0,3,10,6,6
13,0,2.76923,10,6,6
14,0,2.57143,10,6,6
15,0,2.4,10,6,6
16,0,2.25,10,6,6
17,0,2.47059,10,7,7
18,0,2.33333,10,7,7
19,0,2.21053,10,7,7
20,0,2.4,10,8,8
21,1,2.57143,10,9,9
22,1,2.72727,10,10,10
23,1,2.6087,10,10,10
24,1,2.75,10,11,11
25,1,2.64,10,11,11
26,1,2.53846,10,11,11
27,2,3.11111,10,14,14
28,2,3,10,14,14
29,2,2.89655,10,14,14
30,2,3,10,15,15
31,2,2.90323,10,15,15
32,2,2.8125,10,15,15
33,2,2.90909,10,16,16
34,2,2.82353,10,16,16
35,2,2.91429,10,17,17
36,2,2.83333,10,17,17
37,2,2.75676,10,17,17
38,2,2.68421,10,17,17
39,2,2.61538,10,17,17
40,2,2.7,10,18,18
41,2,2.63415,10,18,18
42,2,2.57143,10,18,18
43,2,3.06977,10,22,22
44,2,3.54545,10,26,26
45,2,3.46667,10,26,26
46,2,3.3913,10,26,26
47,2,3.31915,9,0,26
48,2,3.25,8,0,26
49,2,3.18367,8,0,26
50,2,3.12,8,0,26
51,2,3.05882,8,0,26
52,2,3,8,0,26
53,2,3.28302,8,3,29
54,2,3.22222,8,3,29
55,2,3.16364,8,3,29
56,2,3.21429,8,4,30
57,2,3.15789,8,4,30
58,2,3.10345,8,4,30
59,2,3.05085,8,4,30
60,2,3,8,4,30
61,2,2.95082,8,4,30
62,2,2.90323,8,4,30
63,2,3.04762,8,6,32
64,2,3.5625,8,12,38
65,2,3.50769,8,12,38
66,2,3.45455,8,12,38
67,2,3.40299,8,12,38
68,2,3.70588,8,16,42
69,2,3.73913,8,17,43
70,2,3.77143,8,18,44
71,2,3.71831,8,18,44
72,2,3.66667,8,18,44
73,2,3.78082,8,20,46
74,2,3.81081,8,21,47
75,2,3.84,8,22,48
76,2,3.78947,8,22,48
77,2,3.81818,8,23,49
78,2,3.76923,8,23,49
79,2,3.72152,8,23,49
80,2,3.675,8,23,49
81,2,3.62963,8,23,49
82,2,3.87805,8,27,53
83,2,3.83133,8,27,53
84,2,3.85714,8,28,54
85,2,3.81176,8,28,54
86,2,3.76744,8,28,54
87,2,3.7931,8,29,55
88,2,3.75,8,29,55
89,2,3.70787,8,29,55
90,2,3.73333,8,30,56
91,2,3.69231,8,30,56
92,2,3.65217,8,30,56
93,2,3.6129,8,30,56
94,2,3.82979,8,34,60
95,2,3.78947,7,0,60
96,2,3.75,7,0,60
97,2,3.71134,7,0,60
98,3,3.73469,7,1,61
99,3,3.75758,7,2,62
100,3,3.78,7,3,63
101,3,3.80198,7,4,64
102,3,3.82353,7,5,65
103,3,3.84466,7,6,66
104,3,3.86538,7,7,67
105,3,3.82857,7,7,67
106,3,3.79245,7,7,67
107,3,3.75701,7,7,67
108,3,4.05556,7,13,73
109,3,4.23853,7,17,77
110,3,4.25455,7,18,78
111,3,4.27027,7,19,79
112,3,4.23214,6,0,79
113,3,4.24779,6,1,80
114,3,4.21053,6,1,80
115,3,4.27826,6,3,82
116,3,4.24138,6,3,82
117,3,4.30769,6,5,84
118,3,4.27119,6,5,84
119,3,4.23529,6,5,84
120,3,4.2,6,5,84
121,3,4.21488,6,6,85
122,3,4.22951,6,7,86
123,3,4.19512,6,7,86
124,3,4.16129,6,7,86
125,3,4.176,6,8,87
126,3,4.14286,6,8,87
127,3,4.11024,6,8,87
128,3,4.125,6,9,88
129,3,4.09302,6,9,88
130,3,4.06154,5,0,88
131,3,4.03053,5,0,88
132,3,4.04545,5,1,89
133,3,4.01504,5,1,89
134,3,4.02985,5,2,90
135,3,4.04444,5,3,91
136,3,4.05882,5,4,92
137,3,4.0292,4,0,92
138,3,4,4,0,92
139,3,3.97122,4,0,92
140,3,3.94286,4,0,92
141,3,3.91489,4,0,92
142,3,3.92958,4,1,93
143,3,3.9021,4,1,93
144,3,3.875,4,1,93
145,3,3.88966,4,2,94
146,3,3.90411,4,3,95
147,3,3.87755,4,3,95
148,3,3.85135,4,3,95
149,3,3.8255,4,3,95
150,3,3.84,4,4,96
151,3,3.8543,4,5,97
152,4,3.86842,4,6,98
153,4,3.92157,4,8,100
154,4,3.93506,4,9,101
155,5,3.94839,4,10,102
156,5,3.92308,4,10,102
157,5,3.93631,4,11,103
158,5,3.91139,4,11,103
159,5,3.92453,4,12,104
160,5,3.9375,4,13,105
161,5,3.91304,4,13,105
162,5,3.92593,4,14,106
163,5,3.93865,4,15,107
164,5,3.95122,4,16,108
165,6,3.96364,4,17,109
166,6,3.93976,4,17,109
167,6,3.91617,4,17,109
168,6,3.92857,4,18,110
169,6,3.94083,4,19,111
170,6,4.05882,4,23,115
171,6,4.03509,4,23,115
172,6,4.01163,4,23,115
173,6,4.02312,4,24,116
174,6,4,4,24,116
175,6,3.97714,4,24,116
176,6,3.95455,4,24,116
177,6,3.9661,4,25,117
178,6,3.94382,4,25,117
179,6,3.95531,4,26,118
180,6,3.96667,4,27,119
181,6,3.94475,4,27,119
182,6,3.92308,4,27,119
183,6,3.93443,4,28,120
184,6,3.91304,4,28,120
185,6,3.89189,4,28,120
186,6,3.87097,4,28,120
187,6,3.88235,4,29,121
188,6,3.8617,4,29,121
189,6,3.87302,4,30,122
190,6,3.88421,4,31,123
191,6,3.9267,4,33,125
192,6,3.9375,4,34,126
193,6,3.94819,4,35,127
194,6,3.95876,4,36,128
195,6,3.93846,4,36,128
196,6,3.91837,4,36,128
197,6,3.89848,4,36,128
198,6,3.90909,4,37,129
199,6,3.9196,4,38,130
200,6,3.93,4,39,131
201,6,3.9403,4,40,132
202,6,3.92079,4,40,132
203,6,3.93103,4,41,133
204,6,3.91176,4,41,133
205,6,3.89268,4,41,133
206,6,3.90291,4,42,134
207,6,3.88406,4,42,134
208,6,3.86538,4,42,134
209,6,3.84689,4,42,134
210,6,3.85714,4,43,135
211,6,3.8673,4,44,136
212,6,3.87736,4,45,137
213,6,3.85915,4,45,137
214,7,3.86916,4,46,138
215,7,3.85116,4,46,138
216,7,3.83333,4,46,138
217,7,3.84332,4,47,139
218,7,3.82569,4,47,139
219,7,3.83562,4,48,140
220,7,3.87273,4,50,142
221,7,3.88235,4,51,143
222,7,3.89189,4,52,144
223,7,3.87444,4,52,144
224,7,3.85714,4,52,144
225,7,3.84,4,52,144
226,7,3.84956,4,53,145
227,7,3.85903,4,54,146
228,7,3.89474,4,56,148
229,7,3.87773,4,56,148
230,7,3.96522,4,60,152
231,7,3.94805,4,60,152
232,7,3.9569,4,61,153
233,7,3.96567,4,62,154
234,7,3.94872,4,62,154
235,7,3.93191,4,62,154
236,7,3.94068,4,63,155
237,7,3.92405,4,63,155
238,7,3.93277,4,64,156
239,7,3.94142,4,65,157
240,7,3.925,4,65,157
241,7,3.93361,4,66,158
242,7,3.91736,4,66,158
243,7,3.90123,4,66,158
244,7,3.90984,4,67,159
245,7,3.89388,4,67,159
246,7,3.90244,4,68,160
247,7,4.03239,4,74,166
248,7,4.06452,4,76,168
249,7,4.14458,4,80,172
250,7,4.176,4,82,174
251,7,4.30279,4,88,180
252,7,4.28571,4,88,180
253,7,4.26877,3,0,180
254,7,4.27559,3,1,181
255,7,4.25882,3,1,181
256,7,4.26562,3,2,182
257,7,4.24903,3,2,182
258,7,4.23256,3,2,182
259,7,4.21622,3,2,182
260,7,4.24615,3,4,184
261,7,4.22989,3,4,184
262,7,4.23664,3,5,185
263,7,4.24335,3,6,186
264,7,4.36364,3,12,192
265,7,4.34717,3,12,192
266,7,4.37594,3,14,194
267,8,4.38202,3,15,195
268,9,4.38806,3,16,196
269,9,4.37175,3,16,196
270,9,4.44444,3,20,200
271,10,4.45018,3,21,201
272,10,4.45588,3,22,202
273,10,4.46154,3,23,203
274,10,4.44526,3,23,203
275,10,4.45091,3,24,204
276,10,4.56522,3,30,210
277,10,4.5704,3,31,211
278,10,4.57554,3,32,212
279,10,4.58065,3,33,213
280,10,4.58571,3,34,214
281,10,4.59075,3,35,215
282,10,4.59574,3,36,216
283,10,4.57951,3,36,216
284,10,4.64789,3,40,220
285,10,4.65263,3,41,221
286,10,4.63636,3,41,221
287,10,4.66202,3,43,223
288,11,4.75,3,48,228
