1,0,0,10,0,0
2,0,0,10,0,0
3,0,0,10,0,0
4,0,0,10,0,0
5,0,0,10,0,0
6,0,0,10,0,0
7,0,0,10,0,0
8,0,0,9,0,0
9,1,0.666667,9,1,1
10,1,0.6,9,1,1
11,1,0.545455,9,1,1
12,1,0.5,9,1,1
13,1,0.461538,9,1,1
14,1,0.428571,9,1,1
15,1,0.4,9,1,1
16,1,0.75,9,2,2
17,1,0.705882,9,2,2
18,1,0.666667,9,2,2
19,1,0.631579,9,2,2
20,1,0.6,9,2,2
21,1,1.71429,9,6,6
22,1,1.90909,9,7,7
23,1,1.82609,9,7,7
24,1,2,9,8,8
25,1,1.92,9,8,8
26,1,1.84615,9,8,8
27,1,2,9,9,9
28,1,1.92857,9,9,9
29,1,2.06897,9,10,10
30,1,2,9,10,10
31,1,1.93548,9,10,10
32,1,1.875,9,10,10
33,1,1.81818,9,10,10
34,1,2.47059,9,14,14
35,1,3.42857,9,20,20
36,1,3.66667,9,22,22
37,1,3.56757,9,22,22
38,1,4.10526,9,26,26
39,1,4,9,26,26
40,1,3.9,9,26,26
41,1,3.80488,9,26,26
42,1,3.71429,9,26,26
43,1,3.62791,9,26,26
44,1,3.54545,9,26,26
45,1,3.46667,9,26,26
46,1,3.3913,9,26,26
47,1,3.31915,9,26,26
48,1,3.25,9,26,26
49,1,3.67347,9,30,30
50,1,3.72,9,31,31
51,1,3.76471,9,32,32
52,1,3.80769,9,33,33
53,1,3.84906,9,34,34
54,1,3.77778,9,34,34
55,1,3.81818,9,35,35
56,1,3.96429,9,37,37
57,1,4.52632,9,43,43
58,1,4.55172,9,44,44
59,1,4.47458,9,44,44
60,1,4.4,9,44,44
61,1,4.42623,9,45,45
62,1,4.45161,9,46,46
63,1,4.47619,9,47,47
64,1,4.5,9,48,48
65,1,4.8,9,52,52
66,1,4.72727,9,52,52
67,1,4.74627,9,53,53
68,1,4.67647,9,53,53
69,1,4.78261,9,55,55
70,1,4.71429,9,55,55
71,1,4.64789,9,55,55
72,1,4.66667,9,56,56
73,1,4.60274,9,56,56
74,1,4.62162,9,57,57
75,1,4.56,9,57,57
76,1,4.65789,9,59,59
77,1,4.90909,9,63,63
78,1,4.84615,9,63,63
79,1,4.86076,9,64,64
80,1,4.8,9,64,64
81,1,4.74074,9,64,64
82,1,4.68293,9,64,64
83,1,4.6988,9,65,65
84,1,4.64286,9,65,65
85,1,4.58824,9,65,65
86,1,4.53488,9,65,65
87,1,4.48276,9,65,65
88,1,4.43182,9,65,65
89,1,4.38202,9,65,65
90,1,4.33333,8,0,65
91,1,4.28571,8,0,65
92,1,4.23913,8,0,65
93,1,4.32258,8,2,67
94,1,4.34043,8,3,68
95,1,4.29474,8,3,68
96,1,4.25,8,3,68
97,1,4.20619,8,3,68
98,1,4.16327,8,3,68
99,1,4.18182,8,4,69
100,1,4.14,8,4,69
101,1,4.15842,8,5,70
102,1,4.11765,8,5,70
103,1,4.07767,8,5,70
104,1,4.03846,8,5,70
105,1,4,8,5,70
106,1,3.96226,8,5,70
107,1,3.92523,7,0,70
108,1,3.88889,7,0,70
109,1,3.85321,7,0,70
110,1,3.81818,7,0,70
111,1,3.78378,7,0,70
112,1,3.80357,7,1,71
113,1,3.82301,7,2,72
114,1,3.78947,7,2,72
115,1,3.8087,7,3,73
116,1,3.77586,7,3,73
117,1,3.74359,7,3,73
118,1,3.76271,7,4,74
119,1,3.73109,7,4,74
120,1,3.7,6,0,74
121,1,3.66942,6,0,74
122,1,3.63934,6,0,74
123,1,3.65854,6,1,75
124,1,3.62903,6,1,75
125,1,3.6,6,1,75
126,1,3.61905,6,2,76
127,1,3.6378,6,3,77
128,1,3.60938,5,0,77
129,1,3.5814,5,0,77
130,1,3.55385,5,0,77
131,1,3.52672,5,0,77
132,1,3.5,5,0,77
133,1,3.47368,5,0,77
134,1,3.44776,5,0,77
135,1,3.42222,5,0,77
136,2,3.44118,5,1,78
137,2,3.41606,5,1,78
138,3,3.43478,5,2,79
139,3,3.41007,5,2,79
140,3,3.42857,5,3,80
141,3,3.40426,5,3,80
142,3,3.46479,5,5,82
143,3,3.44056,5,5,82
144,3,3.41667,5,5,82
145,3,3.3931,5,5,82
146,3,3.41096,5,6,83
147,3,3.38776,5,6,83
148,3,3.40541,5,7,84
149,3,3.38255,5,7,84
150,3,3.4,5,8,85
151,3,3.37748,4,0,85
152,3,3.35526,4,0,85
153,3,3.33333,4,0,85
154,3,3.35065,4,1,86
155,3,3.32903,4,1,86
156,3,3.34615,4,2,87
157,3,3.32484,4,2,87
158,3,3.34177,4,3,88
159,3,3.32075,4,3,88
160,3,3.3,4,3,88
161,3,3.31677,4,4,89
162,5,3.37037,4,6,91
163,5,3.34969,4,6,91
164,5,3.36585,4,7,92
165,5,3.34545,4,7,92
166,5,3.3253,4,7,92
167,5,3.30539,4,7,92
168,5,3.32143,4,8,93
169,5,3.30178,4,8,93
170,5,3.35294,4,10,95
171,5,3.36842,4,11,96
172,5,3.34884,4,11,96
173,5,3.32948,4,11,96
174,5,3.31034,4,11,96
175,5,3.29143,4,11,96
176,5,3.27273,4,11,96
177,5,3.25424,4,11,96
178,5,3.23596,4,11,96
179,5,3.21788,4,11,96
180,5,3.2,3,0,96
181,5,3.18232,3,0,96
182,5,3.16484,3,0,96
183,5,3.14754,3,0,96
184,5,3.13043,3,0,96
185,5,3.14595,3,1,97
186,5,3.12903,3,1,97
187,5,3.1123,3,1,97
188,5,3.12766,3,2,98
189,5,3.14286,3,3,99
190,5,3.12632,3,3,99
191,5,3.14136,3,4,100
192,5,3.125,3,4,100
193,5,3.10881,3,4,100
194,5,3.12371,3,5,101
195,5,3.13846,3,6,102
196,5,3.12245,3,6,102
197,5,3.13706,3,7,103
198,5,3.12121,3,7,103
199,5,3.10553,3,7,103
200,5,3.09,3,7,103
201,5,3.13433,3,9,105
202,5,3.11881,3,9,105
203,5,3.10345,3,9,105
204,5,3.11765,3,10,106
205,5,3.13171,3,11,107
206,5,3.1165,3,11,107
207,5,3.13043,3,12,108
208,5,3.14423,3,13,109
209,5,3.12919,3,13,109
210,5,3.14286,3,14,110
211,5,3.12796,3,14,110
212,5,3.16981,3,16,112
213,5,3.15493,3,16,112
214,5,3.25234,3,20,116
215,5,3.23721,3,20,116
216,5,3.33333,3,24,120
217,5,3.31797,3,24,120
218,5,3.30275,3,24,120
219,5,3.31507,3,25,121
220,5,3.3,3,25,121
221,5,3.33937,3,27,123
222,5,3.35135,3,28,124
223,5,3.33632,3,28,124
224,5,3.32143,3,28,124
225,5,3.33333,3,29,125
226,5,3.34513,3,30,126
227,5,3.3304,3,30,126
228,5,3.34211,3,31,127
229,5,3.35371,3,32,128
230,5,3.44348,3,36,132
231,5,3.42857,3,36,132
232,5,3.43966,3,37,133
233,5,3.42489,3,37,133
234,5,3.4359,3,38,134
235,5,3.42128,3,38,134
236,5,3.40678,3,38,134
237,5,3.41772,3,39,135
238,5,3.40336,3,39,135
239,5,3.38912,3,39,135
240,5,3.4,3,40,136
241,5,3.53527,3,46,142
242,5,3.66942,3,52,148
243,5,3.65432,3,52,148
244,5,3.63934,3,52,148
245,5,3.64898,3,53,149
246,5,3.63415,3,53,149
247,5,3.64372,3,54,150
248,5,3.62903,3,54,150
249,5,3.61446,3,54,150
250,5,3.6,3,54,150
251,5,3.60956,3,55,151
252,5,3.64286,3,57,153
253,5,3.62846,3,57,153
254,5,3.61417,3,57,153
255,5,3.62353,3,58,154
256,5,3.60938,3,58,154
257,5,3.61868,3,59,155
258,5,3.60465,3,59,155
259,5,3.6139,3,60,156
260,5,3.6,3,60,156
261,5,3.6092,3,61,157
262,6,3.61832,3,62,158
263,6,3.60456,3,62,158
264,6,3.61364,3,63,159
265,6,3.62264,3,64,160
266,6,3.63158,3,65,161
267,6,3.70787,3,69,165
268,6,3.73881,3,71,167
269,6,3.76952,3,73,169
270,6,3.75556,3,73,169
271,6,3.80812,3,76,172
272,6,3.79412,3,76,172
273,6,3.8022,3,77,173
274,6,3.78832,3,77,173
275,6,3.79636,3,78,174
276,6,3.78261,2,0,174
277,6,3.76895,2,0,174
278,6,3.7554,2,0,174
279,6,3.74194,2,0,174
280,6,3.72857,2,0,174
281,6,3.7153,2,0,174
282,6,3.70213,2,0,174
283,6,3.71025,2,1,175
284,6,3.71831,2,2,176
285,6,3.72632,2,3,177
286,6,3.73427,2,4,178
287,6,3.74216,2,5,179
288,6,3.8125,2,9,183
289,6,3.79931,2,9,183
290,6,3.82759,2,11,185
291,6,3.83505,2,12,186
292,6,3.86301,2,14,188
293,6,3.93174,2,18,192
294,6,4.04082,2,24,198
295,6,4.14915,2,30,204
296,6,4.17568,2,32,206
297,6,4.16162,2,32,206
298,6,4.22819,2,36,210
299,6,4.23411,2,37,211
300,6,4.24,2,38,212
301,6,4.24585,2,39,213
302,6,4.27152,2,41,215
303,6,4.37624,2,47,221
304,6,4.44079,2,51,225