1,0,0,10,0,0
2,0,0,10,0,0
3,0,0,10,0,0
4,5,7.5,10,5,5
5,5,10.8,10,9,9
6,5,9,10,9,9
7,5,7.71429,10,9,9
8,5,6.75,9,0,9
9,5,6,8,0,9
10,5,5.4,8,0,9
11,5,4.90909,8,0,9
12,5,4.5,8,0,9
13,5,5.07692,8,2,11
14,5,4.71429,8,2,11
15,5,4.8,8,3,12
16,5,4.5,8,3,12
17,5,4.23529,8,3,12
18,5,4,8,3,12
19,5,3.78947,8,3,12
20,5,3.6,7,0,12
21,5,3.42857,7,0,12
22,5,3.27273,7,0,12
23,5,3.13043,7,0,12
24,5,3,7,0,12
25,5,3.12,7,1,13
26,5,3,7,1,13
27,5,2.88889,7,1,13
28,5,2.78571,7,1,13
29,5,2.89655,7,2,14
30,5,3.6,7,6,18
31,5,3.67742,7,7,19
32,5,3.75,7,8,20
33,5,3.81818,7,9,21
34,5,3.70588,7,9,21
35,5,4.28571,7,13,25
36,5,4.5,7,15,27
37,5,5.02703,7,19,31
38,5,4.89474,7,19,31
39,5,4.92308,7,20,32
40,5,4.8,7,20,32
41,5,4.68293,7,20,32
42,5,4.71429,7,21,33
43,5,4.60465,7,21,33
44,5,4.5,7,21,33
45,5,4.53333,7,22,34
46,5,4.43478,7,22,34
47,5,4.46809,7,23,35
48,5,4.625,7,25,37
49,5,4.53061,7,25,37
50,5,4.44,7,25,37
51,5,4.35294,7,25,37
52,5,4.26923,7,25,37
53,5,4.30189,7,26,38
54,5,4.22222,7,26,38
55,5,4.14545,7,26,38
56,5,4.07143,7,26,38
57,5,4.10526,7,27,39
58,5,4.03448,7,27,39
59,5,4.0678,7,28,40
60,5,4,7,28,40
61,5,3.93443,7,28,40
62,5,3.87097,7,28,40
63,5,4.19048,7,32,44
64,5,4.125,7,32,44
65,5,4.06154,7,32,44
66,5,4.09091,7,33,45
67,5,4.02985,7,33,45
68,5,3.97059,7,33,45
69,5,4.26087,7,37,49
70,5,4.2,7,37,49
71,5,4.14085,6,0,49
72,5,4.16667,6,1,50
73,5,4.10959,6,1,50
74,5,4.05405,6,1,50
75,5,4,6,1,50
76,5,3.94737,6,1,50
77,5,3.97403,6,2,51
78,5,3.92308,6,2,51
79,6,3.94937,6,3,52
80,6,3.9,6,3,52
81,6,3.92593,6,4,53
82,6,3.95122,6,5,54
83,6,3.90361,6,5,54
84,6,3.85714,6,5,54
85,6,3.81176,6,5,54
86,6,3.76744,6,5,54
87,6,3.7931,6,6,55
88,6,3.75,6,6,55
89,6,3.70787,6,6,55
90,6,3.73333,6,7,56
91,6,3.69231,6,7,56
92,6,3.65217,6,7,56
93,6,3.6129,6,7,56
94,6,3.57447,6,7,56
95,6,3.6,6,8,57
96,6,3.5625,6,8,57
97,6,3.58763,6,9,58
98,6,3.55102,6,9,58
99,6,3.75758,6,13,62
100,6,3.72,6,13,62
101,6,3.68317,6,13,62
102,6,3.70588,6,14,63
103,7,3.72816,6,15,64
104,7,4.03846,6,21,70
105,7,4.11429,6,23,72
106,7,4.13208,6,24,73
107,7,4.14953,6,25,74
108,7,4.11111,6,25,74
109,7,4.07339,6,25,74
110,7,4.03636,6,25,74
111,7,4,6,25,74
112,7,3.96429,6,25,74
113,7,3.9292,6,25,74
114,7,3.89474,6,25,74
115,7,3.86087,6,25,74
116,7,3.82759,6,25,74
117,8,3.84615,6,26,75
118,8,3.86441,6,27,76
119,8,3.83193,6,27,76
120,8,3.85,6,28,77
121,8,3.81818,6,28,77
122,8,3.78689,6,28,77
123,8,3.80488,6,29,78
124,8,3.87097,6,31,80
125,8,3.84,6,31,80
126,8,3.85714,6,32,81
127,8,3.87402,6,33,82
128,8,3.84375,6,33,82
129,8,3.81395,6,33,82
130,8,3.78462,6,33,82
131,8,3.75573,6,33,82
132,8,3.72727,6,33,82
133,8,3.69925,6,33,82
134,8,3.67164,6,33,82
135,8,3.68889,6,34,83
136,8,3.66176,6,34,83
137,8,3.63504,6,34,83
138,8,3.78261,6,38,87
139,8,3.7554,6,38,87
140,8,3.72857,6,38,87
141,8,3.70213,6,38,87
142,8,3.67606,6,38,87
143,8,3.65035,6,38,87
144,10,3.70833,6,40,89
145,10,3.68276,6,40,89
146,10,3.65753,6,40,89
147,10,3.67347,6,41,90
148,10,3.64865,6,41,90
149,10,3.62416,6,41,90
150,10,3.6,6,41,90
151,10,3.61589,6,42,91
152,10,3.59211,6,42,91
153,10,3.56863,6,42,91
154,10,3.58442,6,43,92
155,10,3.6,6,44,93
156,10,3.57692,6,44,93
157,10,3.55414,6,44,93
158,10,3.75949,6,50,99
159,10,3.88679,6,54,103
160,10,3.8625,6,54,103
161,10,3.87578,6,55,104
162,10,3.88889,6,56,105
163,10,3.86503,6,56,105
164,10,3.84146,6,56,105
165,10,3.85455,6,57,106
166,10,3.86747,6,58,107
167,10,3.88024,6,59,108
168,10,3.85714,6,59,108
169,10,3.83432,6,59,108
170,10,3.88235,6,61,110
171,10,3.92982,6,63,112
172,10,3.94186,6,64,113
173,11,3.95376,6,65,114
174,11,3.96552,6,66,115
175,11,3.94286,6,66,115
176,11,3.98864,6,68,117
177,11,3.9661,6,68,117
178,11,3.97753,6,69,118
179,11,3.95531,6,69,118
180,11,3.93333,6,69,118
181,11,3.9779,6,71,120
182,11,4.02198,6,73,122
183,11,4,6,73,122
184,11,4.01087,6,74,123
185,11,4.02162,6,75,124
186,11,4,6,75,124
187,11,3.97861,6,75,124
188,11,3.95745,6,75,124
189,11,3.96825,6,76,125
190,11,3.94737,6,76,125
191,11,3.95812,6,77,126
192,11,3.96875,6,78,127
193,11,3.94819,5,0,127
194,11,3.92784,5,0,127
195,11,3.90769,5,0,127
196,11,3.91837,5,1,128
197,11,4.0203,5,5,132
198,11,4.0303,5,6,133
199,11,4.0402,5,7,134
200,11,4.14,5,11,138
201,11,4.14925,5,12,139
202,11,4.12871,5,12,139
203,11,4.10837,5,12,139
204,11,4.20588,5,16,143
205,11,4.18537,4,0,143
206,11,4.19417,4,1,144
207,11,4.17391,4,1,144
208,11,4.15385,4,1,144
209,11,4.13397,4,1,144
210,11,4.14286,4,2,145
211,11,4.15166,4,3,146
212,11,4.13208,4,3,146
213,11,4.11268,4,3,146
214,11,4.09346,4,3,146
215,11,4.07442,4,3,146
216,11,4.05556,4,3,146
217,11,4.09217,4,5,148
218,11,4.07339,3,0,148
219,11,4.05479,3,0,148
220,11,4.03636,3,0,148
221,11,4.0181,3,0,148
222,11,4.02703,3,1,149
223,11,4.00897,3,1,149
224,12,4.01786,3,2,150
225,13,4.02667,3,3,151
226,13,4.00885,3,3,151
227,13,4.01762,3,4,152
228,13,4.02632,3,5,153
229,13,4.00873,3,5,153
230,13,4.04348,3,7,155
231,13,4.02597,3,7,155
232,13,4.00862,3,7,155
233,13,3.99142,3,7,155
234,13,3.97436,3,7,155
235,13,4.05957,3,11,159
236,13,4.04237,3,11,159
237,13,4.05063,3,12,160
238,13,4.08403,3,14,162
239,13,4.06695,3,14,162
240,13,4.05,3,14,162
241,13,4.0332,3,14,162
242,13,4.01653,3,14,162
243,13,4,3,14,162
244,13,3.98361,3,14,162
245,13,4.11429,3,20,168
246,13,4.14634,3,22,170
247,13,4.15385,3,23,171
248,13,4.28226,3,29,177
