1,0,0,10,0,0
2,0,0,10,0,0
3,0,8,10,4,4
4,0,6,10,4,4
5,0,9.6,10,8,8
6,0,8,10,8,8
7,0,6.85714,10,8,8
8,0,9,10,12,12
9,0,8,10,12,12
10,0,7.2,10,12,12
11,0,7.09091,10,13,13
12,0,7,10,14,14
13,0,8.30769,10,18,18
14,0,9.42857,10,22,22
15,0,10.4,10,26,26
16,0,9.75,10,26,26
17,0,9.17647,10,26,26
18,0,10,10,30,30
19,0,9.47368,10,30,30
20,0,9,10,30,30
21,0,9.71429,10,34,34
22,0,10.3636,10,38,38
23,0,9.91304,10,38,38
24,0,11,10,44,44
25,0,10.8,10,45,45
26,0,11.3077,10,49,49
27,0,10.8889,10,49,49
28,0,10.7143,10,50,50
29,0,11.1724,10,54,54
30,0,11,10,55,55
31,0,11.4194,10,59,59
32,0,11.0625,10,59,59
33,1,10.9091,10,60,60
34,1,10.7647,10,61,61
35,1,10.4571,10,61,61
36,1,10.3333,10,62,62
37,1,10.7027,10,66,66
38,1,10.4211,10,66,66
39,1,10.3077,10,67,67
40,1,10.2,10,68,68
41,1,9.95122,10,68,68
42,1,9.71429,10,68,68
43,1,9.48837,10,68,68
44,1,9.40909,10,69,69
45,1,9.2,10,69,69
46,1,9.52174,10,73,73
47,1,9.44681,10,74,74
48,1,10,10,80,80
49,1,9.79592,10,80,80
50,1,9.6,10,80,80
51,1,9.52941,10,81,81
52,2,10.1538,10,88,88
53,2,9.96226,10,88,88
54,2,9.77778,10,88,88
55,2,10.0364,10,92,92
56,2,9.96429,10,93,93
57,2,9.78947,10,93,93
58,2,9.62069,10,93,93
59,2,9.86441,10,97,97
60,2,9.8,10,98,98
61,2,9.7377,10,99,99
62,2,9.67742,10,100,100
63,2,9.52381,10,100,100
64,2,9.375,10,100,100
65,2,9.32308,10,101,101
66,2,9.27273,10,102,102
67,2,9.13433,10,102,102
68,2,9.52941,10,108,108
69,2,9.3913,10,108,108
70,2,9.25714,10,108,108
71,3,9.21127,10,109,109
72,3,9.08333,10,109,109
73,3,9.0411,10,110,110
74,3,8.91892,9,0,110
75,3,9.12,9,4,114
76,3,9,9,4,114
77,3,8.88312,9,4,114
78,3,8.76923,9,4,114
79,3,8.96203,9,8,118
80,3,9,9,10,120
81,3,8.88889,9,10,120
82,3,8.85366,9,11,121
83,3,8.74699,9,11,121
84,3,8.92857,9,15,125
85,3,8.96471,9,17,127
86,3,8.86047,9,17,127
87,3,8.75862,9,17,127
88,3,8.72727,9,18,128
89,3,8.62921,9,18,128
90,3,8.53333,9,18,128
91,3,8.43956,9,18,128
92,3,8.34783,9,18,128
93,3,8.25806,9,18,128
94,3,8.23404,9,19,129
95,3,8.14737,9,19,129
96,3,8.0625,8,0,129
97,3,7.97938,8,0,129
98,3,7.89796,8,0,129
99,3,7.81818,8,0,129
100,3,7.74,8,0,129
101,3,7.66337,8,0,129
102,3,7.58824,8,0,129
103,3,7.51456,8,0,129
104,3,7.44231,8,0,129
105,3,7.42857,8,1,130
106,3,7.58491,8,5,134
107,3,7.57009,8,6,135
108,3,7.55556,8,7,136
109,3,7.48624,8,7,136
110,3,7.47273,8,8,137
111,3,7.40541,8,8,137
112,3,7.33929,8,8,137
113,3,7.32743,8,9,138
114,3,7.26316,8,9,138
115,3,7.4087,8,13,142
116,3,7.34483,8,13,142
117,3,7.28205,7,0,142
118,3,7.27119,7,1,143
119,3,7.21008,7,1,143
120,3,7.15,7,1,143
121,3,7.1405,7,2,144
122,3,7.13115,7,3,145
123,3,7.12195,7,4,146
124,3,7.1129,7,5,147
125,3,7.104,7,6,148
126,3,7.09524,7,7,149
127,3,7.08661,7,8,150
128,3,7.125,7,10,152
129,3,7.06977,7,10,152
130,3,7.01538,7,10,152
131,3,7.00763,7,11,153
132,3,7,7,12,154
133,3,6.94737,7,12,154
134,3,6.9403,7,13,155
135,3,6.93333,7,14,156
136,3,7.05882,7,18,160
137,3,7.05109,7,19,161
138,3,7,7,19,161
139,3,6.94964,7,19,161
140,3,7.02857,7,22,164
141,3,6.97872,7,22,164
142,3,6.97183,7,23,165
143,3,6.92308,7,23,165
144,3,6.91667,7,24,166
145,3,6.91034,7,25,167
146,3,6.90411,7,26,168
147,3,6.85714,7,26,168
148,3,6.97297,7,30,172
149,3,6.96644,7,31,173
150,3,6.96,7,32,174
151,3,6.95364,7,33,175
152,3,6.90789,7,33,175
153,3,6.90196,7,34,176
154,3,6.8961,7,35,177
155,3,6.85161,7,35,177
156,3,6.84615,7,36,178
157,3,6.84076,7,37,179
158,3,6.79747,7,37,179
159,3,6.75472,7,37,179
160,3,6.75,7,38,180
161,3,6.70807,7,38,180
162,3,6.66667,7,38,180
163,3,6.77301,7,42,184
164,3,6.76829,7,43,185
165,3,6.72727,7,43,185
166,3,6.72289,7,44,186
167,3,6.68263,7,44,186
168,3,6.67857,7,45,187
169,3,6.63905,7,45,187
170,3,6.63529,7,46,188
171,3,6.59649,7,46,188
172,3,6.59302,7,47,189
173,3,6.5896,7,48,190
174,3,6.58621,7,49,191
175,3,6.58286,7,50,192
176,3,6.57955,7,51,193
177,3,6.54237,7,51,193
178,3,6.53933,7,52,194
179,3,6.53631,7,53,195
180,3,6.53333,7,54,196
181,3,6.53039,7,55,197
182,3,6.49451,7,55,197
183,3,6.4918,7,56,198
184,3,6.48913,7,57,199
185,3,6.51892,7,59,201
186,3,6.51613,7,60,202
187,3,6.48128,7,60,202
188,3,6.57447,7,64,206
189,3,6.57143,7,65,207
190,3,6.56842,7,66,208
191,3,6.53403,7,66,208
192,3,6.5,7,66,208
193,4,6.49741,7,67,209
194,4,6.46392,7,67,209
195,4,6.46154,7,68,210
196,4,6.45918,7,69,211
197,4,6.4264,7,69,211
198,4,6.42424,7,70,212
199,4,6.39196,7,70,212
200,4,6.42,7,72,214
201,4,6.41791,7,73,215
202,4,6.41584,7,74,216
203,4,6.38424,7,74,216
204,4,6.38235,7,75,217
205,4,6.35122,7,75,217
206,4,6.34951,7,76,218
207,4,6.31884,7,76,218
208,4,6.40385,7,80,222
209,5,6.40191,7,81,223
210,5,6.37143,7,81,223
211,5,6.34123,7,81,223
212,5,6.42453,7,85,227
213,5,6.42254,7,86,228
214,5,6.42056,7,87,229
215,5,6.3907,7,87,229
216,5,6.41667,7,89,231
217,5,6.3871,7,89,231
218,5,6.3578,6,0,231
219,5,6.32877,6,0,231
220,6,6.32727,6,1,232
221,6,6.32579,6,2,233
222,6,6.32432,6,3,234
223,6,6.32287,6,4,235
224,6,6.32143,6,5,236
225,6,6.32,6,6,237
226,6,6.31858,6,7,238
227,6,6.31718,6,8,239
228,6,6.28947,5,0,239
229,6,6.26201,5,0,239
230,6,6.23478,5,0,239
231,6,6.20779,5,0,239
232,6,6.2069,5,1,240
233,6,6.28326,5,5,244
234,6,6.25641,5,5,244
235,6,6.25532,5,6,245
236,6,6.25424,5,7,246
237,6,6.25316,5,8,247
238,6,6.2521,5,9,248
239,6,6.25105,5,10,249
240,6,6.25,5,11,250
241,6,6.24896,5,12,251
242,6,6.32231,5,16,255
243,6,6.44444,5,22,261
244,6,6.56557,5,28,267
245,6,6.58776,5,30,269
246,6,6.70732,5,36,275
247,6,6.70445,5,37,276
248,6,6.77419,5,41,280
249,6,6.77108,5,42,281
250,6,6.768,5,43,282
251,6,6.76494,5,44,283
252,6,6.7381,5,44,283
253,6,6.73518,5,45,284
254,6,6.73228,5,46,285
255,6,6.72941,5,47,286
256,7,6.72656,5,48,287
257,7,6.72374,5,49,288
258,7,6.69767,5,49,288
259,7,6.69498,5,50,289
260,7,6.69231,5,51,290
261,8,6.68966,5,52,291
262,8,6.70992,5,54,293
263,8,6.70722,5,55,294
264,8,6.77273,5,59,298
265,8,6.76981,5,60,299
266,8,6.76692,5,61,300
267,8,6.76404,5,62,301
268,8,6.73881,5,62,301
269,8,6.73606,5,63,302
270,8,6.84444,5,69,308
271,8,6.81919,5,69,308
272,8,6.81618,5,70,309
273,8,6.79121,4,0,309
274,8,6.78832,4,1,310
275,8,6.78545,4,2,311
276,8,6.78261,4,3,312
277,8,6.77978,4,4,313
278,8,6.77698,4,5,314
279,8,6.77419,4,6,315
280,8,6.75,4,6,315
281,8,6.74733,4,7,316
282,8,6.76596,4,9,318
283,8,6.76325,4,10,319
284,8,6.76056,4,11,320
285,8,6.73684,3,0,320
286,8,6.71329,3,0,320
287,8,6.6899,3,0,320
288,8,6.75,3,4,324
289,8,6.80969,3,8,328
290,8,6.8069,3,9,329
291,8,6.80412,3,10,330
292,8,6.80137,3,11,331
293,8,6.86007,3,15,335
294,8,6.89796,3,18,338
295,8,6.89492,3,19,339
296,8,6.87162,3,19,339
297,8,6.92929,3,23,343
298,8,6.92617,3,24,344
299,8,7.02341,3,30,350
300,8,7,2,0,350
301,8,6.99668,2,1,351
302,8,6.99338,2,2,352
303,8,6.9901,2,3,353
304,8,7.04605,2,7,357
305,8,7.10164,2,11,361