1,0,0,10,0,0
2,0,0,10,0,0
3,0,2,10,1,1
4,0,4.5,10,3,3
5,0,6,10,5,5
6,0,5,10,5,5
7,0,4.28571,10,5,5
8,0,3.75,10,5,5
9,0,3.33333,10,5,5
10,0,3.6,10,6,6
11,1,3.81818,10,7,7
12,1,3.5,10,7,7
13,1,3.23077,10,7,7
14,1,3,10,7,7
15,1,3.6,10,9,9
16,1,3.375,9,0,9
17,1,3.52941,9,1,10
18,1,4,9,3,12
19,1,3.78947,9,3,12
20,2,3.9,9,4,13
21,2,3.71429,9,4,13
22,2,3.54545,9,4,13
23,2,4.17391,9,7,16
24,2,4,9,7,16
25,2,3.84,9,7,16
26,2,3.69231,9,7,16
27,2,3.55556,9,7,16
28,2,3.42857,9,7,16
29,2,3.31034,9,7,16
30,2,3.6,9,9,18
31,2,3.48387,9,9,18
32,2,3.375,9,9,18
33,2,3.27273,9,9,18
34,2,3.35294,9,10,19
35,2,3.94286,9,14,23
36,2,3.83333,9,14,23
37,2,4.05405,9,16,25
38,7,4.73684,9,21,30
39,7,5.23077,9,25,34
40,7,5.1,9,25,34
41,7,4.97561,9,25,34
42,7,5,9,26,35
43,7,5.44186,9,30,39
44,7,5.45455,9,31,40
45,7,5.33333,9,31,40
46,7,5.21739,9,31,40
47,7,5.23404,9,32,41
48,7,5.125,9,32,41
49,7,5.02041,9,32,41
50,7,4.92,9,32,41
51,7,4.82353,9,32,41
52,7,4.73077,9,32,41
53,7,4.64151,9,32,41
54,7,4.66667,9,33,42
55,7,4.58182,9,33,42
56,7,4.5,9,33,42
57,7,4.42105,9,33,42
58,7,4.34483,9,33,42
59,7,4.27119,9,33,42
60,7,4.8,9,39,48
61,7,4.72131,9,39,48
62,7,4.74194,9,40,49
63,7,4.66667,9,40,49
64,7,4.59375,9,40,49
65,7,4.61538,9,41,50
66,7,4.63636,9,42,51
67,7,4.56716,9,42,51
68,7,4.58824,9,43,52
69,7,4.52174,9,43,52
70,7,4.45714,9,43,52
71,7,4.47887,9,44,53
72,7,4.5,9,45,54
73,7,4.60274,9,47,56
74,7,4.62162,9,48,57
75,7,4.64,9,49,58
76,7,4.57895,9,49,58
77,7,4.51948,9,49,58
78,7,4.53846,9,50,59
79,7,4.55696,9,51,60
80,7,4.575,9,52,61
81,7,4.59259,9,53,62
82,7,4.60976,9,54,63
83,7,4.62651,9,55,64
84,7,4.57143,9,55,64
85,7,4.51765,9,55,64
86,7,4.53488,9,56,65
87,7,4.48276,9,56,65
88,7,4.5,9,57,66
89,7,4.51685,9,58,67
90,7,4.53333,9,59,68
91,7,4.48352,9,59,68
92,7,4.5,9,60,69
93,7,4.51613,9,61,70
94,7,4.7234,9,65,74
95,7,4.8,9,67,76
96,7,4.75,9,67,76
97,7,4.70103,9,67,76
98,7,4.65306,9,67,76
99,7,4.84848,9,71,80
100,7,4.8,9,71,80
101,7,4.87129,9,73,82
102,7,4.88235,9,74,83
103,7,4.8932,9,75,84
104,7,4.90385,9,76,85
105,7,4.97143,9,78,87
106,7,4.98113,9,79,88
107,7,4.93458,9,79,88
108,7,4.94444,9,80,89
109,7,4.95413,9,81,90
110,7,4.96364,9,82,91
111,7,4.97297,9,83,92
112,7,5.14286,9,87,96
113,7,5.09735,9,87,96
114,7,5.05263,9,87,96
115,8,5.06087,9,88,97
116,8,5.22414,9,92,101
117,8,5.23077,9,93,102
118,8,5.23729,9,94,103
119,8,5.2437,9,95,104
120,8,5.25,9,96,105
121,8,5.20661,9,96,105
122,8,5.21311,9,97,106
123,8,5.17073,9,97,106
124,8,5.17742,9,98,107
125,8,5.184,9,99,108
126,8,5.14286,9,99,108
127,8,5.14961,9,100,109
128,8,5.10938,9,100,109
129,8,5.11628,9,101,110
130,8,5.07692,9,101,110
131,8,5.03817,9,101,110
132,8,5,9,101,110
133,8,4.96241,9,101,110
134,8,5.10448,9,105,114
135,8,5.06667,9,105,114
136,8,5.02941,9,105,114
137,8,5.0365,9,106,115
138,8,5,9,106,115
139,8,5.05036,9,108,117
140,8,5.01429,9,108,117
141,8,4.97872,9,108,117
142,8,4.94366,9,108,117
143,8,4.95105,9,109,118
144,8,4.91667,9,109,118
145,8,5.04828,9,113,122
146,8,5.0137,9,113,122
147,8,4.97959,9,113,122
148,8,4.98649,9,114,123
149,8,4.95302,9,114,123
150,8,4.92,9,114,123
151,8,4.92715,9,115,124
152,8,5.05263,9,119,128
153,8,5.05882,9,120,129
154,8,5.06494,9,121,130
155,8,5.07097,9,122,131
156,8,5.07692,9,123,132
157,8,5.0828,9,124,133
158,8,5.08861,9,125,134
159,8,5.09434,9,126,135
160,8,5.1,9,127,136
161,8,5.06832,9,127,136
162,8,5.03704,9,127,136
163,8,5.00613,9,127,136
164,8,5.12195,9,131,140
165,8,5.23636,9,135,144
166,8,5.3494,9,139,148
167,8,5.31737,9,139,148
168,8,5.28571,9,139,148
169,8,5.32544,9,141,150
170,8,5.29412,9,141,150
171,8,5.29825,9,142,151
172,8,5.30233,9,143,152
173,8,5.30636,9,144,153
174,8,5.27586,8,0,153
175,8,5.24571,8,0,153
176,8,5.21591,8,0,153
177,8,5.22034,8,1,154
178,8,5.22472,8,2,155
179,8,5.22905,8,3,156
180,8,5.23333,8,4,157
181,8,5.20442,8,4,157
182,8,5.20879,8,5,158
183,8,5.18033,8,5,158
184,9,5.18478,8,6,159
185,9,5.18919,8,7,160
186,9,5.29032,8,11,164
187,9,5.39037,8,15,168
188,9,5.3617,8,15,168
189,9,5.36508,8,16,169
190,9,5.36842,8,17,170
191,9,5.37173,8,18,171
192,9,5.375,8,19,172
193,9,5.37824,8,20,173
194,9,5.38144,8,21,174
195,9,5.38462,8,22,175
196,9,5.38776,8,23,176
197,9,5.39086,8,24,177
198,9,5.39394,8,25,178
199,9,5.39698,8,26,179
200,9,5.4,8,27,180
201,9,5.40299,8,28,181
202,9,5.40594,8,29,182
203,9,5.40887,8,30,183
204,9,5.41176,8,31,184
205,9,5.41463,8,32,185
206,9,5.41748,8,33,186
207,9,5.42029,8,34,187
208,9,5.39423,8,34,187
209,9,5.39713,8,35,188
210,10,5.4,8,36,189
211,10,5.37441,8,36,189
212,10,5.37736,8,37,190
213,10,5.35211,8,37,190
214,10,5.3271,8,37,190
215,10,5.33023,8,38,191
216,10,5.30556,8,38,191
217,10,5.30876,8,39,192
218,10,5.33945,8,41,194
219,11,5.34247,8,42,195
220,11,5.42727,8,46,199
221,11,5.42986,8,47,200
222,11,5.43243,8,48,201
223,11,5.43498,8,49,202
224,11,5.4375,8,50,203
225,11,5.52,8,54,207
226,11,5.54867,8,56,209
227,11,5.62996,8,60,213
228,11,5.63158,8,61,214
229,11,5.63319,8,62,215
230,11,5.63478,8,63,216
231,11,5.71429,8,67,220
232,11,5.68966,8,67,220
233,11,5.71674,8,69,222
234,11,5.71795,8,70,223
235,11,5.74468,8,72,225
236,11,5.74576,8,73,226
237,11,5.74684,8,74,227
238,11,5.82353,8,78,231
239,11,5.89958,8,82,235
240,11,5.9,8,83,236
241,11,5.87552,8,83,236
242,12,5.87603,8,84,237
243,12,5.87654,8,85,238
244,12,5.87705,8,86,239
245,12,5.87755,8,87,240
246,12,5.87805,8,88,241
247,12,5.90283,8,90,243
248,12,5.90323,8,91,244
249,12,5.87952,7,0,244
250,12,5.88,7,1,245
251,12,5.85657,7,1,245
252,12,5.83333,7,1,245
253,12,5.81028,7,1,245
254,12,5.81102,7,2,246
255,12,5.83529,7,4,248
256,12,5.8125,7,4,248
257,12,5.81323,7,5,249
258,12,5.7907,7,5,249
259,12,5.79151,7,6,250
260,12,5.86154,7,10,254
261,12,5.86207,7,11,255
262,12,5.8626,7,12,256
263,12,5.86312,7,13,257
264,12,5.86364,7,14,258
265,12,5.86415,7,15,259
266,12,5.86466,7,16,260
267,12,5.86517,7,17,261
268,12,5.84328,7,17,261
269,12,5.82156,7,17,261
270,12,5.93333,7,23,267
271,12,5.93358,7,24,268
272,12,5.91176,7,24,268
273,12,5.93407,7,26,270
274,12,5.93431,7,27,271
275,12,5.93455,7,28,272
276,12,5.93478,7,29,273
277,12,6.04332,7,35,279
278,12,6.02158,6,0,279
279,12,6,5,0,279
280,12,5.97857,5,0,279
281,12,5.9573,5,0,279
282,12,5.95745,5,1,280
283,12,5.9576,5,2,281
284,12,5.95775,5,3,282
285,12,5.95789,5,4,283
286,12,5.93706,4,0,283
287,12,5.91638,4,0,283
288,12,5.89583,4,0,283
289,12,5.87543,4,0,283
290,17,5.95862,4,5,288
291,17,5.95876,4,6,289
292,17,5.93836,4,6,289
293,17,5.91809,4,6,289
294,17,5.89796,4,6,289
295,17,5.89831,4,7,290
296,17,5.89865,4,8,291
297,17,5.89899,4,9,292
298,17,5.89933,4,10,293
299,17,5.91973,4,12,295
300,17,5.9,4,12,295
301,17,5.90033,4,13,296
302,17,5.92053,4,15,298
303,17,5.90099,3,0,298
304,17,5.90132,3,1,299
305,17,5.90164,3,2,300
306,17,5.88235,2,0,300
307,17,5.88274,2,1,301