1,0,0,10,0,0
2,0,0,10,0,0
3,0,0,10,0,0
4,0,1.5,10,1,1
5,0,1.2,10,1,1
6,0,5,10,5,5
7,0,4.28571,10,5,5
8,0,6.75,10,9,9
9,0,6.66667,10,10,10
10,0,6.6,10,11,11
11,0,6,10,11,11
12,0,5.5,10,11,11
13,0,7.84615,10,17,17
14,0,7.28571,10,17,17
15,0,6.8,10,17,17
16,0,6.375,10,17,17
17,0,6,10,17,17
18,0,5.66667,10,17,17
19,0,5.36842,9,0,17
20,0,5.1,9,0,17
21,0,4.85714,9,0,17
22,0,4.90909,9,1,18
23,0,4.69565,9,1,18
24,1,4.75,9,2,19
25,1,4.56,9,2,19
26,1,5.07692,9,5,22
27,1,4.88889,9,5,22
28,1,5.57143,9,9,26
29,1,6.2069,9,13,30
30,1,6,9,13,30
31,1,6,9,14,31
32,1,6,9,15,32
33,1,6,9,16,33
34,1,5.82353,9,16,33
35,1,5.65714,9,16,33
36,1,5.5,9,16,33
37,1,6,9,20,37
38,1,6,9,21,38
39,1,6.76923,9,27,44
40,1,6.6,9,27,44
41,1,6.43902,9,27,44
42,1,6.28571,9,27,44
43,1,6.13953,9,27,44
44,1,6.81818,9,33,50
45,1,6.66667,9,33,50
46,1,6.52174,9,33,50
47,1,6.89362,9,37,54
48,1,6.875,9,38,55
49,1,6.73469,9,38,55
50,2,6.72,9,39,56
51,2,6.70588,9,40,57
52,2,6.57692,9,40,57
53,2,6.45283,9,40,57
54,2,6.77778,9,44,61
55,2,7.09091,9,48,65
56,2,6.96429,9,48,65
57,2,6.84211,9,48,65
58,2,6.82759,9,49,66
59,2,6.71186,9,49,66
60,2,6.7,9,50,67
61,2,6.59016,9,50,67
62,2,6.58065,9,51,68
63,2,6.85714,9,55,72
64,2,6.84375,9,56,73
65,2,6.92308,9,58,75
66,2,6.90909,9,59,76
67,2,6.89552,9,60,77
68,2,6.88235,9,61,78
69,2,6.78261,9,61,78
70,2,6.68571,9,61,78
71,2,6.92958,9,65,82
72,2,6.83333,9,65,82
73,2,6.73973,9,65,82
74,2,6.64865,9,65,82
75,2,6.56,9,65,82
76,2,6.47368,9,65,82
77,2,6.46753,9,66,83
78,2,6.38462,9,66,83
79,2,6.37975,9,67,84
80,2,6.3,9,67,84
81,2,6.22222,9,67,84
82,2,6.14634,9,67,84
83,2,6.07229,9,67,84
84,2,6,9,67,84
85,2,6,9,68,85
86,2,6,9,69,86
87,2,5.93103,9,69,86
88,2,5.93182,9,70,87
89,2,5.86517,9,70,87
90,2,5.8,9,70,87
91,2,5.8022,9,71,88
92,2,5.80435,9,72,89
93,2,5.80645,9,73,90
94,2,5.87234,9,75,92
95,2,6.06316,9,79,96
96,2,6.0625,9,80,97
97,2,6.06186,9,81,98
98,2,6.12245,9,83,100
99,2,6.06061,9,83,100
100,2,6,8,0,100
101,2,5.94059,8,0,100
102,2,6.23529,8,6,106
103,2,6.17476,8,6,106
104,2,6.11538,8,6,106
105,2,6.05714,8,6,106
106,2,6.0566,8,7,107
107,2,6,8,7,107
108,2,5.94444,8,7,107
109,2,5.88991,8,7,107
110,2,5.83636,8,7,107
111,2,5.83784,8,8,108
112,2,6,8,12,112
113,2,6,8,13,113
114,2,6,8,14,114
115,2,6,8,15,115
116,2,5.94828,8,15,115
117,2,5.89744,8,15,115
118,2,5.84746,8,15,115
119,6,6,8,19,119
120,6,6.05,8,21,121
121,6,6,8,21,121
122,6,5.95082,8,21,121
123,6,5.95122,8,22,122
124,6,6.04839,8,25,125
125,6,6.048,8,26,126
126,6,6.04762,8,27,127
127,6,6.04724,8,28,128
128,6,6.04688,8,29,129
129,6,6,8,29,129
130,6,5.95385,8,29,129
131,6,5.9084,8,29,129
132,6,5.90909,8,30,130
133,6,5.95489,8,32,132
134,6,5.91045,8,32,132
135,6,5.91111,8,33,133
136,6,5.91176,8,34,134
137,6,5.9562,8,36,136
138,6,5.91304,8,36,136
139,6,5.91367,8,37,137
140,6,5.95714,8,39,139
141,6,5.91489,8,39,139
142,6,5.91549,8,40,140
143,6,5.91608,8,41,141
144,6,5.91667,8,42,142
145,6,5.87586,8,42,142
146,6,6,8,46,146
147,6,6,8,47,147
148,6,6,8,48,148
149,6,6,8,49,149
150,6,6,8,50,150
151,6,6,8,51,151
152,6,5.96053,8,51,151
153,6,5.96078,8,52,152
154,6,5.96104,8,53,153
155,6,5.92258,8,53,153
156,6,5.88462,8,53,153
157,6,5.88535,8,54,154
158,7,5.88608,8,55,155
159,7,5.88679,8,56,156
160,7,5.8875,8,57,157
161,7,5.85093,8,57,157
162,7,5.85185,8,58,158
163,7,5.81595,8,58,158
164,7,5.85366,8,60,160
165,7,5.81818,8,60,160
166,7,5.81928,8,61,161
167,7,5.82036,8,62,162
168,7,5.82143,8,63,163
169,7,5.82249,8,64,164
170,7,5.82353,8,65,165
171,7,5.82456,8,66,166
172,7,5.7907,8,66,166
173,7,5.79191,8,67,167
174,7,5.75862,8,67,167
175,7,5.76,8,68,168
176,7,5.72727,7,0,168
177,7,5.69492,7,0,168
178,7,5.69663,7,1,169
179,7,5.69832,7,2,170
180,7,5.66667,7,2,170
181,7,5.66851,7,3,171
182,7,5.67033,7,4,172
183,7,5.67213,7,5,173
184,7,5.67391,7,6,174
185,7,5.67568,7,7,175
186,7,5.67742,7,8,176
187,7,5.74332,7,11,179
188,7,5.71277,7,11,179
189,7,5.68254,7,11,179
190,7,5.68421,7,12,180
191,7,5.65445,7,12,180
192,7,5.625,7,12,180
193,8,5.62694,7,13,181
194,8,5.62887,7,14,182
195,8,5.63077,7,15,183
196,8,5.60204,7,15,183
197,8,5.60406,7,16,184
198,8,5.63636,7,18,186
199,8,5.60804,7,18,186
200,8,5.61,7,19,187
201,8,5.61194,7,20,188
202,8,5.58416,7,20,188
203,8,5.58621,7,21,189
204,8,5.58824,7,22,190
205,8,5.59024,7,23,191
206,8,5.59223,7,24,192
207,8,5.5942,7,25,193
208,8,5.59615,7,26,194
209,8,5.56938,7,26,194
210,8,5.54286,7,26,194
211,8,5.51659,6,0,194
212,9,5.51887,6,1,195
213,9,5.49296,6,1,195
214,9,5.49533,6,2,196
215,11,5.52558,6,4,198
216,12,5.52778,6,5,199
217,12,5.52995,6,6,200
218,12,5.53211,6,7,201
219,12,5.53425,6,8,202
220,14,5.56364,6,10,204
221,14,5.56561,6,11,205
222,14,5.54054,6,11,205
223,14,5.5426,6,12,206
224,14,5.51786,6,12,206
225,14,5.65333,6,18,212
226,14,5.73451,6,22,216
227,14,5.73568,6,23,217
228,14,5.73684,6,24,218
229,14,5.73799,6,25,219
230,14,5.71304,6,25,219
231,14,5.81818,6,30,224
232,14,5.7931,6,30,224
233,14,5.79399,6,31,225
234,14,5.79487,6,32,226
235,14,5.82128,6,34,228
236,14,5.79661,6,34,228
237,14,5.92405,6,40,234
238,14,5.89916,6,40,234
239,14,5.87448,6,40,234
240,15,5.875,6,41,235
241,15,5.85062,6,41,235
242,15,5.87603,6,43,237
243,15,5.87654,6,44,238
244,15,5.90164,6,46,240
245,15,5.87755,6,46,240
246,15,5.95122,6,50,244
247,15,5.95142,6,51,245
248,15,5.92742,6,51,245
249,15,5.92771,6,52,246
250,15,5.904,6,52,246
251,15,5.88048,6,52,246
252,15,5.85714,5,0,246
253,15,5.83399,5,0,246
254,16,5.83465,5,1,247
255,16,5.83529,5,2,248
256,16,5.8125,5,2,248
257,16,5.78988,5,2,248
258,16,5.7907,5,3,249
259,16,5.79151,5,4,250
260,16,5.79231,5,5,251
261,16,5.7931,5,6,252
262,16,5.79389,5,7,253
263,16,5.79468,5,8,254
264,16,5.90909,5,14,260
265,16,6.02264,5,20,266
266,16,6,5,20,266
267,16,6,5,21,267
268,16,6,5,22,268
269,16,5.9777,5,22,268
270,16,5.95556,5,22,268
271,16,5.95572,5,23,269
272,16,5.93382,5,23,269
273,16,5.91209,5,23,269
274,16,5.91241,5,24,270
275,17,5.91273,5,25,271
276,17,5.91304,5,26,272
277,17,5.91336,5,27,273
278,17,5.89209,5,27,273
279,17,5.89247,5,28,274
280,17,5.91429,5,30,276
281,17,5.93594,5,32,278
282,17,5.91489,5,32,278
283,17,5.91519,5,33,279
284,17,5.93662,5,35,281
285,17,5.93684,5,36,282
286,17,5.91608,5,36,282
287,17,5.93728,5,38,284
288,17,5.91667,5,38,284
289,17,5.93772,5,40,286
290,17,5.95862,5,42,288
291,17,6,5,45,291
292,17,6.06164,5,49,295
293,17,6.04096,5,49,295
294,17,6.04082,5,50,296
295,17,6.02034,5,50,296
296,17,6.02027,5,51,297
297,17,6,5,51,297
298,17,6,5,52,298
299,17,6.10033,5,58,304
