1,0,0,10,0,0
2,0,0,10,0,0
3,0,4,10,2,2
4,0,3,10,2,2
5,0,2.4,10,2,2
6,0,2,10,2,2
7,0,1.71429,10,2,2
8,0,1.5,10,2,2
9,0,1.33333,10,2,2
10,0,1.8,10,3,3
11,0,1.63636,10,3,3
12,0,2,10,4,4
13,0,1.84615,10,4,4
14,0,1.71429,10,4,4
15,0,1.6,10,4,4
16,0,1.5,10,4,4
17,0,1.41176,10,4,4
18,0,1.33333,10,4,4
19,0,2.52632,10,8,8
20,0,2.7,10,9,9
21,0,2.85714,10,10,10
22,0,2.72727,9,0,10
23,0,2.86957,9,1,11
24,0,3,9,2,12
25,0,2.88,9,2,12
26,0,3,9,3,13
27,0,3.11111,9,4,14
28,0,3,9,4,14
29,0,2.89655,9,4,14
30,0,2.8,9,4,14
31,0,2.70968,9,4,14
32,0,2.625,9,4,14
33,0,2.72727,9,5,15
34,0,2.82353,9,6,16
35,0,2.74286,9,6,16
36,0,2.66667,9,6,16
37,0,2.59459,9,6,16
38,0,3.15789,9,10,20
39,0,3.07692,9,10,20
40,0,3,9,10,20
41,0,3.5122,9,14,24
42,0,3.42857,9,14,24
43,0,3.34884,9,14,24
44,0,3.27273,9,14,24
45,0,3.2,9,14,24
46,0,3.13043,9,14,24
47,0,3.06383,9,14,24
48,0,3,9,14,24
49,0,3.06122,9,15,25
50,0,3,9,15,25
51,0,2.94118,9,15,25
52,0,2.88462,9,15,25
53,0,2.83019,9,15,25
54,0,2.77778,9,15,25
55,1,2.83636,9,16,26
56,1,3.21429,9,20,30
57,1,3.15789,9,20,30
58,1,3.10345,9,20,30
59,1,3.15254,9,21,31
60,1,3.3,9,23,33
61,1,3.2459,9,23,33
62,1,3.29032,9,24,34
63,1,3.33333,9,25,35
64,1,3.28125,9,25,35
65,1,3.23077,9,25,35
66,1,3.27273,9,26,36
67,2,3.31343,9,27,37
68,2,3.35294,9,28,38
69,3,3.3913,9,29,39
70,3,3.34286,9,29,39
71,3,3.38028,9,30,40
72,3,3.33333,9,30,40
73,3,3.45205,9,32,42
74,3,3.40541,9,32,42
75,3,3.68,9,36,46
76,3,3.63158,9,36,46
77,3,3.66234,9,37,47
78,3,3.69231,9,38,48
79,4,3.72152,9,39,49
80,4,3.825,9,41,51
81,4,3.92593,9,43,53
82,4,4.17073,9,47,57
83,4,4.12048,9,47,57
84,4,4.07143,9,47,57
85,4,4.02353,9,47,57
86,4,4.04651,9,48,58
87,4,4,9,48,58
88,4,3.95455,9,48,58
89,4,3.97753,9,49,59
90,4,4,9,50,60
91,4,3.95604,9,50,60
92,4,3.91304,9,50,60
93,4,3.93548,9,51,61
94,4,3.89362,9,51,61
95,4,3.91579,9,52,62
96,4,3.875,9,52,62
97,4,3.89691,9,53,63
98,4,3.97959,9,55,65
99,4,3.93939,9,55,65
100,4,3.9,9,55,65
101,4,4.09901,9,59,69
102,4,4.05882,9,59,69
103,4,4.07767,9,60,70
104,4,4.03846,9,60,70
105,4,4,9,60,70
106,4,3.96226,9,60,70
107,4,3.92523,8,0,70
108,4,3.88889,8,0,70
109,4,3.90826,8,1,71
110,4,3.87273,8,1,71
111,4,3.83784,8,1,71
112,4,3.80357,8,1,71
113,4,3.82301,8,2,72
114,4,3.84211,8,3,73
115,4,3.86087,8,4,74
116,4,3.87931,8,5,75
117,4,3.89744,8,6,76
118,4,3.9661,8,8,78
119,4,3.93277,8,8,78
120,4,3.9,8,8,78
121,4,3.96694,8,10,80
122,4,3.93443,8,10,80
123,4,3.90244,8,10,80
124,4,3.87097,8,10,80
125,4,3.84,8,10,80
126,4,3.85714,8,11,81
127,4,3.87402,8,12,82
128,4,3.89062,8,13,83
129,4,3.86047,8,13,83
130,4,3.83077,8,13,83
131,4,3.80153,8,13,83
132,4,3.81818,8,14,84
133,4,3.78947,8,14,84
134,4,3.76119,8,14,84
135,4,3.73333,8,14,84
136,4,3.70588,8,14,84
137,4,3.72263,8,15,85
138,4,3.69565,8,15,85
139,4,3.71223,8,16,86
140,4,3.72857,8,17,87
141,4,3.74468,8,18,88
142,4,3.76056,8,19,89
143,4,3.77622,8,20,90
144,4,3.83333,8,22,92
145,4,3.8069,8,22,92
146,4,3.94521,8,26,96
147,4,3.95918,8,27,97
148,4,3.97297,8,28,98
149,4,4.02685,8,30,100
150,4,4,8,30,100
151,4,4.01325,8,31,101
152,4,4.02632,8,32,102
153,4,4.03922,8,33,103
154,4,4.01299,8,33,103
155,4,4.21935,8,39,109
156,4,4.23077,8,40,110
157,4,4.20382,8,40,110
158,4,4.17722,8,40,110
159,4,4.18868,8,41,111
160,4,4.2,8,42,112
161,4,4.17391,8,42,112
162,4,4.18519,8,43,113
163,4,4.19632,8,44,114
164,4,4.17073,8,44,114
165,4,4.18182,8,45,115
166,4,4.19277,8,46,116
167,4,4.20359,8,47,117
168,4,4.17857,8,47,117
169,4,4.15385,8,47,117
170,4,4.16471,8,48,118
171,4,4.35088,8,54,124
172,4,4.43023,8,57,127
173,4,4.43931,8,58,128
174,4,4.41379,8,58,128
175,4,4.38857,8,58,128
176,6,4.43182,8,60,130
177,6,4.40678,8,60,130
178,6,4.38202,8,60,130
179,6,4.39106,8,61,131
180,6,4.36667,8,61,131
181,6,4.34254,8,61,131
182,6,4.31868,8,61,131
183,6,4.32787,8,62,132
184,6,4.30435,8,62,132
185,6,4.31351,8,63,133
186,6,4.32258,8,64,134
187,6,4.33155,8,65,135
188,6,4.34043,8,66,136
189,6,4.31746,8,66,136
190,6,4.35789,8,68,138
191,6,4.33508,8,68,138
192,6,4.3125,8,68,138
193,6,4.32124,8,69,139
194,6,4.42268,8,73,143
195,6,4.43077,8,74,144
196,7,4.43878,8,75,145
197,7,4.4467,8,76,146
198,7,4.45455,8,77,147
199,7,4.46231,8,78,148
200,7,4.47,8,79,149
201,7,4.44776,8,79,149
202,7,4.45545,8,80,150
203,7,4.55172,8,84,154
204,7,4.55882,8,85,155
205,7,4.65366,8,89,159
206,7,4.74757,8,93,163
207,7,4.72464,8,93,163
208,7,4.73077,8,94,164
209,7,4.70813,8,94,164
210,7,4.74286,8,96,166
211,7,4.83412,8,100,170
212,7,4.83962,8,101,171
213,7,4.8169,8,101,171
214,7,4.90654,8,105,175
215,7,4.91163,8,106,176
216,7,4.91667,8,107,177
217,7,4.92166,8,108,178
218,7,4.92661,8,109,179
219,8,4.93151,8,110,180
220,8,4.93636,8,111,181
221,8,4.91403,8,111,181
222,8,4.91892,8,112,182
223,8,4.89686,8,112,182
224,8,4.875,8,112,182
225,8,4.85333,8,112,182
226,8,4.85841,8,113,183
227,8,4.837,8,113,183
228,8,4.81579,8,113,183
229,8,4.82096,8,114,184
230,8,4.82609,8,115,185
231,8,4.80519,8,115,185
232,8,4.81034,8,116,186
233,8,4.94421,8,122,192
234,8,4.92308,8,122,192
235,8,4.92766,8,123,193
236,8,4.90678,8,123,193
237,8,4.91139,8,124,194
238,8,4.9916,8,128,198
239,8,4.97071,8,128,198
240,8,4.975,8,129,199
241,8,4.97925,8,130,200
242,8,4.95868,8,130,200
243,8,4.93827,8,130,200
244,8,4.91803,8,130,200
245,8,4.94694,8,132,202
246,8,4.95122,8,133,203
247,8,4.95547,8,134,204
248,8,4.93548,8,134,204
249,8,4.96386,8,136,206
250,8,4.944,8,136,206
251,8,4.97211,8,138,208
252,8,5.04762,8,142,212
253,8,5.05138,8,143,213
254,8,5.05512,8,144,214
255,8,5.17647,8,150,220
256,8,5.15625,8,150,220
257,8,5.13619,8,150,220
258,8,5.25581,8,156,226
259,8,5.25869,8,157,227
260,8,5.26154,8,158,228
261,8,5.33333,8,162,232
262,8,5.40458,8,166,236
263,8,5.40684,8,167,237
264,8,5.40909,8,168,238
265,8,5.41132,8,169,239
266,9,5.41353,8,170,240
267,9,5.48315,8,174,244
268,9,5.55224,8,178,248
269,9,5.5316,8,178,248
270,9,5.51111,8,178,248
271,9,5.49077,8,178,248
272,9,5.47059,8,178,248
273,9,5.45055,8,178,248
274,9,5.47445,8,180,250
275,9,5.49818,8,182,252
276,9,5.56522,8,186,256
277,9,5.54513,7,0,256
278,9,5.54676,7,1,257
279,9,5.54839,7,2,258
280,9,5.61429,7,6,262
281,9,5.61566,7,7,263
282,9,5.61702,7,8,264
283,9,5.61837,7,9,265
284,9,5.59859,7,9,265
285,9,5.6,7,10,266
286,9,5.6014,7,11,267
287,9,5.60279,7,12,268
288,9,5.60417,7,13,269
289,9,5.70934,7,19,275
290,9,5.71034,7,20,276
291,9,5.7732,7,24,280
292,9,5.77397,7,25,281
293,9,5.77474,7,26,282
294,9,5.83673,7,30,286
295,9,5.83729,7,31,287
296,9,5.83784,7,32,288
297,9,5.83838,7,33,289
298,9,5.81879,6,0,289
299,9,5.91973,6,6,295
300,9,6.02,6,12,301
301,9,6.07973,6,16,305
302,9,6.07947,6,17,306
303,9,6.05941,6,17,306
304,9,6.03947,6,17,306
305,9,6.05902,6,19,308
306,9,6.11765,6,23,312