1,0,0,10,0,0
2,0,0,10,0,0
3,1,2,10,1,1
4,1,1.5,10,1,1
5,1,6,10,5,5
6,1,6,10,6,6
7,1,5.14286,10,6,6
8,1,7.5,10,10,10
9,1,9.33333,10,14,14
10,1,8.4,10,14,14
11,1,9.81818,10,18,18
12,1,11,10,22,22
13,1,10.1538,10,22,22
14,1,10.2857,10,24,24
15,1,9.6,10,24,24
16,1,9,10,24,24
17,1,8.47059,10,24,24
18,1,8,10,24,24
19,1,7.57895,10,24,24
20,1,7.2,10,24,24
21,1,6.85714,10,24,24
22,1,6.54545,10,24,24
23,1,6.52174,10,25,25
24,1,6.25,10,25,25
25,1,6,10,25,25
26,1,5.76923,10,25,25
27,1,5.55556,10,25,25
28,1,5.35714,10,25,25
29,1,5.17241,10,25,25
30,1,5,10,25,25
31,1,4.83871,10,25,25
32,1,4.6875,10,25,25
33,1,4.54545,10,25,25
34,1,5.11765,10,29,29
35,2,5.14286,10,30,30
36,2,5,10,30,30
37,2,4.86486,10,30,30
38,2,4.89474,10,31,31
39,2,5.38462,10,35,35
40,2,5.25,10,35,35
41,2,5.12195,10,35,35
42,2,5,10,35,35
43,2,4.88372,10,35,35
44,2,4.77273,10,35,35
45,2,4.66667,10,35,35
46,2,4.82609,10,37,37
47,2,4.85106,10,38,38
48,2,4.75,10,38,38
49,2,4.77551,10,39,39
50,2,4.68,10,39,39
51,2,4.58824,10,39,39
52,2,4.5,10,39,39
53,2,4.86792,10,43,43
54,2,4.77778,10,43,43
55,2,4.8,10,44,44
56,2,4.71429,10,44,44
57,2,4.73684,10,45,45
58,2,4.86207,10,47,47
59,2,4.77966,10,47,47
60,2,4.7,10,47,47
61,2,4.62295,10,47,47
62,2,4.64516,10,48,48
63,2,4.7619,10,50,50
64,2,4.6875,10,50,50
65,2,4.70769,10,51,51
66,2,4.63636,10,51,51
67,2,4.56716,10,51,51
68,2,4.5,10,51,51
69,2,4.52174,10,52,52
70,2,4.54286,10,53,53
71,2,4.47887,10,53,53
72,3,4.5,10,54,54
73,3,4.52055,10,55,55
74,3,4.45946,10,55,55
75,3,4.4,10,55,55
76,3,4.42105,10,56,56
77,3,4.44156,10,57,57
78,3,4.38462,10,57,57
79,3,4.32911,10,57,57
80,3,4.35,10,58,58
81,3,4.2963,10,58,58
82,3,4.2439,9,0,58
83,3,4.19277,9,0,58
84,3,4.21429,9,1,59
85,3,4.16471,9,1,59
86,3,4.11628,9,1,59
87,3,4.06897,9,1,59
88,3,4.02273,9,1,59
89,3,3.97753,9,1,59
90,3,3.93333,9,1,59
91,3,3.95604,9,2,60
92,3,3.91304,9,2,60
93,3,3.93548,9,3,61
94,3,3.95745,9,4,62
95,3,4.16842,9,8,66
96,3,4.125,9,8,66
97,3,4.45361,9,14,72
98,3,4.46939,9,15,73
99,3,4.48485,9,16,74
100,3,4.5,9,17,75
101,3,4.51485,9,18,76
102,3,4.47059,9,18,76
103,3,4.42718,9,18,76
104,3,4.38462,9,18,76
105,3,4.34286,9,18,76
106,3,4.35849,9,19,77
107,3,4.37383,9,20,78
108,3,4.38889,9,21,79
109,3,4.40367,9,22,80
110,3,4.41818,9,23,81
111,3,4.37838,9,23,81
112,3,4.39286,9,24,82
113,3,4.40708,9,25,83
114,3,4.36842,9,25,83
115,3,4.38261,9,26,84
116,3,4.34483,9,26,84
117,3,4.30769,9,26,84
118,3,4.32203,9,27,85
119,3,4.33613,9,28,86
120,3,4.35,9,29,87
121,3,4.36364,9,30,88
122,3,4.37705,9,31,89
123,3,4.39024,9,32,90
124,3,4.40323,9,33,91
125,3,4.368,9,33,91
126,3,4.33333,9,33,91
127,4,4.34646,9,34,92
128,4,4.35938,9,35,93
129,4,4.37209,9,36,94
130,4,4.38462,9,37,95
131,4,4.35115,9,37,95
132,4,4.31818,9,37,95
133,4,4.28571,9,37,95
134,4,4.29851,9,38,96
135,4,4.31111,9,39,97
136,4,4.32353,9,40,98
137,4,4.29197,9,40,98
138,4,4.43478,9,44,102
139,4,4.44604,9,45,103
140,4,4.41429,9,45,103
141,4,4.38298,9,45,103
142,4,4.35211,9,45,103
143,4,4.36364,9,46,104
144,4,4.33333,9,46,104
145,4,4.34483,9,47,105
146,4,4.31507,9,47,105
147,4,4.28571,9,47,105
148,4,4.2973,9,48,106
149,4,4.26846,9,48,106
150,4,4.28,9,49,107
151,4,4.25166,9,49,107
152,4,4.26316,9,50,108
153,4,4.47059,9,56,114
154,5,4.48052,9,57,115
155,5,4.45161,9,57,115
156,5,4.46154,9,58,116
157,5,4.47134,9,59,117
158,5,4.44304,9,59,117
159,5,4.41509,8,0,117
160,5,4.425,8,1,118
161,5,4.39752,8,1,118
162,5,4.37037,8,1,118
163,5,4.34356,8,1,118
164,5,4.35366,8,2,119
165,5,4.32727,8,2,119
166,5,4.3012,8,2,119
167,5,4.31138,8,3,120
168,5,4.28571,8,3,120
169,5,4.26036,8,3,120
170,5,4.23529,8,3,120
171,5,4.35088,8,7,124
172,5,4.36047,8,8,125
173,5,4.36994,8,9,126
174,5,4.37931,8,10,127
175,5,4.35429,8,10,127
176,5,4.32955,8,10,127
177,5,4.33898,8,11,128
178,5,4.31461,8,11,128
179,5,4.2905,8,11,128
180,5,4.3,8,12,129
181,5,4.27624,8,12,129
182,5,4.28571,8,13,130
183,5,4.2623,8,13,130
184,5,4.27174,8,14,131
185,5,4.28108,8,15,132
186,6,4.29032,8,16,133
187,6,4.29947,8,17,134
188,6,4.30851,8,18,135
189,6,4.28571,8,18,135
190,6,4.26316,8,18,135
191,6,4.24084,8,18,135
192,6,4.21875,8,18,135
193,6,4.22798,8,19,136
194,6,4.20619,8,19,136
195,6,4.18462,8,19,136
196,6,4.16327,8,19,136
197,6,4.14213,8,19,136
198,6,4.12121,8,19,136
199,7,4.13065,8,20,137
200,7,4.11,8,20,137
201,7,4.1194,8,21,138
202,7,4.12871,8,22,139
203,7,4.13793,8,23,140
204,7,4.14706,8,24,141
205,7,4.12683,8,24,141
206,7,4.1068,7,0,141
207,7,4.11594,7,1,142
208,7,4.125,7,2,143
209,7,4.10526,7,2,143
210,7,4.11429,7,3,144
211,12,4.23697,7,8,149
212,12,4.21698,7,8,149
213,13,4.22535,7,9,150
214,13,4.23364,7,10,151
215,13,4.26977,7,12,153
216,13,4.25,7,12,153
217,13,4.23041,7,12,153
218,13,4.21101,7,12,153
219,13,4.21918,7,13,154
220,13,4.22727,7,14,155
221,13,4.20814,7,14,155
222,13,4.21622,7,15,156
223,13,4.19731,7,15,156
224,13,4.17857,7,15,156
225,13,4.18667,7,16,157
226,13,4.16814,7,16,157
227,13,4.14978,7,16,157
228,13,4.13158,7,16,157
229,13,4.13974,7,17,158
230,13,4.12174,7,17,158
231,13,4.1039,7,17,158
232,13,4.11207,7,18,159
233,13,4.09442,7,18,159
234,13,4.10256,7,19,160
235,13,4.11064,7,20,161
236,13,4.09322,7,20,161
237,13,4.10127,7,21,162
238,13,4.10924,7,22,163
239,13,4.11715,7,23,164
240,13,4.1,7,23,164
241,13,4.08299,7,23,164
242,13,4.16529,7,27,168
243,13,4.24691,7,31,172
244,13,4.2541,7,32,173
245,14,4.26122,7,33,174
246,14,4.2439,7,33,174
247,14,4.22672,7,33,174
248,14,4.23387,7,34,175
249,14,4.24096,7,35,176
250,14,4.248,7,36,177
251,14,4.23108,7,36,177
252,14,4.2381,7,37,178
253,14,4.24506,7,38,179
254,14,4.27559,7,40,181
255,14,4.28235,7,41,182
256,14,4.26562,7,41,182
257,14,4.27237,7,42,183
258,14,4.27907,7,43,184
259,14,4.28571,7,44,185
260,14,4.26923,7,44,185
261,14,4.25287,6,0,185
262,14,4.23664,6,0,185
263,14,4.24335,6,1,186
264,14,4.22727,6,1,186
265,14,4.21132,6,1,186
266,14,4.21805,6,2,187
267,14,4.20225,6,2,187
268,17,4.25373,6,5,190
269,17,4.26022,6,6,191
270,17,4.26667,6,7,192
271,18,4.27306,6,8,193
272,18,4.25735,6,8,193
273,18,4.32967,6,12,197
274,18,4.33577,6,13,198
275,18,4.32,6,13,198
276,18,4.32609,6,14,199
277,18,4.31047,6,14,199
278,18,4.29496,6,14,199
279,18,4.27957,6,14,199
280,18,4.26429,6,14,199
281,18,4.24911,6,14,199
282,18,4.25532,6,15,200
283,19,4.26148,6,16,201
284,19,4.26761,6,17,202
285,19,4.27368,6,18,203
286,19,4.25874,6,18,203
287,19,4.2439,6,18,203
288,20,4.25,6,19,204
289,20,4.25606,6,20,205
290,20,4.24138,5,0,205
291,20,4.24742,5,1,206
292,20,4.25342,5,2,207
293,20,4.25939,5,3,208
294,20,4.2449,5,3,208
295,20,4.25085,5,4,209
296,20,4.25676,5,5,210
297,20,4.28283,5,7,212
298,20,4.26846,5,7,212
299,20,4.27425,5,8,213
300,20,4.34,5,12,217
301,20,4.34551,5,13,218
302,20,4.33113,5,13,218
303,20,4.31683,4,0,218
304,20,4.32237,4,1,219
305,20,4.32787,4,2,220
306,20,4.33333,4,3,221
307,20,4.33876,4,4,222