1,0,0,10,0,0
2,0,0,10,0,0
3,0,0,10,0,0
4,0,0,10,0,0
5,0,0,10,0,0
6,0,0,10,0,0
7,1,0.857143,10,1,1
8,2,1.5,10,2,2
9,2,1.33333,10,2,2
10,2,1.2,10,2,2
11,2,2.18182,10,4,4
12,2,2,10,4,4
13,2,1.84615,10,4,4
14,2,1.71429,9,0,4
15,2,1.6,9,0,4
16,2,3,9,4,8
17,3,3.17647,9,5,9
18,3,3.33333,9,6,10
19,3,3.15789,9,6,10
20,3,3,9,6,10
21,4,3.14286,9,7,11
22,4,3,9,7,11
23,4,3.91304,9,11,15
24,4,3.75,9,11,15
25,4,3.6,9,11,15
26,4,3.46154,9,11,15
27,4,3.77778,9,13,17
28,4,3.64286,9,13,17
29,5,3.72414,9,14,18
30,5,3.6,9,14,18
31,5,3.48387,9,14,18
32,6,3.5625,9,15,19
33,6,4.18182,9,19,23
34,6,4.05882,9,19,23
35,6,3.94286,9,19,23
36,6,4.5,9,23,27
37,6,4.37838,9,23,27
38,6,4.26316,9,23,27
39,6,4.15385,9,23,27
40,6,4.65,9,27,31
41,6,4.53659,9,27,31
42,6,4.57143,9,28,32
43,6,4.46512,9,28,32
44,6,4.36364,9,28,32
45,6,4.26667,9,28,32
46,6,4.30435,9,29,33
47,6,4.21277,9,29,33
48,6,4.625,9,33,37
49,6,4.65306,9,34,38
50,6,4.56,9,34,38
51,6,4.47059,9,34,38
52,6,4.38462,9,34,38
53,6,4.30189,9,34,38
54,6,4.33333,9,35,39
55,6,4.25455,9,35,39
56,6,4.17857,9,35,39
57,6,4.10526,9,35,39
58,6,4.13793,9,36,40
59,6,4.47458,9,40,44
60,6,4.8,9,44,48
61,6,4.81967,9,45,49
62,6,4.74194,9,45,49
63,6,4.7619,9,46,50
64,6,4.78125,9,47,51
65,6,4.8,9,48,52
66,6,4.81818,9,49,53
67,6,4.74627,9,49,53
68,6,4.67647,9,49,53
69,6,4.6087,9,49,53
70,6,4.88571,9,53,57
71,6,4.90141,9,54,58
72,6,4.91667,9,55,59
73,6,4.84932,9,55,59
74,6,4.78378,9,55,59
75,6,4.8,9,56,60
76,6,4.81579,9,57,61
77,6,4.75325,9,57,61
78,6,4.69231,9,57,61
79,6,4.70886,9,58,62
80,6,4.65,9,58,62
81,6,4.88889,9,62,66
82,6,4.82927,9,62,66
83,6,5.06024,9,66,70
84,6,5,9,66,70
85,6,5.01176,9,67,71
86,6,4.95349,9,67,71
87,6,4.89655,8,0,71
88,6,4.84091,8,0,71
89,6,4.78652,8,0,71
90,6,4.73333,8,0,71
91,6,4.74725,8,1,72
92,6,4.69565,8,1,72
93,6,4.64516,8,1,72
94,6,4.59574,8,1,72
95,6,4.67368,8,3,74
96,6,4.625,8,3,74
97,6,4.57732,8,3,74
98,6,4.59184,8,4,75
99,6,4.54545,8,4,75
100,6,4.5,8,4,75
101,6,4.51485,8,5,76
102,6,4.47059,8,5,76
103,6,4.42718,8,5,76
104,6,4.44231,8,6,77
105,6,4.4,8,6,77
106,6,4.41509,8,7,78
107,6,4.42991,8,8,79
108,6,4.38889,8,8,79
109,6,4.34862,8,8,79
110,6,4.30909,8,8,79
111,6,4.32432,8,9,80
112,6,4.33929,8,10,81
113,6,4.35398,8,11,82
114,6,4.36842,8,12,83
115,6,4.33043,8,12,83
116,6,4.60345,8,18,89
117,6,4.76923,8,22,93
118,6,4.72881,8,22,93
119,6,4.68908,8,22,93
120,6,4.7,8,23,94
121,6,4.66116,8,23,94
122,6,4.62295,8,23,94
123,6,4.58537,8,23,94
124,6,4.54839,8,23,94
125,6,4.512,8,23,94
126,6,4.52381,8,24,95
127,6,4.53543,8,25,96
128,6,4.5,8,25,96
129,6,4.51163,8,26,97
130,6,4.52308,8,27,98
131,6,4.48855,8,27,98
132,6,4.54545,8,29,100
133,6,4.55639,8,30,101
134,6,4.56716,8,31,102
135,6,4.57778,8,32,103
136,6,4.58824,8,33,104
137,6,4.55474,8,33,104
138,6,4.56522,8,34,105
139,6,4.53237,8,34,105
140,6,4.54286,8,35,106
141,6,4.51064,8,35,106
142,6,4.52113,8,36,107
143,8,4.57343,8,38,109
144,8,4.54167,8,38,109
145,8,4.51034,8,38,109
146,8,4.47945,8,38,109
147,8,4.44898,8,38,109
148,8,4.45946,8,39,110
149,8,4.42953,8,39,110
150,8,4.44,8,40,111
151,8,4.4106,8,40,111
152,8,4.38158,8,40,111
153,8,4.35294,8,40,111
154,8,4.32468,8,40,111
155,8,4.29677,8,40,111
156,8,4.42308,8,44,115
157,8,4.3949,8,44,115
158,8,4.36709,8,44,115
159,8,4.37736,8,45,116
160,8,4.35,8,45,116
161,9,4.36025,8,46,117
162,9,4.40741,8,48,119
163,9,4.38037,8,48,119
164,9,4.39024,8,49,120
165,9,4.36364,8,49,120
166,9,4.37349,8,50,121
167,9,4.38323,8,51,122
168,9,4.35714,8,51,122
169,9,4.47337,8,55,126
170,9,4.48235,8,56,127
171,9,4.45614,8,56,127
172,9,4.43023,8,56,127
173,9,4.40462,7,0,127
174,9,4.51724,7,4,131
175,9,4.49143,7,4,131
176,9,4.46591,7,4,131
177,9,4.44068,7,4,131
178,9,4.41573,7,4,131
179,9,4.39106,7,4,131
180,9,4.36667,7,4,131
181,9,4.37569,7,5,132
182,9,4.38462,7,6,133
183,9,4.36066,7,6,133
184,9,4.36957,7,7,134
185,10,4.37838,7,8,135
186,10,4.3871,7,9,136
187,10,4.39572,7,10,137
188,10,4.40426,7,11,138
189,10,4.4127,7,12,139
190,10,4.42105,7,13,140
191,10,4.39791,7,13,140
192,10,4.40625,7,14,141
193,10,4.38342,7,14,141
194,10,4.39175,7,15,142
195,10,4.4,7,16,143
196,10,4.37755,7,16,143
197,10,4.38579,7,17,144
198,10,4.39394,7,18,145
199,10,4.37186,7,18,145
200,10,4.35,7,18,145
201,10,4.35821,7,19,146
202,10,4.33663,6,0,146
203,10,4.37438,6,2,148
204,10,4.35294,6,2,148
205,10,4.33171,6,2,148
206,10,4.33981,6,3,149
207,10,4.31884,6,3,149
208,10,4.29808,6,3,149
209,10,4.27751,6,3,149
210,10,4.37143,6,7,153
211,10,4.35071,6,7,153
212,10,4.35849,6,8,154
213,10,4.33803,6,8,154
214,10,4.31776,6,8,154
215,10,4.29767,6,8,154
216,10,4.30556,6,9,155
217,10,4.28571,6,9,155
218,10,4.37615,6,13,159
219,10,4.35616,6,13,159
220,10,4.33636,6,13,159
221,10,4.31674,6,13,159
222,10,4.32432,6,14,160
223,10,4.33184,6,15,161
224,10,4.3125,6,15,161
225,10,4.32,6,16,162
226,10,4.32743,6,17,163
227,10,4.30837,6,17,163
228,10,4.28947,6,17,163
229,10,4.27074,6,17,163
230,10,4.25217,6,17,163
231,10,4.23377,6,17,163
232,10,4.21552,6,17,163
233,10,4.22318,6,18,164
234,11,4.23077,6,19,165
235,11,4.26383,6,21,167
236,11,4.24576,5,0,167
237,11,4.22785,5,0,167
238,11,4.31092,5,4,171
239,11,4.29289,5,4,171
240,11,4.275,5,4,171
241,11,4.25726,5,4,171
242,11,4.28926,5,6,173
243,11,4.2716,5,6,173
244,11,4.27869,5,7,174
245,11,4.26122,5,7,174
246,11,4.26829,5,8,175
247,11,4.25101,5,8,175
248,13,4.28226,5,10,177
249,13,4.26506,5,10,177
250,13,4.272,5,11,178
251,13,4.25498,5,11,178
252,13,4.28571,5,13,180
253,13,4.26877,5,13,180
254,13,4.25197,5,13,180
255,13,4.25882,5,14,181
256,13,4.24219,5,14,181
257,13,4.22568,5,14,181
258,13,4.2093,5,14,181
259,13,4.21622,5,15,182
260,13,4.2,5,15,182
261,13,4.2069,5,16,183
262,13,4.19084,5,16,183
263,13,4.1749,5,16,183
264,13,4.18182,5,17,184
265,13,4.18868,5,18,185
266,13,4.17293,5,18,185
267,13,4.24719,5,22,189
268,13,4.3209,5,26,193
269,13,4.32714,5,27,194
270,14,4.33333,5,28,195
271,14,4.36162,5,30,197
272,14,4.43382,5,34,201
273,14,4.43956,5,35,202
274,14,4.46715,5,37,204
275,14,4.58182,5,43,210
276,14,4.56522,4,0,210
277,14,4.54874,4,0,210
278,14,4.55396,4,1,211
279,14,4.53763,4,1,211
280,14,4.52143,4,1,211
281,14,4.50534,3,0,211
282,14,4.48936,2,0,211
283,14,4.4735,1,0,211
284,14,4.45775,1,0,211
285,14,4.44211,1,0,211
286,14,4.42657,0,0,211