1,1,6,10,1,1
2,1,3,10,1,1
3,1,2,10,1,1
4,1,1.5,10,1,1
5,3,3.6,10,3,3
6,3,4,10,4,4
7,3,3.42857,10,4,4
8,3,3,10,4,4
9,3,2.66667,10,4,4
10,3,2.4,10,4,4
11,3,3.27273,10,6,6
12,3,5,10,10,10
13,3,4.61538,10,10,10
14,3,4.28571,9,0,10
15,3,4.4,9,1,11
16,3,4.125,9,1,11
17,3,3.88235,9,1,11
18,3,3.66667,9,1,11
19,3,3.47368,9,1,11
20,3,4.5,9,5,15
21,3,4.28571,9,5,15
22,3,4.09091,9,5,15
23,3,3.91304,9,5,15
24,3,3.75,9,5,15
25,3,3.6,9,5,15
26,3,3.46154,9,5,15
27,3,3.77778,9,7,17
28,3,3.64286,9,7,17
29,3,3.51724,9,7,17
30,3,3.4,9,7,17
31,3,3.29032,9,7,17
32,3,3.9375,9,11,21
33,3,3.81818,9,11,21
34,3,4.05882,9,13,23
35,3,3.94286,9,13,23
36,3,4,9,14,24
37,3,3.89189,9,14,24
38,3,4.42105,9,18,28
39,3,4.46154,9,19,29
40,3,4.35,9,19,29
41,3,4.2439,9,19,29
42,3,4.14286,9,19,29
43,3,4.60465,9,23,33
44,3,4.63636,9,24,34
45,3,4.53333,9,24,34
46,3,4.43478,9,24,34
47,3,4.34043,9,24,34
48,3,5,9,30,40
49,3,4.89796,9,30,40
50,3,4.8,9,30,40
51,3,4.70588,9,30,40
52,3,4.61538,9,30,40
53,3,4.5283,9,30,40
54,3,4.88889,9,34,44
55,3,4.90909,9,35,45
56,3,4.92857,9,36,46
57,3,4.84211,9,36,46
58,3,4.75862,9,36,46
59,3,4.67797,9,36,46
60,3,4.9,9,39,49
61,3,4.81967,9,39,49
62,3,4.83871,9,40,50
63,3,4.7619,9,40,50
64,3,4.6875,9,40,50
65,3,4.61538,9,40,50
66,3,4.90909,9,44,54
67,3,4.83582,9,44,54
68,3,4.94118,9,46,56
69,3,4.95652,9,47,57
70,3,4.97143,9,48,58
71,3,4.90141,9,48,58
72,3,4.83333,9,48,58
73,3,4.76712,9,48,58
74,3,4.78378,9,49,59
75,3,4.72,9,49,59
76,3,4.65789,9,49,59
77,3,4.5974,9,49,59
78,3,4.53846,9,49,59
79,3,4.55696,9,50,60
80,3,4.575,9,51,61
81,3,4.59259,9,52,62
82,3,4.7561,9,55,65
83,3,4.98795,9,59,69
84,3,5.21429,9,63,73
85,3,5.57647,9,69,79
86,3,5.51163,9,69,79
87,3,5.44828,9,69,79
88,3,5.38636,9,69,79
89,3,5.32584,9,69,79
90,3,5.33333,9,70,80
91,3,5.27473,9,70,80
92,3,5.28261,9,71,81
93,3,5.22581,9,71,81
94,3,5.23404,9,72,82
95,3,5.17895,9,72,82
96,3,5.125,9,72,82
97,3,5.13402,9,73,83
98,3,5.14286,9,74,84
99,3,5.09091,9,74,84
100,3,5.1,9,75,85
101,3,5.16832,9,77,87
102,3,5.11765,9,77,87
103,3,5.12621,9,78,88
104,3,5.13462,9,79,89
105,3,5.14286,9,80,90
106,3,5.09434,9,80,90
107,3,5.04673,9,80,90
108,5,5.11111,9,82,92
109,5,5.11927,9,83,93
110,5,5.18182,9,85,95
111,5,5.18919,9,86,96
112,5,5.19643,9,87,97
113,5,5.20354,9,88,98
114,5,5.15789,9,88,98
115,5,5.11304,9,88,98
116,5,5.06897,9,88,98
117,5,5.02564,9,88,98
118,5,5.0339,9,89,99
119,5,5.19328,9,93,103
120,5,5.2,9,94,104
121,5,5.15702,9,94,104
122,5,5.11475,8,0,104
123,5,5.07317,8,0,104
124,5,5.03226,8,0,104
125,5,5.04,8,1,105
126,5,5.09524,8,3,107
127,5,5.05512,8,3,107
128,5,5.0625,8,4,108
129,5,5.02326,8,4,108
130,5,4.98462,8,4,108
131,8,5.08397,8,7,111
132,8,5.04545,8,7,111
133,8,5.00752,8,7,111
134,8,4.97015,8,7,111
135,8,4.93333,8,7,111
136,9,4.94118,8,8,112
137,9,4.94891,8,9,113
138,9,4.95652,8,10,114
139,9,4.96403,8,11,115
140,9,4.92857,8,11,115
141,9,4.89362,8,11,115
142,9,4.85915,8,11,115
143,9,4.86713,8,12,116
144,9,4.83333,8,12,116
145,9,4.8,8,12,116
146,9,4.80822,8,13,117
147,10,4.81633,8,14,118
148,10,4.86486,8,16,120
149,10,4.87248,8,17,121
150,10,4.88,8,18,122
151,10,4.88742,8,19,123
152,10,4.89474,8,20,124
153,10,4.86275,8,20,124
154,10,4.87013,8,21,125
155,10,4.87742,8,22,126
156,10,4.88462,8,23,127
157,10,4.8535,8,23,127
158,10,4.82278,8,23,127
159,10,4.83019,8,24,128
160,10,4.8,8,24,128
161,10,4.91925,8,28,132
162,10,4.88889,8,28,132
163,10,4.89571,8,29,133
164,10,4.86585,8,29,133
165,10,4.87273,8,30,134
166,10,4.98795,8,34,138
167,10,4.95808,8,34,138
168,10,4.96429,8,35,139
169,10,4.97041,8,36,140
170,10,4.97647,8,37,141
171,10,4.94737,8,37,141
172,10,5.12791,8,43,147
173,10,5.13295,8,44,148
174,10,5.13793,8,45,149
175,10,5.14286,8,46,150
176,10,5.11364,8,46,150
177,10,5.08475,8,46,150
178,10,5.1236,8,48,152
179,10,5.16201,8,50,154
180,10,5.13333,8,50,154
181,10,5.10497,8,50,154
182,10,5.14286,8,52,156
183,10,5.14754,8,53,157
184,10,5.15217,8,54,158
185,10,5.12432,8,54,158
186,10,5.12903,8,55,159
187,10,5.13369,8,56,160
188,10,5.1383,8,57,161
189,10,5.11111,8,57,161
190,11,5.11579,8,58,162
191,11,5.08901,8,58,162
192,11,5.09375,8,59,163
193,11,5.06736,8,59,163
194,11,5.04124,8,59,163
195,12,5.04615,8,60,164
196,12,5.14286,8,64,168
197,12,5.11675,8,64,168
198,12,5.12121,8,65,169
199,12,5.09548,8,65,169
200,12,5.1,8,66,170
201,12,5.25373,8,72,176
202,12,5.22772,8,72,176
203,12,5.23153,8,73,177
204,12,5.20588,8,73,177
205,12,5.20976,8,74,178
206,12,5.18447,8,74,178
207,12,5.15942,8,74,178
208,12,5.25,8,78,182
209,12,5.22488,8,78,182
210,13,5.22857,8,79,183
211,13,5.23223,8,80,184
212,13,5.23585,8,81,185
213,13,5.21127,8,81,185
214,13,5.21495,8,82,186
215,13,5.2186,8,83,187
216,13,5.22222,8,84,188
217,13,5.19816,8,84,188
218,13,5.2844,8,88,192
219,13,5.26027,8,88,192
220,13,5.34545,8,92,196
221,13,5.34842,8,93,197
222,13,5.35135,8,94,198
223,13,5.32735,8,94,198
224,13,5.33036,8,95,199
225,13,5.30667,8,95,199
226,13,5.28319,8,95,199
227,13,5.28634,8,96,200
228,13,5.31579,8,98,202
229,13,5.29258,8,98,202
230,13,5.26957,8,98,202
231,13,5.24675,8,98,202
232,13,5.22414,8,98,202
233,13,5.22747,8,99,203
234,13,5.20513,8,99,203
235,13,5.25957,8,102,206
236,13,5.26271,8,103,207
237,13,5.34177,8,107,211
