1,0,0,10,0,0
2,0,0,10,0,0
3,0,8,10,4,4
4,0,6,10,4,4
5,0,4.8,10,4,4
6,0,4,10,4,4
7,0,3.42857,10,4,4
8,0,3,10,4,4
9,0,3.33333,10,5,5
10,0,3,10,5,5
11,0,2.72727,10,5,5
12,0,2.5,10,5,5
13,0,2.76923,10,6,6
14,0,3,10,7,7
15,0,2.8,10,7,7
16,0,2.625,10,7,7
17,0,3.88235,10,11,11
18,0,3.66667,10,11,11
19,0,3.47368,10,11,11
20,0,3.3,10,11,11
21,0,3.14286,9,0,11
22,0,3,9,0,11
23,0,3.13043,9,1,12
24,0,3,9,1,12
25,0,2.88,9,1,12
26,0,2.76923,9,1,12
27,0,2.66667,9,1,12
28,0,2.57143,9,1,12
29,0,2.48276,9,1,12
30,0,3.2,9,5,16
31,0,3.09677,9,5,16
32,0,3,9,5,16
33,1,3.09091,9,6,17
34,1,3,9,6,17
35,1,2.91429,9,6,17
36,1,3,9,7,18
37,1,2.91892,9,7,18
38,1,2.84211,9,7,18
39,1,2.76923,9,7,18
40,1,2.7,9,7,18
41,1,2.78049,9,8,19
42,1,2.71429,9,8,19
43,1,2.65116,9,8,19
44,1,2.59091,9,8,19
45,1,2.53333,9,8,19
46,1,3,9,12,23
47,1,2.93617,9,12,23
48,1,2.875,9,12,23
49,1,2.93878,9,13,24
50,1,2.88,9,13,24
51,1,2.82353,9,13,24
52,1,3.23077,9,17,28
53,1,3.28302,9,18,29
54,1,3.22222,9,18,29
55,1,3.16364,9,18,29
56,1,3.10714,9,18,29
57,1,3.05263,9,18,29
58,1,3.10345,9,19,30
59,1,3.05085,9,19,30
60,1,3.1,9,20,31
61,1,3.04918,9,20,31
62,1,3,9,20,31
63,1,3.04762,9,21,32
64,1,3.28125,9,24,35
65,1,3.32308,9,25,36
66,1,3.63636,9,29,40
67,1,3.58209,9,29,40
68,1,3.70588,9,31,42
69,1,3.73913,9,32,43
70,1,3.68571,9,32,43
71,1,3.71831,9,33,44
72,1,3.66667,9,33,44
73,1,3.69863,9,34,45
74,1,3.72973,9,35,46
75,1,3.76,9,36,47
76,1,3.71053,9,36,47
77,1,3.74026,9,37,48
78,1,3.76923,9,38,49
79,1,3.72152,9,38,49
80,1,3.825,9,40,51
81,1,3.85185,9,41,52
82,1,3.80488,9,41,52
83,1,4.04819,9,45,56
84,1,4,9,45,56
85,1,4.23529,9,49,60
86,1,4.25581,9,50,61
87,1,4.2069,9,50,61
88,1,4.15909,8,0,61
89,1,4.11236,8,0,61
90,1,4.13333,8,1,62
91,1,4.08791,8,1,62
92,1,4.1087,8,2,63
93,2,4.12903,8,3,64
94,2,4.08511,8,3,64
95,2,4.04211,8,3,64
96,2,4,8,3,64
97,2,4.20619,8,7,68
98,2,4.22449,8,8,69
99,2,4.18182,8,8,69
100,2,4.38,8,12,73
101,2,4.33663,8,12,73
102,2,4.29412,8,12,73
103,2,4.25243,8,12,73
104,2,4.21154,8,12,73
105,2,4.17143,8,12,73
106,2,4.24528,8,14,75
107,2,4.20561,8,14,75
108,2,4.27778,8,16,77
109,2,4.23853,8,16,77
110,2,4.2,8,16,77
111,2,4.21622,8,17,78
112,2,4.23214,8,18,79
113,2,4.24779,8,19,80
114,2,4.21053,8,19,80
115,2,4.17391,8,19,80
116,2,4.13793,8,19,80
117,2,4.15385,8,20,81
118,2,4.16949,8,21,82
119,2,4.13445,8,21,82
120,2,4.1,8,21,82
121,2,4.1157,8,22,83
122,2,4.27869,8,26,87
123,2,4.2439,8,26,87
124,2,4.25806,8,27,88
125,2,4.224,8,27,88
126,2,4.19048,7,0,88
127,2,4.20472,7,1,89
128,2,4.17188,7,1,89
129,2,4.13953,7,1,89
130,2,4.10769,7,1,89
131,2,4.12214,7,2,90
132,2,4.09091,7,2,90
133,2,4.06015,7,2,90
134,2,4.07463,7,3,91
135,2,4.08889,7,4,92
136,2,4.14706,7,6,94
137,2,4.29197,7,10,98
138,2,4.30435,7,11,99
139,2,4.27338,7,11,99
140,2,4.28571,7,12,100
141,2,4.25532,7,12,100
142,2,4.22535,7,12,100
143,2,4.23776,7,13,101
144,2,4.25,7,14,102
145,2,4.26207,7,15,103
146,2,4.23288,7,15,103
147,2,4.20408,7,15,103
148,2,4.17568,7,15,103
149,2,4.22819,7,17,105
150,2,4.2,7,17,105
151,2,4.21192,7,18,106
152,2,4.22368,7,19,107
153,2,4.23529,7,20,108
154,2,4.20779,7,20,108
155,2,4.18065,7,20,108
156,2,4.23077,7,22,110
157,2,4.20382,7,22,110
158,2,4.17722,6,0,110
159,2,4.18868,6,1,111
160,2,4.3125,6,5,115
161,2,4.32298,6,6,116
162,2,4.2963,6,6,116
163,2,4.30675,6,7,117
164,2,4.28049,6,7,117
165,2,4.29091,6,8,118
166,2,4.3012,6,9,119
167,2,4.27545,5,0,119
168,2,4.25,5,0,119
169,2,4.22485,5,0,119
170,2,4.2,5,0,119
171,2,4.21053,5,1,120
172,2,4.22093,5,2,121
173,2,4.23121,5,3,122
174,2,4.34483,5,7,126
175,2,4.35429,5,8,127
176,2,4.32955,5,8,127
177,2,4.30508,5,8,127
178,2,4.2809,5,8,127
179,2,4.2905,5,9,128
180,2,4.3,5,10,129
181,2,4.27624,5,10,129
182,2,4.25275,4,0,129
183,2,4.29508,4,2,131
184,2,4.30435,4,3,132
185,2,4.28108,4,3,132
186,2,4.29032,4,4,133
187,2,4.26738,4,4,133
188,2,4.24468,4,4,133
189,2,4.22222,4,4,133
190,2,4.23158,4,5,134
191,2,4.24084,4,6,135
192,2,4.25,4,7,136
193,2,4.22798,4,7,136
194,2,4.23711,4,8,137
195,2,4.24615,4,9,138
196,2,4.2551,4,10,139
197,2,4.2335,4,10,139
198,2,4.21212,4,10,139
199,2,4.25126,4,12,141
200,2,4.23,4,12,141
201,2,4.20896,4,12,141
202,2,4.18812,4,12,141
203,2,4.19704,4,13,142
204,2,4.20588,4,14,143
205,2,4.18537,4,14,143
206,2,4.16505,3,0,143
207,2,4.14493,3,0,143
208,2,4.125,3,0,143
209,2,4.10526,3,0,143
210,2,4.08571,3,0,143
211,2,4.06635,3,0,143
212,2,4.07547,3,1,144
213,2,4.05634,3,1,144
214,2,4.06542,3,2,145
215,2,4.07442,3,3,146
216,2,4.05556,3,3,146
217,2,4.03687,3,3,146
218,2,4.12844,3,7,150
219,2,4.10959,3,7,150
220,4,4.14545,3,9,152
221,4,4.1267,3,9,152
222,4,4.10811,3,9,152
223,4,4.11659,3,10,153
224,4,4.125,3,11,154
225,4,4.13333,3,12,155
226,4,4.11504,3,12,155
227,4,4.12335,3,13,156
228,4,4.13158,3,14,157
229,4,4.13974,3,15,158
230,5,4.14783,3,16,159
231,6,4.15584,3,17,160
232,6,4.16379,3,18,161
233,6,4.17167,3,19,162
234,6,4.17949,3,20,163
235,6,4.1617,3,20,163
236,6,4.16949,3,21,164
237,6,4.17722,3,22,165
238,6,4.15966,3,22,165
239,6,4.16736,3,23,166
240,6,4.175,3,24,167
241,6,4.18257,3,25,168
242,7,4.19008,3,26,169
243,7,4.19753,3,27,170
244,7,4.20492,3,28,171
245,7,4.18776,3,28,171
246,7,4.17073,3,28,171
247,7,4.17814,3,29,172
248,7,4.16129,3,29,172
249,7,4.16867,3,30,173
250,7,4.176,3,31,174
251,7,4.15936,3,31,174
252,7,4.14286,3,31,174
253,7,4.12648,3,31,174
254,7,4.13386,3,32,175
255,7,4.11765,3,32,175
256,7,4.10156,2,0,175
257,7,4.0856,2,0,175
258,7,4.06977,2,0,175
259,7,4.10039,2,2,177
260,7,4.08462,2,2,177
261,7,4.06897,2,2,177
262,7,4.05344,2,2,177
263,7,4.03802,2,2,177
264,7,4.02273,2,2,177
265,8,4.03019,2,3,178
266,8,4.01504,2,3,178
267,8,4.02247,2,4,179
268,8,4.02985,2,5,180
269,8,4.01487,2,5,180
270,8,4,1,0,180
271,8,3.98524,1,0,180
272,8,3.97059,1,0,180
273,8,3.97802,1,1,181
274,8,3.9635,1,1,181
275,8,3.99273,1,3,183
276,8,3.97826,1,3,183
277,8,4.00722,1,5,185
278,9,4.01439,1,6,186
279,9,4.02151,1,7,187
280,9,4.02857,1,8,188
281,9,4.03559,1,9,189
282,9,4.02128,1,9,189
283,9,4.00707,1,9,189
284,9,4.03521,1,11,191
285,9,4.10526,1,15,195
286,9,4.11189,1,16,196
287,9,4.09756,1,16,196
288,9,4.08333,1,16,196
289,9,4.08997,1,17,197
290,9,4.13793,1,20,200
291,9,4.14433,1,21,201
292,9,4.21233,1,25,205
293,9,4.21843,1,26,206
294,9,4.2449,1,28,208
295,9,4.25085,1,29,209
296,9,4.27703,1,31,211
297,9,4.28283,1,32,212
298,9,4.26846,1,32,212
299,9,4.29431,1,34,214
300,9,4.36,1,38,218
301,9,4.46512,1,44,224
302,9,4.4702,1,45,225
303,9,4.47525,1,46,226
304,9,4.46053,0,0,226
