1,0,0,10,0,0
2,1,3,10,1,1
3,2,4,10,2,2
4,2,3,10,2,2
5,2,7.2,10,6,6
6,2,6,10,6,6
7,2,5.14286,10,6,6
8,2,4.5,10,6,6
9,2,4,10,6,6
10,2,3.6,10,6,6
11,2,3.27273,10,6,6
12,2,5,10,10,10
13,2,4.61538,10,10,10
14,2,4.28571,10,10,10
15,2,5.6,10,14,14
16,2,6,10,16,16
17,2,6,10,17,17
18,2,7,10,21,21
19,2,6.63158,10,21,21
20,3,6.6,10,22,22
21,3,6.28571,10,22,22
22,3,6,10,22,22
23,3,5.73913,10,22,22
24,3,5.75,10,23,23
25,3,5.52,10,23,23
26,3,5.30769,10,23,23
27,3,5.11111,10,23,23
28,3,5.78571,10,27,27
29,3,5.58621,10,27,27
30,3,5.6,10,28,28
31,3,5.80645,10,30,30
32,3,6.375,10,34,34
33,3,7.27273,10,40,40
34,3,7.05882,10,40,40
35,3,7.54286,10,44,44
36,3,7.33333,10,44,44
37,4,7.2973,10,45,45
38,4,7.10526,10,45,45
39,4,6.92308,10,45,45
40,4,6.75,10,45,45
41,4,6.58537,10,45,45
42,4,6.42857,10,45,45
43,4,6.83721,10,49,49
44,4,7.22727,10,53,53
45,4,7.06667,10,53,53
46,4,7.69565,10,59,59
47,4,8.29787,10,65,65
48,4,8.375,10,67,67
49,4,8.20408,10,67,67
50,4,8.16,10,68,68
51,4,8,10,68,68
52,5,7.96154,10,69,69
53,5,7.92453,10,70,70
54,5,7.88889,10,71,71
55,5,8.4,10,77,77
56,5,8.25,10,77,77
57,5,8.52632,10,81,81
58,5,8.37931,10,81,81
59,5,8.33898,10,82,82
60,5,8.2,10,82,82
61,5,8.06557,10,82,82
62,5,7.93548,10,82,82
63,5,7.80952,10,82,82
64,5,7.78125,10,83,83
65,5,7.66154,10,83,83
66,5,7.54545,10,83,83
67,5,7.43284,10,83,83
68,5,7.41176,10,84,84
69,5,7.3913,10,85,85
70,5,7.37143,10,86,86
71,5,7.35211,10,87,87
72,5,7.33333,10,88,88
73,5,7.31507,10,89,89
74,5,7.21622,10,89,89
75,5,7.12,10,89,89
76,5,7.02632,10,89,89
77,5,6.93506,10,89,89
78,5,6.92308,10,90,90
79,5,6.83544,10,90,90
80,5,6.75,10,90,90
81,5,6.74074,10,91,91
82,5,6.73171,10,92,92
83,5,6.72289,10,93,93
84,5,6.64286,10,93,93
85,5,6.63529,10,94,94
86,5,6.83721,10,98,98
87,5,6.75862,10,98,98
88,5,6.68182,10,98,98
89,5,6.67416,10,99,99
90,5,6.6,10,99,99
91,5,6.52747,10,99,99
92,5,6.52174,10,100,100
93,5,6.45161,10,100,100
94,5,6.44681,10,101,101
95,5,6.37895,10,101,101
96,5,6.3125,10,101,101
97,6,6.30928,10,102,102
98,7,6.30612,10,103,103
99,7,6.30303,10,104,104
100,7,6.6,10,110,110
101,7,6.77228,10,114,114
102,7,6.94118,10,118,118
103,7,6.87379,10,118,118
104,7,6.80769,10,118,118
105,7,6.8,10,119,119
106,7,6.79245,10,120,120
107,7,6.72897,10,120,120
108,7,7,10,126,126
109,7,6.93578,10,126,126
110,7,6.87273,10,126,126
111,7,6.86486,10,127,127
112,7,6.85714,10,128,128
113,7,6.79646,10,128,128
114,7,6.78947,10,129,129
115,7,6.73043,10,129,129
116,7,6.72414,10,130,130
117,7,6.66667,10,130,130
118,7,6.61017,10,130,130
119,7,6.55462,10,130,130
120,7,6.5,10,130,130
121,7,6.44628,10,130,130
122,7,6.44262,10,131,131
123,7,6.43902,10,132,132
124,7,6.43548,10,133,133
125,7,6.432,10,134,134
126,7,6.42857,10,135,135
127,7,6.4252,10,136,136
128,7,6.46875,10,138,138
129,7,6.51163,10,140,140
130,7,6.73846,10,146,146
131,7,6.73282,10,147,147
132,7,6.72727,10,148,148
133,7,6.7218,10,149,149
134,7,6.71642,10,150,150
135,7,6.71111,10,151,151
136,7,6.70588,10,152,152
137,7,6.70073,10,153,153
138,7,6.65217,9,0,153
139,8,6.64748,8,0,154
140,8,6.6,8,0,154
141,8,6.55319,8,0,154
142,8,6.50704,8,0,154
143,8,6.5035,8,1,155
144,8,6.5,8,2,156
145,8,6.49655,8,3,157
146,8,6.45205,8,3,157
147,8,6.40816,8,3,157
148,8,6.36486,8,3,157
149,8,6.32215,8,3,157
150,8,6.28,8,3,157
151,8,6.23841,8,3,157
152,8,6.23684,8,4,158
153,8,6.19608,8,4,158
154,8,6.19481,8,5,159
155,8,6.15484,8,5,159
156,8,6.11538,8,5,159
157,8,6.15287,8,7,161
158,8,6.1519,8,8,162
159,8,6.11321,8,8,162
160,8,6.075,8,8,162
161,8,6.07453,8,9,163
162,8,6.07407,8,10,164
163,8,6.11043,8,12,166
164,8,6.07317,8,12,166
165,8,6.07273,8,13,167
166,8,6.03614,8,13,167
167,8,6.14371,8,17,171
168,8,6.10714,8,17,171
169,8,6.10651,8,18,172
170,8,6.14118,8,20,174
171,8,6.10526,8,20,174
172,8,6.06977,8,20,174
173,8,6.06936,8,21,175
174,8,6.06897,8,22,176
175,8,6.03429,8,22,176
176,8,6.03409,8,23,177
177,8,6.13559,8,27,181
178,8,6.13483,8,28,182
179,8,6.10056,8,28,182
180,8,6.2,8,32,186
181,8,6.16575,8,32,186
182,8,6.26374,8,36,190
183,8,6.2623,8,37,191
184,8,6.26087,8,38,192
185,8,6.22703,8,38,192
186,8,6.19355,7,0,192
187,8,6.16043,7,0,192
188,8,6.25532,7,4,196
189,8,6.22222,7,4,196
190,8,6.22105,7,5,197
191,8,6.18848,7,5,197
192,8,6.1875,7,6,198
193,8,6.15544,7,6,198
194,8,6.15464,7,7,199
195,8,6.15385,7,8,200
196,8,6.12245,7,8,200
197,8,6.09137,7,8,200
198,8,6.09091,7,9,201
199,9,6.09045,7,10,202
200,9,6.09,7,11,203
201,9,6.1791,7,15,207
202,9,6.17822,7,16,208
203,9,6.14778,7,16,208
204,9,6.11765,7,16,208
205,9,6.0878,7,16,208
206,9,6.05825,7,16,208
207,9,6.05797,7,17,209
208,9,6.02885,7,17,209
209,9,6,7,17,209
210,9,6,7,18,210
211,9,6,7,19,211
212,9,6,7,20,212
213,9,5.97183,7,20,212
214,9,5.97196,7,21,213
215,9,5.94419,7,21,213
216,9,5.94444,7,22,214
217,9,5.97235,7,24,216
218,9,5.94495,7,24,216
219,9,5.94521,7,25,217
220,9,5.94545,7,26,218
221,9,5.9457,7,27,219
222,9,6,7,30,222
223,9,5.97309,7,30,222
224,9,5.97321,7,31,223
225,9,6,7,33,225
226,9,6,7,34,226
227,9,6,7,35,227
228,9,6.13158,7,41,233
229,9,6.1048,7,41,233
230,9,6.10435,7,42,234
231,9,6.15584,7,45,237
232,9,6.12931,7,45,237
233,9,6.12876,7,46,238
234,9,6.15385,7,48,240
235,9,6.12766,7,48,240
236,9,6.12712,7,49,241
237,9,6.12658,7,50,242
238,9,6.12605,7,51,243
239,9,6.12552,7,52,244
240,9,6.125,7,53,245
241,9,6.12448,7,54,246
242,9,6.09917,7,54,246
243,9,6.07407,7,54,246
244,9,6.07377,7,55,247
245,9,6.12245,7,58,250
246,9,6.09756,7,58,250
247,9,6.09717,7,59,251
248,9,6.09677,7,60,252
249,9,6.16867,7,64,256
250,9,6.144,7,64,256
251,9,6.21514,7,68,260
252,9,6.28571,7,72,264
253,9,6.28458,7,73,265
254,9,6.28346,7,74,266
255,9,6.28235,7,75,267
256,9,6.28125,7,76,268
257,9,6.28016,7,77,269
258,9,6.27907,7,78,270
259,9,6.32432,7,81,273
260,9,6.32308,7,82,274
261,9,6.34483,7,84,276
262,9,6.32061,7,84,276
263,9,6.29658,6,0,276
264,9,6.29545,6,1,277
265,9,6.40755,6,7,283
266,9,6.40602,6,8,284
267,9,6.40449,6,9,285
268,9,6.40299,6,10,286
269,9,6.40149,6,11,287
270,9,6.4,6,12,288
271,9,6.46494,6,16,292
272,9,6.46324,6,17,293
273,9,6.48352,6,19,295
274,9,6.54745,6,23,299
275,9,6.54545,6,24,300
276,10,6.54348,6,25,301
277,10,6.64982,6,31,307
278,10,6.7554,6,37,313
279,10,6.86022,6,43,319
280,10,6.85714,6,44,320
281,10,6.83274,5,0,320
282,10,6.82979,5,1,321
283,10,6.82686,5,2,322
284,10,6.82394,5,3,323
285,10,6.84211,5,5,325
286,10,6.83916,5,6,326
287,10,6.83624,5,7,327
288,10,6.83333,5,8,328
289,10,6.93426,5,14,334
290,10,7.03448,5,20,340
291,10,7.03093,5,21,341
292,10,7.0274,5,22,342
293,10,7.02389,5,23,343
294,10,7.02041,4,0,344
295,10,7.01695,4,1,345
296,10,7.01351,4,2,346
297,10,7.0101,4,3,347
298,10,7.10738,4,9,353
299,10,7.16388,4,13,357
300,10,7.18,4,15,359
301,10,7.23588,4,19,363
302,10,7.23179,4,20,364
303,10,7.20792,3,0,364
304,11,7.20395,3,1,365
305,11,7.18033,3,1,365
306,11,7.17647,3,2,366
307,11,7.27036,3,8,372
308,11,7.26623,3,9,373
309,11,7.24272,2,0,373