1,0,0,10,0,0
2,0,0,10,0,0
3,0,2,10,1,1
4,0,1.5,10,1,1
5,0,1.2,10,1,1
6,0,1,10,1,1
7,0,4.28571,10,5,5
8,0,4.5,10,6,6
9,0,4,10,6,6
10,0,3.6,10,6,6
11,1,3.81818,10,7,7
12,1,3.5,10,7,7
13,1,3.69231,10,8,8
14,1,5.14286,10,12,12
15,1,4.8,10,12,12
16,1,4.5,10,12,12
17,1,4.23529,10,12,12
18,1,5.33333,10,16,16
19,1,5.05263,10,16,16
20,1,4.8,10,16,16
21,1,4.57143,10,16,16
22,1,4.36364,10,16,16
23,1,4.17391,10,16,16
24,2,4.25,10,17,17
25,2,4.08,10,17,17
26,2,3.92308,10,17,17
27,2,3.77778,10,17,17
28,2,3.64286,10,17,17
29,2,3.51724,10,17,17
30,2,3.8,10,19,19
31,2,3.67742,10,19,19
32,2,3.5625,10,19,19
33,2,3.45455,10,19,19
34,2,4.05882,10,23,23
35,2,3.94286,10,23,23
36,2,3.83333,10,23,23
37,2,3.89189,10,24,24
38,2,3.78947,10,24,24
39,2,3.69231,9,0,24
40,2,3.6,9,0,24
41,2,3.5122,9,0,24
42,2,3.57143,9,1,25
43,2,3.90698,9,4,28
44,2,4.36364,9,8,32
45,2,4.4,9,9,33
46,2,4.30435,9,9,33
47,2,4.21277,9,9,33
48,2,4.25,9,10,34
49,2,4.65306,9,14,38
50,2,4.56,9,14,38
51,2,4.94118,9,18,42
52,2,4.84615,9,18,42
53,3,4.86792,9,19,43
54,3,4.77778,9,19,43
55,3,4.69091,9,19,43
56,3,5.03571,9,23,47
57,3,4.94737,9,23,47
58,3,4.86207,9,23,47
59,3,4.77966,9,23,47
60,3,4.7,9,23,47
61,3,4.62295,9,23,47
62,3,4.54839,9,23,47
63,3,4.47619,9,23,47
64,3,4.40625,9,23,47
65,3,4.33846,9,23,47
66,3,4.27273,9,23,47
67,3,4.56716,9,27,51
68,3,4.5,9,27,51
69,3,4.43478,9,27,51
70,3,4.54286,9,29,53
71,3,4.47887,9,29,53
72,3,4.41667,9,29,53
73,3,4.43836,9,30,54
74,3,4.37838,9,30,54
75,3,4.64,9,34,58
76,3,4.89474,9,38,62
77,3,4.83117,9,38,62
78,3,4.76923,9,38,62
79,3,4.70886,9,38,62
80,3,4.725,9,39,63
81,3,4.66667,9,39,63
82,3,4.68293,9,40,64
83,3,4.6988,9,41,65
84,3,4.64286,9,41,65
85,3,4.58824,9,41,65
86,3,4.53488,9,41,65
87,3,4.55172,9,42,66
88,3,4.56818,9,43,67
89,3,4.58427,9,44,68
90,3,4.8,9,48,72
91,3,4.74725,9,48,72
92,3,4.76087,9,49,73
93,3,4.70968,9,49,73
94,3,4.7234,9,50,74
95,3,4.67368,9,50,74
96,3,4.625,9,50,74
97,3,4.57732,9,50,74
98,3,4.53061,9,50,74
99,3,4.54545,9,51,75
100,3,4.5,9,51,75
101,3,4.45545,9,51,75
102,3,4.41176,9,51,75
103,3,4.60194,9,55,79
104,3,4.78846,9,59,83
105,3,4.74286,9,59,83
106,3,4.75472,9,60,84
107,3,4.71028,9,60,84
108,3,4.66667,9,60,84
109,3,4.62385,9,60,84
110,3,4.58182,9,60,84
111,3,4.64865,9,62,86
112,3,4.66071,9,63,87
113,3,4.61947,9,63,87
114,3,4.78947,9,67,91
115,3,4.74783,9,67,91
116,4,4.75862,9,68,92
117,4,4.71795,9,68,92
118,4,4.67797,9,68,92
119,4,4.63866,9,68,92
120,4,4.8,9,72,96
121,4,4.76033,9,72,96
122,4,4.72131,9,72,96
123,4,4.73171,9,73,97
124,4,4.74194,9,74,98
125,4,4.752,9,75,99
126,4,4.90476,9,79,103
127,4,4.86614,9,79,103
128,4,4.875,9,80,104
129,4,4.83721,9,80,104
130,4,5.07692,9,86,110
131,4,5.08397,9,87,111
132,4,5.04545,9,87,111
133,4,5.05263,9,88,112
134,4,5.01493,9,88,112
135,4,4.97778,9,88,112
136,4,4.98529,9,89,113
137,4,5.12409,9,93,117
138,4,5.17391,9,95,119
139,4,5.13669,9,95,119
140,4,5.14286,9,96,120
141,4,5.19149,9,98,122
142,4,5.15493,9,98,122
143,4,5.11888,9,98,122
144,4,5.08333,9,98,122
145,4,5.04828,9,98,122
146,4,5.05479,9,99,123
147,4,5.06122,9,100,124
148,4,5.02703,9,100,124
149,4,5.07383,9,102,126
150,4,5.04,9,102,126
151,4,5.00662,9,102,126
152,4,5.13158,9,106,130
153,4,5.13725,9,107,131
154,4,5.1039,8,0,131
155,4,5.07097,8,0,131
156,4,5.07692,8,1,132
157,4,5.04459,8,1,132
158,4,5.01266,8,1,132
159,4,5.09434,8,4,135
160,4,5.0625,8,4,135
161,4,5.10559,8,6,137
162,4,5.11111,8,7,138
163,4,5.11656,8,8,139
164,4,5.08537,8,8,139
165,4,5.09091,8,9,140
166,4,5.09639,8,10,141
167,4,5.06587,8,10,141
168,4,5.03571,8,10,141
169,4,5.04142,8,11,142
170,4,5.04706,8,12,143
171,4,5.01754,8,12,143
172,4,4.98837,8,12,143
173,4,5.0289,8,14,145
174,4,5.03448,8,15,146
175,4,5.00571,8,15,146
176,4,4.97727,8,15,146
177,4,4.94915,8,15,146
178,4,4.95506,8,16,147
179,4,4.92737,8,16,147
180,8,5.03333,8,20,151
181,8,5.00552,8,20,151
182,8,5.01099,8,21,152
183,8,5.01639,8,22,153
184,8,5.02174,8,23,154
185,8,4.99459,8,23,154
186,8,4.96774,8,23,154
187,8,5.13369,8,29,160
188,8,5.10638,8,29,160
189,8,5.07937,8,29,160
190,8,5.05263,8,29,160
191,8,5.02618,8,29,160
192,8,5.03125,8,30,161
193,8,5.03627,8,31,162
194,8,5.01031,8,31,162
195,8,4.98462,8,31,162
196,8,4.95918,8,31,162
197,8,4.96447,8,32,163
198,8,4.93939,8,32,163
199,8,4.91457,7,0,163
200,8,4.89,7,0,163
201,8,4.89552,7,1,164
202,8,4.87129,7,1,164
203,8,4.84729,7,1,164
204,8,4.88235,7,3,166
205,8,4.97561,7,7,170
206,8,5.06796,7,11,174
207,8,5.04348,7,11,174
208,8,5.04808,7,12,175
209,8,5.02392,6,0,175
210,8,5,6,0,175
211,8,4.9763,6,0,175
212,8,4.95283,6,0,175
213,8,4.92958,6,0,175
214,8,5.01869,6,4,179
215,8,4.99535,5,0,179
216,8,4.97222,5,0,179
217,8,4.97696,5,1,180
218,8,4.95413,5,1,180
219,8,4.93151,5,1,180
220,8,4.90909,5,1,180
221,8,4.88688,5,1,180
222,8,4.89189,5,2,181
223,8,4.86996,5,2,181
224,8,4.84821,5,2,181
225,8,4.82667,5,2,181
226,8,4.83186,5,3,182
227,8,4.81057,5,3,182
228,8,4.81579,5,4,183
229,8,4.82096,5,5,184
230,8,4.8,4,0,184
231,8,4.77922,3,0,184
232,8,4.75862,3,0,184
233,8,4.7382,3,0,184
234,8,4.71795,3,0,184
235,8,4.7234,3,1,185
236,8,4.70339,3,1,185
237,8,4.68354,3,1,185
238,8,4.68908,3,2,186
239,8,4.71967,3,4,188
240,8,4.7,3,4,188
241,8,4.6805,3,4,188
242,8,4.68595,3,5,189
243,8,4.66667,3,5,189
244,8,4.64754,3,5,189
245,8,4.65306,3,6,190
246,8,4.65854,3,7,191
247,8,4.66397,3,8,192
248,8,4.64516,3,8,192
249,8,4.62651,3,8,192
250,8,4.608,3,8,192
251,8,4.58964,3,8,192
252,8,4.57143,3,8,192
253,8,4.55336,3,8,192
254,8,4.53543,3,8,192
255,8,4.51765,3,8,192
256,8,4.5,3,8,192
257,8,4.50584,3,9,193
258,8,4.5814,3,13,197
259,8,4.56371,3,13,197
260,8,4.54615,3,13,197
261,9,4.55172,3,14,198
262,9,4.53435,3,14,198
263,9,4.51711,3,14,198
264,9,4.54545,3,16,200
265,9,4.5283,3,16,200
266,9,4.51128,3,16,200
267,9,4.49438,3,16,200
268,9,4.5,3,17,201
269,9,4.50558,3,18,202
270,9,4.57778,3,22,206
271,9,4.69373,3,28,212
272,9,4.80882,3,34,218
273,9,4.81319,3,35,219
274,9,4.79562,3,35,219
275,9,4.8,3,36,220
276,9,4.80435,3,37,221
277,9,4.787,2,0,221
278,9,4.76978,1,0,221
279,9,4.75269,1,0,221
280,9,4.73571,1,0,221
281,9,4.71886,1,0,221
282,9,4.70213,1,0,221
283,9,4.81272,1,6,227
284,9,4.79577,1,6,227
285,10,4.8,1,7,228
286,10,4.78322,1,7,228
287,10,4.76655,1,7,228
288,10,4.75,1,7,228
289,10,4.77509,1,9,230
290,10,4.75862,0,0,230