1,0,0,10,0,0
2,0,0,10,0,0
3,0,0,10,0,0
4,0,0,10,0,0
5,0,0,10,0,0
6,0,0,10,0,0
7,0,0,10,0,0
8,0,0,10,0,0
9,0,0,10,0,0
10,0,0,10,0,0
11,0,0,10,0,0
12,0,0,10,0,0
13,0,0,10,0,0
14,0,1.71429,10,4,4
15,0,1.6,10,4,4
16,0,1.5,10,4,4
17,0,1.41176,10,4,4
18,0,1.33333,10,4,4
19,0,3.15789,10,10,10
20,0,3,10,10,10
21,0,2.85714,10,10,10
22,0,3.81818,10,14,14
23,0,4.69565,10,18,18
24,0,4.5,10,18,18
25,0,4.8,10,20,20
26,0,4.61538,10,20,20
27,0,4.44444,10,20,20
28,0,4.28571,10,20,20
29,0,4.96552,10,24,24
30,0,4.8,10,24,24
31,0,4.64516,10,24,24
32,0,5.25,10,28,28
33,0,6.18182,10,34,34
34,0,6.70588,10,38,38
35,0,6.68571,10,39,39
36,0,6.5,9,0,39
37,0,6.32432,8,0,39
38,0,6.15789,8,0,39
39,0,6.15385,8,1,40
40,0,6.6,8,5,44
41,0,6.43902,8,5,44
42,0,6.28571,8,5,44
43,0,6.13953,8,5,44
44,0,6.13636,8,6,45
45,0,6,8,6,45
46,0,5.86957,8,6,45
47,0,5.74468,8,6,45
48,0,5.75,8,7,46
49,0,5.63265,8,7,46
50,0,5.64,8,8,47
51,0,5.52941,8,8,47
52,0,5.42308,8,8,47
53,0,6,8,14,53
54,0,6,8,15,54
55,0,6,8,16,55
56,0,6.10714,8,18,57
57,0,6.42105,8,22,61
58,0,6.31034,8,22,61
59,0,6.20339,8,22,61
60,0,6.1,8,22,61
61,0,6,8,22,61
62,0,5.90323,8,22,61
63,0,6,8,24,63
64,0,5.90625,8,24,63
65,0,5.81538,8,24,63
66,0,5.81818,8,25,64
67,0,5.73134,8,25,64
68,0,5.73529,8,26,65
69,0,5.65217,8,26,65
70,0,5.65714,8,27,66
71,0,5.57746,8,27,66
72,0,5.5,8,27,66
73,0,5.42466,8,27,66
74,0,5.43243,8,28,67
75,0,5.36,8,28,67
76,0,5.28947,8,28,67
77,0,5.2987,8,29,68
78,0,5.30769,8,30,69
79,0,5.24051,8,30,69
80,0,5.475,8,34,73
81,0,5.40741,8,34,73
82,0,5.34146,8,34,73
83,0,5.27711,8,34,73
84,0,5.21429,8,34,73
85,0,5.15294,8,34,73
86,0,5.16279,8,35,74
87,0,5.17241,8,36,75
88,0,5.38636,8,40,79
89,0,5.39326,8,41,80
90,0,5.4,8,42,81
91,0,5.40659,8,43,82
92,0,5.34783,8,43,82
93,0,5.29032,8,43,82
94,0,5.29787,8,44,83
95,0,5.24211,8,44,83
96,0,5.25,8,45,84
97,0,5.25773,8,46,85
98,0,5.20408,8,46,85
99,0,5.15152,8,46,85
100,0,5.1,8,46,85
101,0,5.10891,8,47,86
102,0,5.05882,8,47,86
103,0,5.06796,8,48,87
104,0,5.07692,8,49,88
105,0,5.08571,8,50,89
106,4,5.26415,8,54,93
107,4,5.43925,8,58,97
108,4,5.44444,8,59,98
109,4,5.44954,8,60,99
110,4,5.4,8,60,99
111,4,5.35135,8,60,99
112,4,5.35714,8,61,100
113,4,5.30973,8,61,100
114,4,5.26316,8,61,100
115,4,5.26957,8,62,101
116,4,5.27586,8,63,102
117,4,5.23077,8,63,102
118,5,5.23729,8,64,103
119,5,5.19328,8,64,103
120,5,5.2,8,65,104
121,5,5.20661,8,66,105
122,5,5.16393,8,66,105
123,5,5.17073,8,67,106
124,5,5.12903,8,67,106
125,5,5.136,8,68,107
126,5,5.09524,8,68,107
127,5,5.10236,8,69,108
128,5,5.25,8,73,112
129,5,5.2093,8,73,112
130,5,5.16923,7,0,112
131,5,5.12977,7,0,112
132,5,5.13636,7,1,113
133,5,5.14286,7,2,114
134,5,5.10448,7,2,114
135,5,5.06667,7,2,114
136,5,5.07353,7,3,115
137,5,5.0365,7,3,115
138,5,5,7,3,115
139,5,4.96403,7,3,115
140,5,4.92857,7,3,115
141,5,5.06383,7,7,119
142,5,5.02817,7,7,119
143,5,5.03497,7,8,120
144,5,5,7,8,120
145,5,4.96552,7,8,120
146,5,4.93151,7,8,120
147,5,4.89796,7,8,120
148,5,4.90541,7,9,121
149,5,4.91275,7,10,122
150,5,4.88,7,10,122
151,5,4.84768,7,10,122
152,5,4.81579,7,10,122
153,5,4.78431,7,10,122
154,5,4.75325,7,10,122
155,5,4.76129,7,11,123
156,5,4.88462,7,15,127
157,5,4.8535,7,15,127
158,5,4.82278,7,15,127
159,5,4.83019,7,16,128
160,5,4.8,7,16,128
161,5,4.77019,6,0,128
162,5,4.77778,6,1,129
163,5,4.78528,6,2,130
164,5,4.79268,6,3,131
165,5,4.76364,6,3,131
166,5,4.87952,6,7,135
167,5,4.8503,6,7,135
168,5,4.82143,6,7,135
169,5,4.7929,6,7,135
170,5,4.8,6,8,136
171,5,4.77193,6,8,136
172,5,4.74419,6,8,136
173,5,4.75145,6,9,137
174,5,4.75862,6,10,138
175,5,4.76571,6,11,139
176,5,4.73864,6,11,139
177,5,4.71186,6,11,139
178,5,4.7191,6,12,140
179,5,4.69274,5,0,140
180,5,4.7,5,1,141
181,5,4.67403,5,1,141
182,5,4.64835,5,1,141
183,5,4.62295,5,1,141
184,5,4.63043,5,2,142
185,5,4.63784,5,3,143
186,5,4.6129,5,3,143
187,5,4.62032,5,4,144
188,5,4.62766,5,5,145
189,5,4.60317,5,5,145
190,5,4.57895,5,5,145
191,5,4.55497,5,5,145
192,5,4.53125,4,0,145
193,5,4.53886,4,1,146
194,5,4.51546,4,1,146
195,5,4.52308,4,2,147
196,5,4.5,4,2,147
197,5,4.50761,4,3,148
198,5,4.48485,4,3,148
199,5,4.49246,4,4,149
200,5,4.59,4,8,153
201,5,4.56716,4,8,153
202,5,4.66337,4,12,157
203,6,4.66995,4,13,158
204,6,4.64706,4,13,158
205,6,4.62439,4,13,158
206,6,4.63107,4,14,159
207,6,4.6087,4,14,159
208,6,4.61538,4,15,160
209,6,4.5933,4,15,160
210,6,4.57143,4,15,160
211,6,4.60664,4,17,162
212,6,4.61321,4,18,163
213,6,4.59155,4,18,163
214,6,4.59813,4,19,164
215,6,4.60465,4,20,165
216,6,4.61111,4,21,166
217,6,4.58986,4,21,166
218,6,4.6789,4,25,170
219,6,4.65753,4,25,170
220,6,4.66364,4,26,171
221,6,4.64253,4,26,171
222,6,4.64865,4,27,172
223,6,4.6278,4,27,172
224,6,4.63393,4,28,173
225,6,4.61333,4,28,173
226,6,4.61947,4,29,174
227,6,4.62555,4,30,175
228,6,4.63158,4,31,176
229,6,4.61135,4,31,176
230,6,4.61739,4,32,177
231,6,4.5974,4,32,177
232,11,4.7069,4,37,182
233,11,4.6867,4,37,182
234,11,4.69231,4,38,183
235,16,4.8,4,43,188
236,17,4.80508,4,44,189
237,17,4.81013,4,45,190
238,17,4.81513,4,46,191
239,17,4.82008,4,47,192
240,17,4.8,3,0,192
241,17,4.78008,3,0,192
242,17,4.76033,3,0,192
243,17,4.74074,3,0,192
244,17,4.72131,3,0,192
245,17,4.8,3,4,196
246,17,4.78049,3,4,196
247,17,4.76113,3,4,196
248,17,4.76613,3,5,197
249,17,4.77108,3,6,198
250,17,4.776,3,7,199
251,17,4.78088,3,8,200
252,17,4.78571,3,9,201
253,17,4.7668,3,9,201
254,17,4.84252,3,13,205
255,17,4.82353,3,13,205
256,17,4.80469,2,0,205
257,17,4.78599,2,0,205
258,17,4.76744,2,0,205
259,17,4.74903,2,0,205
260,17,4.73077,2,0,205
261,17,4.71264,2,0,205
262,17,4.69466,2,0,205
263,17,4.76806,2,4,209
264,17,4.75,2,4,209
265,17,4.75472,2,5,210
266,17,4.73684,2,5,210
267,17,4.74157,2,6,211
268,19,4.76866,2,8,213
269,19,4.75093,2,8,213
270,19,4.75556,2,9,214
271,19,4.73801,2,9,214
272,19,4.72059,2,9,214
273,20,4.72527,2,10,215
274,20,4.70803,1,0,215
275,20,4.69091,1,0,215
276,20,4.69565,1,1,216
277,20,4.6787,1,1,216
278,20,4.66187,1,1,216
279,20,4.66667,1,2,217
280,20,4.69286,1,4,219
281,20,4.69751,1,5,220
282,20,4.68085,0,0,220