1,0,6,10,1,1
2,0,3,10,1,1
3,0,2,10,1,1
4,0,1.5,10,1,1
5,0,1.2,10,1,1
6,0,1,10,1,1
7,0,0.857143,10,1,1
8,0,0.75,10,1,1
9,0,1.33333,10,2,2
10,2,2.4,10,4,4
11,2,2.72727,10,5,5
12,2,3,10,6,6
13,2,2.76923,10,6,6
14,2,3.42857,10,8,8
15,2,3.2,10,8,8
16,2,3,10,8,8
17,2,2.82353,10,8,8
18,2,3.33333,10,10,10
19,2,3.47368,10,11,11
20,2,3.3,10,11,11
21,2,3.14286,10,11,11
22,3,3.27273,10,12,12
23,3,3.13043,10,12,12
24,3,3,10,12,12
25,3,2.88,10,12,12
26,3,3,10,13,13
27,4,3.11111,10,14,14
28,4,3,10,14,14
29,4,3.51724,10,17,17
30,4,3.4,10,17,17
31,4,3.29032,10,17,17
32,4,3.375,10,18,18
33,4,3.27273,10,18,18
34,4,3.17647,9,0,18
35,4,3.08571,9,0,18
36,4,3,9,0,18
37,4,2.91892,9,0,18
38,4,2.84211,9,0,18
39,4,2.76923,9,0,18
40,4,2.7,9,0,18
41,4,2.63415,9,0,18
42,5,2.71429,9,1,19
43,5,2.65116,9,1,19
44,5,2.59091,9,1,19
45,5,2.66667,9,2,20
46,5,2.73913,9,3,21
47,5,2.68085,9,3,21
48,5,2.625,8,0,21
49,5,2.57143,8,0,21
50,5,2.52,8,0,21
51,5,2.47059,8,0,21
52,5,2.42308,8,0,21
53,5,2.37736,8,0,21
54,5,2.33333,8,0,21
55,5,2.4,8,1,22
56,5,2.35714,8,1,22
57,5,2.42105,8,2,23
58,5,2.37931,8,2,23
59,5,2.33898,8,2,23
60,5,2.4,8,3,24
61,5,2.45902,8,4,25
62,5,2.41935,8,4,25
63,5,2.7619,8,8,29
64,5,2.8125,8,9,30
65,5,2.86154,8,10,31
66,5,2.81818,8,10,31
67,5,2.95522,8,12,33
68,5,2.91176,8,12,33
69,5,2.86957,8,12,33
70,5,2.82857,8,12,33
71,5,2.78873,8,12,33
72,5,2.75,8,12,33
73,5,2.71233,8,12,33
74,5,2.67568,8,12,33
75,5,2.64,8,12,33
76,5,2.68421,8,13,34
77,5,2.72727,8,14,35
78,5,2.76923,8,15,36
79,5,3.03797,8,19,40
80,5,3,8,19,40
81,5,3.03704,8,20,41
82,5,3.29268,8,24,45
83,5,3.25301,8,24,45
84,5,3.28571,8,25,46
85,5,3.24706,7,0,46
86,5,3.2093,7,0,46
87,5,3.44828,7,4,50
88,5,3.40909,7,4,50
89,5,3.37079,7,4,50
90,5,3.4,7,5,51
91,5,3.36264,7,5,51
92,5,3.3913,7,6,52
93,5,3.35484,7,6,52
94,5,3.38298,7,7,53
95,5,3.34737,7,7,53
96,5,3.4375,7,9,55
97,5,3.46392,7,10,56
98,5,3.4898,7,11,57
99,5,3.69697,7,15,61
100,5,3.66,7,15,61
101,5,3.68317,7,16,62
102,5,3.70588,7,17,63
103,5,3.72816,7,18,64
104,5,3.69231,7,18,64
105,5,3.71429,7,19,65
106,5,3.67925,7,19,65
107,5,3.70093,7,20,66
108,5,3.66667,7,20,66
109,5,3.85321,7,24,70
110,5,3.81818,7,24,70
111,5,3.78378,7,24,70
112,5,3.80357,7,25,71
113,5,3.82301,7,26,72
114,5,3.78947,7,26,72
115,5,3.86087,7,28,74
116,5,3.82759,7,28,74
117,5,3.79487,7,28,74
118,5,3.76271,7,28,74
119,5,3.78151,7,29,75
120,5,3.8,7,30,76
121,6,3.81818,7,31,77
122,6,3.83607,7,32,78
123,6,3.80488,7,32,78
124,6,3.82258,7,33,79
125,6,3.84,7,34,80
126,6,3.80952,7,34,80
127,6,3.82677,7,35,81
128,6,3.84375,7,36,82
129,6,3.86047,7,37,83
130,6,3.83077,7,37,83
131,6,3.84733,7,38,84
132,6,3.86364,7,39,85
133,6,4.01504,7,43,89
134,6,4.16418,7,47,93
135,6,4.17778,7,48,94
136,6,4.14706,7,48,94
137,6,4.16058,7,49,95
138,6,4.17391,7,50,96
139,6,4.18705,7,51,97
140,6,4.2,7,52,98
141,6,4.25532,7,54,100
142,6,4.22535,7,54,100
143,6,4.1958,7,54,100
144,8,4.25,7,56,102
145,8,4.22069,7,56,102
146,8,4.23288,7,57,103
147,8,4.36735,7,61,107
148,8,4.37838,7,62,108
149,8,4.38926,7,63,109
150,8,4.4,7,64,110
151,8,4.37086,7,64,110
152,8,4.38158,7,65,111
153,8,4.39216,7,66,112
154,8,4.36364,7,66,112
155,8,4.33548,7,66,112
156,8,4.46154,7,70,116
157,8,4.43312,7,70,116
158,8,4.44304,7,71,117
159,9,4.45283,7,72,118
160,9,4.4625,7,73,119
161,9,4.43478,7,73,119
162,9,4.55556,7,77,123
163,9,4.52761,7,77,123
164,9,4.53659,7,78,124
165,9,4.50909,7,78,124
166,9,4.51807,7,79,125
167,9,4.49102,7,79,125
168,9,4.5,7,80,126
169,9,4.47337,7,80,126
170,9,4.48235,7,81,127
171,9,4.49123,7,82,128
172,9,4.5,7,83,129
173,9,4.50867,7,84,130
174,9,4.48276,7,84,130
175,9,4.59429,7,88,134
176,9,4.60227,7,89,135
177,9,4.71186,7,93,139
178,9,4.68539,7,93,139
179,9,4.65922,7,93,139
180,9,4.63333,7,93,139
181,9,4.64088,7,94,140
182,9,4.68132,7,96,142
183,9,4.65574,7,96,142
184,9,4.66304,7,97,143
185,9,4.63784,7,97,143
186,9,4.64516,7,98,144
187,9,4.74866,7,102,148
188,9,4.7234,7,102,148
189,9,4.8254,7,106,152
190,9,4.83158,7,107,153
191,9,4.86911,7,109,155
192,9,4.96875,7,113,159
193,9,5.06736,7,117,163
194,11,5.10309,7,119,165
195,11,5.10769,7,120,166
196,11,5.11224,7,121,167
197,11,5.20812,7,125,171
198,11,5.24242,7,127,173
199,11,5.33668,7,131,177
200,11,5.31,6,0,177
201,11,5.31343,6,1,178
202,11,5.40594,6,5,182
203,11,5.37931,6,5,182
204,11,5.38235,6,6,183
205,11,5.3561,6,6,183
206,11,5.3301,6,6,183
207,11,5.33333,6,7,184
208,11,5.30769,6,7,184
209,11,5.311,6,8,185
210,11,5.31429,6,9,186
211,11,5.2891,6,9,186
212,11,5.29245,6,10,187
213,11,5.26761,6,10,187
214,11,5.24299,6,10,187
215,11,5.2186,6,10,187
216,11,5.19444,6,10,187
217,11,5.17051,6,10,187
218,11,5.14679,6,10,187
219,11,5.12329,6,10,187
220,11,5.12727,6,11,188
221,11,5.21267,6,15,192
222,11,5.21622,6,16,193
223,11,5.19283,6,16,193
224,11,5.19643,6,17,194
225,12,5.2,6,18,195
226,12,5.17699,6,18,195
227,12,5.15419,6,18,195
228,12,5.23684,6,22,199
229,12,5.24017,6,23,200
230,12,5.32174,6,27,204
231,12,5.2987,6,27,204
232,12,5.27586,6,27,204
233,13,5.30472,6,29,206
234,13,5.4359,6,35,212
235,13,5.41277,6,35,212
236,13,5.41525,6,36,213
237,13,5.39241,6,36,213
238,13,5.36975,6,36,213
239,13,5.37238,6,37,214
240,13,5.35,6,37,214
241,13,5.42739,6,41,218
242,13,5.40496,6,41,218
243,13,5.40741,6,42,219
244,13,5.38525,6,42,219
245,13,5.36327,6,42,219
246,13,5.43902,6,46,223
