1,0,0,10,0,0
2,0,0,10,0,0
3,0,0,10,0,0
4,0,0,10,0,0
5,0,1.2,10,1,1
6,0,1,10,1,1
7,0,1.71429,10,2,2
8,0,1.5,10,2,2
9,0,1.33333,10,2,2
10,0,1.2,10,2,2
11,0,1.63636,10,3,3
12,0,1.5,10,3,3
13,0,1.38462,10,3,3
14,0,1.28571,10,3,3
15,0,1.2,10,3,3
16,0,1.125,10,3,3
17,0,1.05882,10,3,3
18,0,1,10,3,3
19,0,0.947368,10,3,3
20,0,0.9,10,3,3
21,0,0.857143,10,3,3
22,0,0.818182,10,3,3
23,0,1.04348,10,4,4
24,0,1,10,4,4
25,0,1.2,10,5,5
26,0,1.15385,10,5,5
27,0,1.11111,10,5,5
28,0,1.28571,10,6,6
29,0,1.24138,10,6,6
30,0,1.2,10,6,6
31,0,1.35484,10,7,7
32,0,1.3125,10,7,7
33,0,1.27273,10,7,7
34,0,1.23529,9,0,7
35,0,1.54286,9,2,9
36,0,1.66667,9,3,10
37,0,1.62162,9,3,10
38,0,1.57895,9,3,10
39,0,1.53846,9,3,10
40,0,1.5,9,3,10
41,0,1.46341,9,3,10
42,0,1.42857,9,3,10
43,0,1.39535,9,3,10
44,0,1.36364,9,3,10
45,0,1.33333,9,3,10
46,0,1.30435,9,3,10
47,0,1.2766,9,3,10
48,1,1.375,9,4,11
49,1,1.83673,9,8,15
50,1,1.8,9,8,15
51,1,1.76471,9,8,15
52,1,1.73077,9,8,15
53,1,1.81132,9,9,16
54,1,1.88889,9,10,17
55,1,1.96364,9,11,18
56,1,1.92857,9,11,18
57,1,1.89474,9,11,18
58,1,1.86207,9,11,18
59,1,1.83051,9,11,18
60,1,1.8,9,11,18
61,1,1.86885,9,12,19
62,1,2.22581,9,16,23
63,1,2.19048,9,16,23
64,1,2.15625,9,16,23
65,1,2.12308,9,16,23
66,1,2.09091,9,16,23
67,1,2.14925,9,17,24
68,1,2.20588,9,18,25
69,1,2.26087,9,19,26
70,1,2.22857,9,19,26
71,1,2.3662,9,21,28
72,1,2.33333,8,0,28
73,1,2.38356,8,1,29
74,1,2.35135,8,1,29
75,1,2.32,8,1,29
76,1,2.36842,8,2,30
77,1,2.41558,8,3,31
78,1,2.38462,8,3,31
79,1,2.35443,8,3,31
80,1,2.4,8,4,32
81,1,2.37037,7,0,32
82,2,2.41463,7,1,33
83,2,2.38554,6,0,33
84,2,2.35714,6,0,33
85,2,2.32941,6,0,33
86,2,2.30233,6,0,33
87,3,2.34483,6,1,34
88,4,2.38636,6,2,35
89,4,2.35955,6,2,35
90,4,2.33333,6,2,35
91,4,2.57143,6,6,39
92,4,2.54348,6,6,39
93,4,2.51613,6,6,39
94,4,2.48936,6,6,39
95,4,2.52632,6,7,40
96,4,2.5,6,7,40
97,4,2.47423,6,7,40
98,4,2.44898,6,7,40
99,4,2.42424,6,7,40
100,4,2.4,6,7,40
101,4,2.43564,6,8,41
102,4,2.41176,6,8,41
103,4,2.4466,6,9,42
104,4,2.48077,6,10,43
105,4,2.45714,5,0,43
106,4,2.43396,5,0,43
107,4,2.46729,5,1,44
108,4,2.44444,5,1,44
109,4,2.42202,5,1,44
110,4,2.4,5,1,44
111,4,2.37838,5,1,44
112,4,2.35714,5,1,44
113,4,2.33628,5,1,44
114,5,2.36842,5,2,45
115,5,2.4,5,3,46
116,5,2.37931,5,3,46
117,5,2.41026,5,4,47
118,5,2.44068,5,5,48
119,5,2.42017,5,5,48
120,5,2.45,5,6,49
121,5,2.42975,5,6,49
122,5,2.45902,5,7,50
123,5,2.43902,5,7,50
124,5,2.41935,5,7,50
125,5,2.4,5,7,50
126,5,2.42857,5,8,51
127,5,2.40945,5,8,51
128,5,2.39062,5,8,51
129,5,2.4186,5,9,52
130,5,2.4,5,9,52
131,5,2.42748,5,10,53
132,5,2.40909,5,10,53
133,5,2.43609,5,11,54
134,5,2.46269,5,12,55
135,5,2.48889,5,13,56
136,5,2.64706,5,17,60
137,5,2.80292,5,21,64
138,5,2.82609,5,22,65
139,5,2.80576,5,22,65
140,5,2.82857,5,23,66
141,5,2.80851,5,23,66
142,5,2.83099,5,24,67
143,5,2.85315,5,25,68
144,5,2.875,5,26,69
145,5,2.85517,5,26,69
146,5,2.87671,5,27,70
147,5,2.89796,5,28,71
148,5,2.91892,5,29,72
149,5,2.89933,5,29,72
150,5,3.04,5,33,76
151,5,3.01987,5,33,76
152,5,3,5,33,76
153,5,2.98039,5,33,76
154,5,3,5,34,77
155,5,3.01935,5,35,78
156,5,3,5,35,78
157,5,3.13376,5,39,82
158,5,3.1519,5,40,83
159,5,3.13208,5,40,83
160,5,3.1875,5,42,85
161,5,3.1677,5,42,85
162,5,3.14815,5,42,85
163,5,3.16564,5,43,86
164,5,3.14634,5,43,86
165,5,3.12727,5,43,86
166,5,3.14458,5,44,87
167,5,3.12575,5,44,87
168,5,3.14286,5,45,88
169,5,3.15976,5,46,89
170,5,3.17647,5,47,90
171,5,3.22807,5,49,92
172,5,3.24419,5,50,93
173,5,3.26012,5,51,94
174,5,3.24138,5,51,94
175,5,3.25714,5,52,95
176,5,3.27273,5,53,96
177,5,3.25424,5,53,96
178,5,3.26966,5,54,97
179,5,3.2514,5,54,97
180,5,3.23333,5,54,97
181,5,3.21547,5,54,97
182,5,3.23077,5,55,98
183,5,3.27869,5,57,100
184,5,3.29348,5,58,101
185,5,3.30811,5,59,102
186,5,3.29032,5,59,102
187,5,3.27273,5,59,102
188,5,3.25532,5,59,102
189,5,3.26984,5,60,103
190,5,3.31579,5,62,105
191,5,3.32984,5,63,106
192,5,3.34375,5,64,107
193,5,3.32642,5,64,107
194,5,3.34021,5,65,108
195,5,3.38462,5,67,110
196,5,3.39796,5,68,111
197,5,3.38071,5,68,111
198,5,3.36364,5,68,111
199,5,3.37688,5,69,112
200,5,3.36,5,69,112
201,5,3.34328,5,69,112
202,5,3.35644,5,70,113
203,5,3.3399,5,70,113
204,5,3.35294,5,71,114
205,5,3.36585,5,72,115
206,5,3.34951,5,72,115
207,5,3.33333,5,72,115
208,5,3.43269,5,76,119
209,5,3.44498,5,77,120
210,5,3.42857,5,77,120
211,5,3.52607,5,81,124
212,5,3.53774,5,82,125
213,5,3.52113,5,82,125
214,5,3.53271,5,83,126
215,5,3.51628,5,83,126
216,5,3.52778,5,84,127
217,5,3.53917,5,85,128
218,5,3.55046,5,86,129
219,5,3.56164,5,87,130
220,5,3.57273,5,88,131
221,5,3.58371,5,89,132
222,5,3.59459,5,90,133
223,5,3.60538,5,91,134
224,5,3.61607,5,92,135
225,5,3.62667,5,93,136
226,5,3.61062,5,93,136
227,5,3.62115,5,94,137
228,5,3.60526,5,94,137
229,5,3.58952,5,94,137
230,5,3.57391,5,94,137
231,5,3.55844,5,94,137
232,5,3.56897,5,95,138
233,5,3.5794,5,96,139
234,5,3.58974,5,97,140
235,5,3.62553,5,99,142
236,5,3.63559,5,100,143
237,5,3.64557,5,101,144
238,5,3.65546,5,102,145
239,5,3.64017,5,102,145
240,5,3.65,5,103,146
241,5,3.65975,5,104,147
242,5,3.64463,5,104,147
243,6,3.65432,5,105,148
244,6,3.63934,4,0,148
245,6,3.62449,4,0,148
246,6,3.60976,4,0,148
247,6,3.69231,4,4,152
248,6,3.67742,4,4,152
249,6,3.66265,4,4,152
250,6,3.648,4,4,152
251,6,3.65737,4,5,153
252,6,3.64286,4,5,153
253,6,3.65217,4,6,154
254,6,3.6378,4,6,154
255,6,3.62353,4,6,154
256,6,3.63281,4,7,155
257,6,3.66537,4,9,157
258,6,3.65116,4,9,157
259,6,3.63707,4,9,157
260,6,3.64615,4,10,158
261,6,3.65517,4,11,159
262,6,3.66412,4,12,160
263,6,3.65019,4,12,160
264,6,3.63636,4,12,160
265,6,3.64528,4,13,161
266,6,3.63158,3,0,161
267,6,3.61798,3,0,161
268,6,3.60448,3,0,161
269,6,3.61338,3,1,162
270,6,3.6,2,0,162
271,6,3.58672,2,0,162
272,6,3.59559,2,1,163
273,6,3.58242,2,1,163
274,6,3.56934,2,1,163
275,6,3.64364,2,5,167
276,6,3.63043,2,5,167
277,6,3.61733,2,5,167
278,6,3.60432,2,5,167
279,6,3.6129,2,6,168
280,6,3.6,2,6,168
281,6,3.60854,2,7,169
282,6,3.59574,2,7,169
283,6,3.58304,2,7,169
284,6,3.61268,2,9,171
285,6,3.68421,2,13,175
286,6,3.69231,2,14,176
287,7,3.70035,2,15,177
288,7,3.70833,2,16,178
289,7,3.71626,2,17,179
290,7,3.72414,2,18,180
291,7,3.71134,1,0,180
292,7,3.71918,1,1,181
293,7,3.72696,1,2,182
294,7,3.71429,1,2,182
295,7,3.72203,1,3,183
296,7,3.72973,0,0,184