1,0,0,10,0,0
2,0,0,10,0,0
3,0,2,10,1,1
4,1,3,10,2,2
5,1,2.4,10,2,2
6,1,3,10,3,3
7,1,5.14286,10,6,6
8,1,4.5,10,6,6
9,1,4,10,6,6
10,2,4.2,10,7,7
11,2,3.81818,10,7,7
12,2,3.5,10,7,7
13,2,3.23077,10,7,7
14,2,3,10,7,7
15,2,3.2,10,8,8
16,2,3,10,8,8
17,2,4.23529,10,12,12
18,2,4,10,12,12
19,3,4.10526,10,13,13
20,3,3.9,10,13,13
21,3,4,10,14,14
22,3,4.09091,10,15,15
23,3,3.91304,10,15,15
24,3,3.75,10,15,15
25,3,3.84,10,16,16
26,3,3.92308,10,17,17
27,3,3.77778,10,17,17
28,3,3.85714,10,18,18
29,3,4.13793,10,20,20
30,3,4,10,20,20
31,3,3.87097,10,20,20
32,3,3.9375,10,21,21
33,3,3.81818,10,21,21
34,3,3.70588,10,21,21
35,3,3.6,10,21,21
36,3,3.66667,10,22,22
37,3,3.56757,10,22,22
38,3,3.47368,10,22,22
39,3,3.38462,10,22,22
40,3,3.45,10,23,23
41,3,3.36585,10,23,23
42,3,3.28571,10,23,23
43,3,3.2093,10,23,23
44,3,3.13636,10,23,23
45,3,3.2,10,24,24
46,3,3.13043,10,24,24
47,3,3.31915,10,26,26
48,3,3.25,10,26,26
49,3,3.18367,10,26,26
50,3,3.12,10,26,26
51,3,3.52941,10,30,30
52,3,3.69231,10,32,32
53,3,3.73585,10,33,33
54,3,3.66667,10,33,33
55,3,3.6,10,33,33
56,3,3.53571,10,33,33
57,3,3.57895,10,34,34
58,3,3.62069,10,35,35
59,3,3.76271,10,37,37
60,3,3.8,10,38,38
61,3,3.7377,10,38,38
62,3,3.67742,10,38,38
63,3,4,10,42,42
64,3,4.03125,10,43,43
65,3,4.33846,10,47,47
66,3,4.36364,10,48,48
67,3,4.38806,10,49,49
68,3,4.41176,10,50,50
69,3,4.34783,10,50,50
70,3,4.28571,10,50,50
71,3,4.22535,10,50,50
72,3,4.16667,10,50,50
73,3,4.10959,9,0,50
74,3,4.05405,9,0,50
75,3,4,9,0,50
76,3,3.94737,9,0,50
77,3,3.97403,9,1,51
78,3,4.23077,9,5,55
79,3,4.17722,9,5,55
80,3,4.125,9,5,55
81,3,4.14815,9,6,56
82,3,4.09756,9,6,56
83,3,4.12048,9,7,57
84,3,4.07143,9,7,57
85,3,4.02353,9,7,57
86,3,3.97674,9,7,57
87,3,3.93103,9,7,57
88,3,3.95455,9,8,58
89,3,3.91011,9,8,58
90,3,3.93333,9,9,59
91,3,3.89011,9,9,59
92,3,3.84783,9,9,59
93,3,3.80645,9,9,59
94,3,3.76596,9,9,59
95,3,3.78947,9,10,60
96,3,3.75,9,10,60
97,3,3.7732,9,11,61
98,3,3.73469,9,11,61
99,3,3.69697,9,11,61
100,3,3.66,9,11,61
101,3,3.62376,9,11,61
102,3,3.58824,9,11,61
103,3,3.78641,9,15,65
104,3,3.80769,9,16,66
105,3,3.77143,8,0,66
106,3,3.79245,8,1,67
107,3,3.75701,8,1,67
108,3,3.77778,8,2,68
109,3,3.74312,8,2,68
110,3,3.70909,8,2,68
111,3,3.72973,8,3,69
112,3,3.69643,8,3,69
113,3,3.66372,8,3,69
114,3,3.63158,8,3,69
115,3,3.6,8,3,69
116,3,3.56897,8,3,69
117,3,3.58974,8,4,70
118,3,3.55932,8,4,70
119,3,3.78151,8,9,75
120,3,3.8,8,10,76
121,3,3.96694,8,14,80
122,3,3.93443,8,14,80
123,3,3.90244,8,14,80
124,3,3.87097,8,14,80
125,3,3.84,8,14,80
126,3,3.80952,8,14,80
127,3,3.77953,8,14,80
128,3,3.79688,8,15,81
129,3,3.81395,8,16,82
130,3,3.83077,8,17,83
131,3,3.80153,8,17,83
132,3,3.81818,8,18,84
133,3,3.78947,8,18,84
134,3,3.80597,8,19,85
135,3,3.77778,8,19,85
136,3,3.75,8,19,85
137,3,3.72263,8,19,85
138,3,3.69565,8,19,85
139,3,3.66906,8,19,85
140,3,3.68571,8,20,86
141,3,3.65957,8,20,86
142,3,3.67606,8,21,87
143,3,3.69231,8,22,88
144,3,3.66667,8,22,88
145,3,3.68276,8,23,89
146,3,3.65753,8,23,89
147,3,3.67347,8,24,90
148,3,3.68919,7,0,91
149,3,3.66443,7,0,91
150,3,3.64,7,0,91
151,3,3.65563,7,1,92
152,3,3.67105,7,2,93
153,3,3.68627,7,3,94
154,3,3.66234,7,3,94
155,3,3.87097,7,9,100
156,3,3.84615,7,9,100
157,3,3.82166,7,9,100
158,3,3.87342,7,11,102
159,3,3.84906,7,11,102
160,3,3.825,7,11,102
161,3,3.80124,7,11,102
162,3,3.77778,7,11,102
163,3,3.7546,7,11,102
164,3,3.73171,7,11,102
165,3,3.70909,7,11,102
166,3,3.72289,7,12,103
167,3,3.73653,7,13,104
168,3,3.71429,7,13,104
169,3,3.69231,7,13,104
170,3,3.81176,7,17,108
171,3,3.78947,7,17,108
172,3,3.83721,7,19,110
173,3,3.81503,7,19,110
174,3,3.7931,7,19,110
175,3,3.80571,7,20,111
176,3,3.85227,7,22,113
177,3,3.86441,7,23,114
178,3,3.8427,7,23,114
179,3,3.85475,7,24,115
180,3,3.83333,7,24,115
181,3,3.81215,7,24,115
182,3,3.79121,7,24,115
183,3,3.77049,7,24,115
184,3,3.75,7,24,115
185,3,3.72973,7,24,115
186,3,3.74194,7,25,116
187,3,3.72193,7,25,116
188,3,3.73404,7,26,117
189,3,3.84127,7,30,121
190,3,3.85263,7,31,122
191,3,3.86387,7,32,123
192,3,3.875,7,33,124
193,3,3.85492,6,0,124
194,3,3.83505,6,0,124
195,3,3.93846,6,4,128
196,3,3.94898,6,5,129
197,3,3.92893,6,5,129
198,3,3.90909,6,5,129
199,3,3.88945,6,5,129
200,3,3.9,6,6,130
201,3,3.8806,6,6,130
202,3,3.89109,6,7,131
203,3,3.87192,6,7,131
204,3,3.85294,6,7,131
205,3,3.86341,6,8,132
206,3,3.87379,6,9,133
207,3,3.97101,6,13,137
208,3,3.98077,6,14,138
209,3,3.96172,6,14,138
210,3,3.97143,6,15,139
211,3,3.98104,6,16,140
212,3,3.96226,6,16,140
213,4,3.97183,6,17,141
214,4,4.00935,6,19,143
215,4,4.0186,6,20,144
216,4,4,6,20,144
217,4,4.03687,6,22,146
218,4,4.12844,6,26,150
219,4,4.13699,6,27,151
220,4,4.14545,6,28,152
221,4,4.15385,6,29,153
222,4,4.13514,6,29,153
223,4,4.1435,6,30,154
224,4,4.125,6,30,154
225,4,4.13333,6,31,155
226,4,4.14159,6,32,156
227,4,4.14978,6,33,157
228,4,4.15789,6,34,158
229,4,4.13974,6,34,158
230,4,4.14783,6,35,159
231,4,4.12987,6,35,159
232,4,4.11207,6,35,159
233,5,4.12017,6,36,160
234,5,4.12821,6,37,161
235,5,4.1617,6,39,163
236,5,4.14407,6,39,163
237,5,4.1519,6,40,164
238,5,4.15966,6,41,165
239,5,4.16736,6,42,166
240,5,4.15,6,42,166
241,5,4.15768,6,43,167
242,5,4.16529,6,44,168
243,5,4.17284,6,45,169
244,5,4.18033,6,46,170
245,5,4.18776,6,47,171
246,5,4.19512,6,48,172
247,5,4.22672,6,50,174
248,5,4.23387,6,51,175
249,5,4.24096,6,52,176
250,5,4.248,6,53,177
251,5,4.27888,6,55,179
252,5,4.28571,6,56,180
253,5,4.36364,6,60,184
254,5,4.37008,6,61,185
255,5,4.35294,5,0,185
256,5,4.33594,5,0,185
257,5,4.34241,5,1,186
258,5,4.34884,5,2,187
259,5,4.35521,5,3,188
260,5,4.36154,5,4,189
261,5,4.34483,5,4,189
262,5,4.32824,5,4,189
263,5,4.40304,5,8,193
264,5,4.40909,5,9,194
265,5,4.43774,5,11,196
266,5,4.51128,5,15,200
267,5,4.49438,5,15,200
268,5,4.56716,5,19,204
269,5,4.57249,5,20,205
270,5,4.6,5,22,207
271,5,4.60517,5,23,208
272,5,4.63235,5,25,210
273,5,4.65934,5,27,212
274,5,4.66423,5,28,213
275,5,4.69091,5,30,215
276,5,4.71739,5,32,217
277,5,4.74368,5,34,219
278,5,4.7482,5,35,220
279,5,4.73118,5,35,220
280,5,4.8,5,39,224
281,5,4.86833,5,43,228
282,5,4.87234,5,44,229
283,5,4.85512,5,44,229
284,5,4.83803,4,0,229
285,5,4.82105,4,0,229
286,5,4.8042,3,0,229
287,5,4.78746,3,0,229
288,5,4.85417,3,4,233
289,5,4.85813,3,5,234
290,6,4.86207,3,6,235
291,6,4.84536,3,6,235
292,6,4.82877,2,0,235
293,6,4.83276,2,1,236
294,6,4.93878,2,7,242
295,6,4.94237,2,8,243
296,6,4.92568,1,0,243
297,6,4.94949,1,2,245
298,6,4.93289,0,0,245
