1,0,0,10,0,0
2,0,0,10,0,0
3,0,0,10,0,0
4,0,1.5,10,1,1
5,0,1.2,10,1,1
6,0,1,10,1,1
7,0,0.857143,10,1,1
8,0,0.75,10,1,1
9,1,1.33333,10,2,2
10,1,1.2,10,2,2
11,1,1.09091,10,2,2
12,1,1,10,2,2
13,1,0.923077,10,2,2
14,1,0.857143,10,2,2
15,1,2,10,5,5
16,1,2.25,10,6,6
17,1,2.11765,10,6,6
18,1,2,10,6,6
19,1,1.89474,10,6,6
20,1,1.8,10,6,6
21,1,1.71429,10,6,6
22,1,2.45455,10,9,9
23,1,2.34783,10,9,9
24,1,2.25,10,9,9
25,1,2.16,10,9,9
26,1,2.07692,10,9,9
27,1,2.22222,10,10,10
28,1,2.14286,10,10,10
29,1,2.06897,10,10,10
30,1,2,10,10,10
31,1,1.93548,10,10,10
32,1,1.875,10,10,10
33,1,1.81818,10,10,10
34,1,1.76471,10,10,10
35,1,1.71429,10,10,10
36,1,2.33333,10,14,14
37,1,2.27027,10,14,14
38,1,2.21053,10,14,14
39,1,2.15385,9,0,14
40,1,2.1,9,0,14
41,1,2.04878,9,0,14
42,1,2,9,0,14
43,1,1.95349,9,0,14
44,1,2.04545,9,1,15
45,1,2,9,1,15
46,1,1.95652,9,1,15
47,1,1.91489,9,1,15
48,1,1.875,9,1,15
49,1,1.83673,9,1,15
50,1,1.8,9,1,15
51,1,1.76471,9,1,15
52,1,1.84615,9,2,16
53,1,1.92453,9,3,17
54,1,2.33333,9,7,21
55,1,2.29091,9,7,21
56,2,2.35714,9,8,22
57,2,2.31579,9,8,22
58,2,2.27586,9,8,22
59,2,2.23729,9,8,22
60,2,2.2,9,8,22
61,2,2.16393,9,8,22
62,2,2.51613,9,12,26
63,2,2.47619,9,12,26
64,2,2.4375,9,12,26
65,2,2.76923,9,16,30
66,2,2.72727,9,16,30
67,2,2.68657,9,16,30
68,2,2.64706,9,16,30
69,2,2.6087,9,16,30
70,2,2.65714,9,17,31
71,2,2.95775,9,21,35
72,2,2.91667,9,21,35
73,2,2.87671,9,21,35
74,2,2.83784,9,21,35
75,2,2.8,9,21,35
76,2,2.76316,9,21,35
77,2,2.72727,9,21,35
78,2,3,9,25,39
79,2,2.96203,9,25,39
80,2,2.925,8,0,39
81,2,2.88889,8,0,39
82,2,2.85366,8,0,39
83,2,2.81928,8,0,39
84,2,2.78571,8,0,39
85,2,2.82353,8,1,40
86,2,2.7907,8,1,40
87,2,2.75862,8,1,40
88,2,2.72727,8,1,40
89,2,2.69663,8,1,40
90,2,2.66667,8,1,40
91,2,2.63736,8,1,40
92,2,2.67391,8,2,41
93,2,2.64516,8,2,41
94,2,2.61702,8,2,41
95,2,2.58947,8,2,41
96,2,2.5625,8,2,41
97,2,2.53608,8,2,41
98,2,2.5102,8,2,41
99,2,2.48485,8,2,41
100,2,2.46,8,2,41
101,2,2.49505,8,3,42
102,2,2.47059,8,3,42
103,2,2.4466,8,3,42
104,2,2.42308,8,3,42
105,2,2.45714,8,4,43
106,2,2.49057,8,5,44
107,2,2.46729,8,5,44
108,2,2.5,8,6,45
109,2,2.47706,8,6,45
110,2,2.45455,8,6,45
111,2,2.48649,8,7,46
112,2,2.46429,8,7,46
113,2,2.65487,8,11,50
114,2,2.84211,8,15,54
115,2,2.81739,8,15,54
116,2,2.84483,8,16,55
117,2,3.02564,8,20,59
118,2,3,8,20,59
119,2,3.02521,8,21,60
120,2,3,8,21,60
121,2,2.97521,8,21,60
122,2,3,8,22,61
123,2,3.17073,8,26,65
124,2,3.19355,8,27,66
125,2,3.168,8,27,66
126,2,3.14286,8,27,66
127,2,3.30709,8,31,70
128,2,3.375,8,33,72
129,2,3.39535,8,34,73
130,2,3.36923,8,34,73
131,2,3.34351,8,34,73
132,2,3.40909,8,36,75
133,2,3.38346,8,36,75
134,2,3.53731,8,40,79
135,2,3.55556,8,41,80
136,2,3.57353,8,42,81
137,2,3.54745,8,42,81
138,2,3.56522,8,43,82
139,2,3.58273,8,44,83
140,2,3.6,8,45,84
141,2,3.61702,8,46,85
142,2,3.59155,8,46,85
143,2,3.56643,8,46,85
144,2,3.58333,8,47,86
145,2,3.55862,8,47,86
146,2,3.69863,8,51,90
147,2,3.71429,8,52,91
148,2,3.72973,8,53,92
149,2,3.7047,8,53,92
150,2,3.68,8,53,92
151,2,3.69536,8,54,93
152,2,3.67105,8,54,93
153,2,3.64706,8,54,93
154,2,3.62338,8,54,93
155,2,3.6,8,54,93
156,2,3.61538,8,55,94
157,2,3.63057,8,56,95
158,2,3.64557,8,57,96
159,2,3.69811,8,59,98
160,2,3.675,8,59,98
161,2,3.68944,8,60,99
162,2,3.7037,8,61,100
163,2,3.68098,8,61,100
164,2,3.65854,8,61,100
165,2,3.63636,8,61,100
166,2,3.61446,8,61,100
167,2,3.59281,8,61,100
168,2,3.57143,8,61,100
169,2,3.5503,8,61,100
170,2,3.52941,8,61,100
171,2,3.50877,8,61,100
172,2,3.48837,8,61,100
173,2,3.60694,8,65,104
174,2,3.62069,8,66,105
175,2,3.63429,8,67,106
176,2,3.81818,8,73,112
177,2,3.79661,8,73,112
178,2,3.80899,8,74,113
179,2,3.78771,8,74,113
180,2,3.76667,8,74,113
181,2,3.74586,8,74,113
182,2,3.72527,8,74,113
183,2,3.7377,8,75,114
184,2,3.71739,8,75,114
185,2,3.6973,8,75,114
186,2,3.67742,8,75,114
187,2,3.65775,8,75,114
188,2,3.6383,8,75,114
189,2,3.61905,8,75,114
190,2,3.63158,8,76,115
191,2,3.70681,8,79,118
192,2,3.71875,8,80,119
193,2,3.69948,8,80,119
194,2,3.68041,8,80,119
195,2,3.72308,8,82,121
196,2,3.70408,8,82,121
197,2,3.68528,8,82,121
198,2,3.69697,8,83,122
199,2,3.76884,8,86,125
200,2,3.78,8,87,126
201,2,3.76119,8,87,126
202,2,3.74257,8,87,126
203,2,3.75369,8,88,127
204,2,3.76471,8,89,128
205,2,3.74634,8,89,128
206,2,3.75728,8,90,129
207,2,3.76812,8,91,130
208,2,3.86538,8,95,134
209,2,3.8756,8,96,135
210,2,3.91429,8,98,137
211,2,3.89573,8,98,137
212,2,3.90566,8,99,138
213,2,3.91549,8,100,139
214,2,3.8972,8,100,139
215,2,3.90698,8,101,140
216,2,3.88889,8,101,140
217,2,3.98157,8,105,144
218,2,3.99083,8,106,145
219,2,3.9726,8,106,145
220,2,3.98182,8,107,146
221,2,4.0181,8,109,148
222,2,4.02703,8,110,149
223,2,4.03587,8,111,150
224,2,4.04464,8,112,151
225,2,4.02667,8,112,151
226,2,4.00885,8,112,151
227,2,4.09692,8,116,155
228,2,4.07895,8,116,155
229,2,4.06114,8,116,155
230,2,4.06957,8,117,156
231,2,4.05195,8,117,156
232,2,4.06034,8,118,157
233,2,4.06867,8,119,158
234,3,4.07692,8,120,159
235,3,4.08511,8,121,160
236,3,4.09322,8,122,161
237,3,4.10127,8,123,162
238,3,4.10924,8,124,163
239,3,4.11715,8,125,164
240,3,4.125,8,126,165
241,4,4.13278,8,127,166
242,4,4.1405,8,128,167
243,4,4.14815,8,129,168
244,4,4.18033,8,131,170
245,4,4.16327,8,131,170
246,4,4.14634,8,131,170
247,4,4.2753,8,137,176
248,4,4.28226,8,138,177
249,4,4.28916,8,139,178
250,4,4.296,8,140,179
251,4,4.32669,8,142,181
252,4,4.30952,7,0,181
253,4,4.29249,7,0,181
254,4,4.29921,7,1,182
255,4,4.28235,7,1,182
256,4,4.28906,7,2,183
257,4,4.31907,7,4,185
258,4,4.32558,7,5,186
259,4,4.30888,7,5,186
260,4,4.43077,7,11,192
261,4,4.43678,7,12,193
262,4,4.44275,7,13,194
263,4,4.44867,7,14,195
264,4,4.43182,7,14,195
265,4,4.43774,7,15,196
266,4,4.46617,7,17,198
267,4,4.49438,7,19,200
268,4,4.52239,7,21,202
269,4,4.5948,7,25,206
270,4,4.57778,6,0,206
271,4,4.60517,6,2,208
272,4,4.61029,6,3,209
273,4,4.61538,6,4,210
274,4,4.62044,6,5,211
275,4,4.60364,6,5,211
276,5,4.6087,6,6,212
277,5,4.61372,6,7,213
278,5,4.61871,6,8,214
279,5,4.60215,6,8,214
280,5,4.60714,6,9,215
281,5,4.63345,6,11,217
282,5,4.61702,5,0,217
283,5,4.60071,5,0,217
284,5,4.60563,5,1,218
285,5,4.71579,5,7,224
286,5,4.6993,5,7,224
287,5,4.72474,5,9,226
288,5,4.70833,5,9,226
289,5,4.73356,5,11,228
290,5,4.84138,5,17,234
291,5,4.84536,5,18,235
292,6,4.84932,5,19,236
293,6,4.85324,5,20,237
294,6,4.85714,5,21,238
295,6,4.88136,5,23,240
296,6,4.94595,5,27,244
297,6,4.94949,5,28,245
298,6,4.93289,4,0,245
299,6,4.91639,3,0,245
300,6,4.9,3,0,245
301,6,4.90365,3,1,246
302,6,4.92715,3,3,248
303,6,4.9505,3,5,250