1,0,0,10,0,0
2,0,0,10,0,0
3,0,0,10,0,0
4,0,1.5,10,1,1
5,0,2.4,10,2,2
6,0,2,10,2,2
7,0,1.71429,10,2,2
8,0,1.5,10,2,2
9,0,1.33333,10,2,2
10,0,1.2,10,2,2
11,0,1.09091,10,2,2
12,0,1,10,2,2
13,0,0.923077,10,2,2
14,0,0.857143,10,2,2
15,0,0.8,10,2,2
16,1,1.125,10,3,3
17,1,1.05882,10,3,3
18,1,2.33333,10,7,7
19,1,2.84211,10,9,9
20,1,2.7,10,9,9
21,1,2.57143,10,9,9
22,1,2.45455,10,9,9
23,1,2.34783,10,9,9
24,1,2.25,10,9,9
25,1,2.16,10,9,9
26,1,3,10,13,13
27,1,3.11111,10,14,14
28,1,3,10,14,14
29,1,3.72414,10,18,18
30,1,3.6,10,18,18
31,1,3.48387,10,18,18
32,1,3.375,10,18,18
33,1,3.27273,10,18,18
34,1,3.35294,10,19,19
35,1,3.25714,10,19,19
36,1,3.33333,10,20,20
37,1,3.40541,10,21,21
38,1,3.47368,10,22,22
39,1,3.38462,10,22,22
40,1,3.9,10,26,26
41,1,3.80488,10,26,26
42,1,3.85714,10,27,27
43,1,3.90698,10,28,28
44,1,4.36364,10,32,32
45,1,4.26667,9,0,32
46,2,4.30435,9,1,33
47,2,4.21277,9,1,33
48,3,4.25,9,2,34
49,3,4.16327,8,0,34
50,3,4.08,8,0,34
51,3,4,8,0,34
52,3,4.26923,8,3,37
53,3,4.18868,8,3,37
54,3,4.11111,8,3,37
55,3,4.03636,8,3,37
56,3,3.96429,8,3,37
57,4,4,8,4,38
58,4,4.03448,8,5,39
59,4,3.9661,8,5,39
60,4,4.3,8,9,43
61,4,4.22951,8,9,43
62,4,4.25806,8,10,44
63,4,4.19048,8,10,44
64,4,4.125,8,10,44
65,4,4.43077,8,14,48
66,5,4.45455,8,15,49
67,5,4.38806,8,15,49
68,5,4.32353,8,15,49
69,5,4.34783,8,16,50
70,5,4.28571,8,16,50
71,5,4.30986,8,17,51
72,5,4.25,8,17,51
73,5,4.27397,8,18,52
74,5,4.21622,8,18,52
75,5,4.16,8,18,52
76,5,4.18421,8,19,53
77,5,4.20779,8,20,54
78,5,4.46154,8,24,58
79,5,4.40506,8,24,58
80,5,4.65,8,28,62
81,5,4.59259,8,28,62
82,5,4.60976,8,29,63
83,5,4.55422,8,29,63
84,5,4.5,8,29,63
85,5,4.44706,7,0,63
86,5,4.46512,7,1,64
87,5,4.41379,7,1,64
88,5,4.36364,7,1,64
89,5,4.31461,7,1,64
90,5,4.26667,7,1,64
91,5,4.28571,7,2,65
92,5,4.23913,7,2,65
93,5,4.19355,7,2,65
94,5,4.21277,7,3,66
95,5,4.23158,7,4,67
96,5,4.25,7,5,68
97,5,4.20619,7,5,68
98,5,4.22449,7,6,69
99,8,4.36364,7,9,72
100,8,4.56,7,13,76
101,8,4.57426,7,14,77
102,8,4.52941,7,14,77
103,8,4.48544,7,14,77
104,8,4.44231,7,14,77
105,8,4.4,7,14,77
106,8,4.41509,7,15,78
107,8,4.37383,7,15,78
108,8,4.33333,7,15,78
109,8,4.29358,7,15,78
110,8,4.25455,7,15,78
111,8,4.21622,7,15,78
112,8,4.23214,7,16,79
113,8,4.19469,7,16,79
114,12,4.36842,7,20,83
115,12,4.33043,7,20,83
116,12,4.39655,7,22,85
117,12,4.35897,7,22,85
118,12,4.32203,7,22,85
119,12,4.28571,7,22,85
120,12,4.25,7,22,85
121,12,4.21488,7,22,85
122,12,4.22951,7,23,86
123,12,4.19512,7,23,86
124,12,4.16129,7,23,86
125,12,4.32,7,27,90
126,12,4.28571,7,27,90
127,12,4.29921,7,28,91
128,12,4.3125,7,29,92
129,12,4.27907,7,29,92
130,12,4.24615,7,29,92
131,12,4.25954,7,30,93
132,12,4.27273,7,31,94
133,12,4.2406,7,31,94
134,12,4.25373,7,32,95
135,12,4.22222,7,32,95
136,13,4.23529,7,33,96
137,13,4.24818,7,34,97
138,13,4.26087,7,35,98
139,13,4.31655,7,37,100
140,13,4.28571,7,37,100
141,13,4.25532,7,37,100
142,13,4.22535,7,37,100
143,13,4.23776,7,38,101
144,13,4.20833,7,38,101
145,13,4.17931,7,38,101
146,13,4.31507,7,42,105
147,13,4.28571,7,42,105
148,13,4.25676,7,42,105
149,13,4.26846,7,43,106
150,13,4.24,7,43,106
151,13,4.25166,7,44,107
152,13,4.22368,7,44,107
153,13,4.19608,7,44,107
154,13,4.16883,7,44,107
155,13,4.18065,7,45,108
156,13,4.15385,7,45,108
157,13,4.16561,7,46,109
158,13,4.17722,7,47,110
159,13,4.18868,7,48,111
160,13,4.1625,7,48,111
161,13,4.17391,7,49,112
162,13,4.14815,7,49,112
163,13,4.15951,7,50,113
164,13,4.13415,6,0,113
165,13,4.14545,6,1,114
166,13,4.15663,6,2,115
167,13,4.13174,6,2,115
168,13,4.10714,6,2,115
169,14,4.11834,6,3,116
170,14,4.23529,6,7,120
171,14,4.21053,6,7,120
172,14,4.18605,6,7,120
173,14,4.16185,6,7,120
174,14,4.17241,6,8,121
175,14,4.14857,6,8,121
176,14,4.125,6,8,121
177,14,4.13559,6,9,122
178,14,4.17978,6,11,124
179,14,4.15642,6,11,124
180,14,4.16667,6,12,125
181,14,4.14365,6,12,125
182,14,4.12088,6,12,125
183,14,4.13115,6,13,126
184,14,4.1087,6,13,126
185,14,4.11892,6,14,127
186,14,4.22581,6,18,131
187,14,4.23529,6,19,132
188,14,4.21277,6,19,132
189,14,4.19048,6,19,132
190,14,4.16842,6,19,132
191,14,4.27225,6,23,136
192,14,4.28125,6,24,137
193,14,4.25907,6,24,137
194,14,4.29897,6,26,139
195,14,4.27692,6,26,139
196,14,4.28571,6,27,140
197,14,4.26396,5,0,140
198,14,4.24242,5,0,140
199,14,4.22111,5,0,140
200,14,4.23,5,1,141
201,14,4.26866,5,3,143
202,14,4.27723,5,4,144
203,14,4.25616,5,4,144
204,14,4.23529,5,4,144
205,14,4.2439,5,5,145
206,14,4.2233,5,5,145
207,14,4.2029,5,5,145
208,14,4.18269,5,5,145
209,15,4.19139,5,6,146
210,15,4.17143,5,6,146
211,15,4.18009,5,7,147
212,15,4.21698,5,9,149
213,15,4.22535,5,10,150
214,15,4.20561,5,10,150
215,15,4.18605,5,10,150
216,15,4.19444,5,11,151
217,15,4.20276,5,12,152
218,15,4.29358,5,16,156
219,15,4.43836,5,22,162
220,15,4.41818,4,0,162
221,15,4.42534,4,1,163
222,15,4.40541,4,1,163
223,15,4.41256,4,2,164
224,15,4.39286,4,2,164
225,15,4.4,4,3,165
226,15,4.38053,3,0,165
227,15,4.36123,3,0,165
228,15,4.36842,3,1,166
229,15,4.34934,3,1,166
230,15,4.35652,3,2,167
231,15,4.33766,3,2,167
232,15,4.42241,3,6,171
233,15,4.40343,3,6,171
234,15,4.38462,3,6,171
235,15,4.36596,3,6,171
236,15,4.34746,3,6,171
237,16,4.35443,3,7,172
238,16,4.33613,3,7,172
239,16,4.3431,3,8,173
240,16,4.325,3,8,173
241,17,4.33195,3,9,174
242,17,4.31405,3,9,174
243,17,4.32099,3,10,175
244,17,4.32787,3,11,176
245,17,4.3102,3,11,176
246,17,4.34146,3,13,178
247,17,4.32389,2,0,178
248,17,4.30645,2,0,178
249,17,4.28916,2,0,178
250,17,4.368,2,4,182
251,17,4.3745,2,5,183
252,17,4.35714,2,5,183
253,17,4.36364,2,6,184
254,17,4.34646,2,6,184
255,17,4.35294,2,7,185
256,17,4.33594,2,7,185
257,17,4.31907,1,0,185
258,17,4.32558,1,1,186
259,17,4.30888,1,1,186
260,17,4.29231,1,1,186
261,17,4.27586,1,1,186
262,17,4.35115,1,5,190
263,17,4.3346,1,5,190
264,17,4.31818,1,5,190
265,17,4.30189,1,5,190
266,17,4.30827,1,6,191
267,17,4.29213,1,6,191
268,17,4.27612,1,6,191
269,17,4.26022,1,6,191
270,17,4.24444,1,6,191
271,17,4.22878,1,6,191
272,17,4.21324,1,6,191
273,17,4.1978,1,6,191
274,17,4.18248,1,6,191
275,17,4.16727,1,6,191
276,17,4.17391,1,7,192
277,17,4.15884,1,7,192
278,17,4.14388,1,7,192
279,17,4.12903,1,7,192
280,17,4.11429,1,7,192
281,17,4.09964,1,7,192
282,17,4.10638,1,8,193
283,17,4.09187,1,8,193
284,17,4.09859,1,9,194
285,17,4.08421,1,9,194
286,17,4.06993,1,9,194
287,17,4.05575,1,9,194
288,17,4.04167,1,9,194
289,17,4.02768,1,9,194
290,17,4.01379,1,9,194
291,17,4.02062,1,10,195
292,17,4.00685,1,10,195
293,17,3.99317,1,10,195
294,17,3.97959,1,10,195
295,17,3.9661,1,10,195
296,17,3.9527,1,10,195
297,17,3.93939,1,10,195
298,17,3.92617,1,10,195
299,17,3.91304,1,10,195
300,17,3.9,0,0,195
