1,0,0,10,0,0
2,0,0,10,0,0
3,0,0,10,0,0
4,0,0,10,0,0
5,0,0,10,0,0
6,0,0,10,0,0
7,0,0,10,0,0
8,0,0,10,0,0
9,0,0,10,0,0
10,0,0,10,0,0
11,0,0,10,0,0
12,0,0,10,0,0
13,0,1.84615,10,4,4
14,0,1.71429,10,4,4
15,0,1.6,10,4,4
16,0,1.5,10,4,4
17,0,1.41176,10,4,4
18,0,1.33333,10,4,4
19,0,1.57895,10,5,5
20,0,1.5,10,5,5
21,0,2.28571,10,8,8
22,0,2.18182,10,8,8
23,0,2.08696,10,8,8
24,1,2.25,10,9,9
25,1,3.12,10,13,13
26,1,3,10,13,13
27,1,2.88889,10,13,13
28,1,2.78571,10,13,13
29,1,2.68966,10,13,13
30,1,2.6,10,13,13
31,1,3.29032,10,17,17
32,1,3.9375,10,21,21
33,1,3.81818,10,21,21
34,1,3.70588,10,21,21
35,1,3.77143,10,22,22
36,1,3.66667,10,22,22
37,1,3.56757,10,22,22
38,1,3.47368,10,22,22
39,1,3.84615,10,25,25
40,1,3.75,10,25,25
41,1,3.80488,10,26,26
42,1,3.71429,10,26,26
43,1,3.62791,10,26,26
44,1,3.54545,10,26,26
45,1,3.6,10,27,27
46,1,3.52174,10,27,27
47,1,3.44681,10,27,27
48,1,3.875,10,31,31
49,1,3.79592,10,31,31
50,1,3.84,10,32,32
51,1,3.88235,10,33,33
52,1,3.80769,10,33,33
53,1,3.73585,10,33,33
54,1,4.11111,10,37,37
55,1,4.03636,10,37,37
56,1,3.96429,10,37,37
57,1,3.89474,10,37,37
58,1,3.93103,10,38,38
59,1,3.86441,10,38,38
60,1,3.8,10,38,38
61,1,3.7377,10,38,38
62,1,3.67742,10,38,38
63,1,3.61905,10,38,38
64,1,3.5625,10,38,38
65,1,3.50769,10,38,38
66,1,3.54545,10,39,39
67,1,3.58209,10,40,40
68,2,3.61765,10,41,41
69,2,3.56522,10,41,41
70,2,3.51429,9,0,41
71,2,3.46479,9,0,41
72,2,3.41667,9,0,41
73,3,3.45205,9,1,42
74,3,3.40541,9,1,42
75,3,3.52,9,3,44
76,3,3.47368,9,3,44
77,3,3.42857,9,3,44
78,3,3.46154,9,4,45
79,3,3.41772,9,4,45
80,3,3.375,9,4,45
81,3,3.33333,9,4,45
82,3,3.36585,9,5,46
83,3,3.3253,9,5,46
84,3,3.28571,9,5,46
85,3,3.24706,9,5,46
86,3,3.2093,9,5,46
87,3,3.17241,9,5,46
88,3,3.20455,9,6,47
89,3,3.16854,9,6,47
90,3,3.13333,8,0,47
91,3,3.0989,8,0,47
92,3,3.06522,8,0,47
93,3,3.03226,8,0,47
94,4,3.06383,8,1,48
95,4,3.03158,8,1,48
96,4,3,8,1,48
97,4,3.03093,8,2,49
98,4,3,8,2,49
99,4,2.9697,8,2,49
100,4,2.94,8,2,49
101,4,2.91089,8,2,49
102,4,2.88235,8,2,49
103,5,2.91262,8,3,50
104,5,2.94231,8,4,51
105,5,3.02857,8,6,53
106,5,3,7,0,53
107,5,2.97196,7,0,53
108,5,3.16667,7,4,57
109,5,3.19266,7,5,58
110,5,3.16364,7,5,58
111,5,3.13514,7,5,58
112,6,3.16071,7,6,59
113,6,3.13274,7,6,59
114,6,3.26316,7,9,62
115,6,3.44348,7,13,66
116,6,3.46552,7,14,67
117,6,3.4359,7,14,67
118,6,3.40678,7,14,67
119,6,3.37815,7,14,67
120,6,3.35,7,14,67
121,6,3.32231,7,14,67
122,6,3.29508,7,14,67
123,6,3.26829,7,14,67
124,6,3.29032,7,15,68
125,6,3.264,7,15,68
126,6,3.2381,7,15,68
127,6,3.40157,7,19,72
128,6,3.375,7,19,72
129,6,3.39535,7,20,73
130,6,3.36923,7,20,73
131,6,3.38931,7,21,74
132,6,3.36364,7,21,74
133,6,3.33835,7,21,74
134,6,3.31343,7,21,74
135,6,3.33333,7,22,75
136,6,3.30882,7,22,75
137,6,3.28467,7,22,75
138,6,3.26087,7,22,75
139,6,3.28058,7,23,76
140,6,3.42857,7,27,80
141,6,3.40426,7,27,80
142,6,3.38028,7,27,80
143,6,3.35664,7,27,80
144,6,3.33333,7,27,80
145,6,3.31034,7,27,80
146,6,3.28767,7,27,80
147,6,3.30612,7,28,81
148,6,3.32432,7,29,82
149,6,3.34228,7,30,83
150,6,3.32,6,0,83
151,6,3.29801,6,0,83
152,6,3.27632,6,0,83
153,6,3.2549,6,0,83
154,6,3.23377,6,0,83
155,6,3.2129,6,0,83
156,6,3.23077,6,1,84
157,6,3.21019,6,1,84
158,6,3.18987,6,1,84
159,6,3.16981,6,1,84
160,6,3.1875,6,2,85
161,6,3.1677,6,2,85
162,8,3.22222,6,4,87
163,8,3.23926,6,5,88
164,8,3.2561,6,6,89
165,10,3.30909,6,8,91
166,10,3.28916,6,8,91
167,10,3.26946,6,8,91
168,10,3.25,6,8,91
169,10,3.44379,6,14,97
170,10,3.42353,6,14,97
171,10,3.4386,6,15,98
172,10,3.4186,6,15,98
173,10,3.46821,6,17,100
174,10,3.44828,6,17,100
175,10,3.46286,6,18,101
176,10,3.47727,6,19,102
177,10,3.49153,6,20,103
178,10,3.47191,6,20,103
179,10,3.58659,6,24,107
180,11,3.6,6,25,108
181,11,3.71271,6,29,112
182,11,3.69231,6,29,112
183,11,3.80328,6,33,116
184,11,3.81522,6,34,117
185,11,3.92432,6,38,121
186,11,4.03226,6,42,125
187,11,4.04278,6,43,126
188,11,4.02128,6,43,126
189,11,4,6,43,126
190,11,4.04211,6,45,128
191,11,4.05236,6,46,129
192,11,4.15625,6,50,133
193,11,4.13472,6,50,133
194,11,4.14433,6,51,134
195,11,4.15385,6,52,135
196,11,4.16327,6,53,136
197,12,4.17259,6,54,137
198,12,4.18182,6,55,138
199,12,4.19095,6,56,139
200,12,4.2,6,57,140
201,13,4.20896,6,58,141
202,13,4.18812,6,58,141
203,13,4.28571,6,62,145
204,13,4.26471,6,62,145
205,13,4.27317,6,63,146
206,13,4.25243,6,63,146
207,14,4.26087,6,64,147
208,14,4.26923,6,65,148
209,14,4.27751,6,66,149
210,14,4.28571,6,67,150
211,14,4.29384,6,68,151
212,14,4.30189,6,69,152
213,14,4.30986,6,70,153
214,14,4.28972,6,70,153
215,14,4.26977,6,70,153
216,14,4.27778,6,71,154
217,14,4.31336,6,73,156
218,14,4.29358,6,73,156
219,14,4.38356,6,77,160
220,14,4.39091,6,78,161
221,14,4.37104,6,78,161
222,14,4.37838,6,79,162
223,14,4.38565,6,80,163
224,14,4.41964,6,82,165
225,14,4.4,6,82,165
226,14,4.43363,6,84,167
227,14,4.44053,6,85,168
228,15,4.44737,6,86,169
229,15,4.42795,5,0,169
230,15,4.43478,5,1,170
231,15,4.41558,5,1,170
232,15,4.5,5,5,174
233,15,4.48069,5,5,174
234,15,4.48718,5,6,175
235,15,4.57021,5,10,179
236,15,4.57627,5,11,180
237,16,4.60759,5,13,182
238,16,4.61345,5,14,183
239,16,4.59414,5,14,183
240,17,4.6,5,15,184
241,17,4.58091,5,15,184
242,17,4.66116,5,19,188
243,17,4.66667,5,20,189
244,17,4.67213,5,21,190
245,17,4.67755,5,22,191
246,17,4.65854,5,22,191
247,17,4.66397,5,23,192
248,17,4.66935,5,24,193
249,17,4.6747,5,25,194
250,17,4.656,5,25,194
251,17,4.63745,5,25,194
252,17,4.64286,5,26,195
253,17,4.62451,5,26,195
254,17,4.70079,5,30,199
255,17,4.68235,5,30,199
256,17,4.66406,5,30,199
257,17,4.64591,5,30,199
258,17,4.65116,5,31,200
259,17,4.6332,5,31,200
260,17,4.63846,5,32,201
261,17,4.64368,5,33,202
262,17,4.62595,5,33,202
263,17,4.63118,5,34,203
264,17,4.61364,5,34,203
265,17,4.59623,5,34,203
266,17,4.6015,5,35,204
267,17,4.67416,5,39,208
268,17,4.6791,5,40,209
269,17,4.66171,5,40,209
270,17,4.64444,4,0,209
271,17,4.64945,4,1,210
272,17,4.63235,4,1,210
273,17,4.61538,4,1,210
274,17,4.59854,4,1,210
275,17,4.60364,4,2,211
276,17,4.58696,4,2,211
277,17,4.5704,4,2,211
278,17,4.57554,4,3,212
279,17,4.58065,4,4,213
280,17,4.58571,4,5,214
281,17,4.6121,4,7,216
282,17,4.59574,4,7,216
283,17,4.66431,4,11,220
284,17,4.66901,4,12,221
285,17,4.65263,4,12,221
286,17,4.65734,4,13,222
287,17,4.72474,4,17,226
288,17,4.72917,4,18,227
289,17,4.73356,4,19,228
290,17,4.71724,4,19,228
291,17,4.72165,4,20,229
292,17,4.70548,4,20,229
293,17,4.7099,4,21,230
294,17,4.71429,4,22,231
295,17,4.71864,4,23,232
296,17,4.78378,4,27,236
297,17,4.78788,4,28,237
298,17,4.79195,4,29,238
299,17,4.77592,3,0,238
300,17,4.76,3,0,238
301,17,4.74419,3,0,238
302,17,4.84768,3,6,244
303,17,4.83168,3,6,244
304,17,4.83553,3,7,245
305,17,4.81967,3,7,245
306,17,4.80392,3,7,245
307,17,4.78827,2,0,245
308,17,4.79221,2,1,246
309,17,4.85437,2,5,250
310,17,4.91613,2,9,254
311,17,4.91961,2,10,255
312,17,4.98077,2,14,259