1,1,6,10,1,1
2,1,3,10,1,1
3,1,2,10,1,1
4,1,3,10,2,2
5,1,2.4,10,2,2
6,1,2,10,2,2
7,2,2.57143,10,3,3
8,2,5.25,10,7,7
9,2,4.66667,10,7,7
10,2,4.2,10,7,7
11,2,3.81818,10,7,7
12,7,6,10,12,12
13,7,5.53846,9,0,12
14,7,5.14286,9,0,12
15,7,5.6,9,2,14
16,7,5.25,9,2,14
17,7,5.29412,9,3,15
18,7,5,9,3,15
19,7,4.73684,9,3,15
20,7,4.5,9,3,15
21,7,4.85714,9,5,17
22,7,4.63636,9,5,17
23,7,4.43478,9,5,17
24,7,4.25,9,5,17
25,7,4.08,9,5,17
26,7,3.92308,9,5,17
27,11,4.66667,9,9,21
28,11,4.5,9,9,21
29,11,4.34483,9,9,21
30,11,4.2,9,9,21
31,11,4.06452,9,9,21
32,11,3.9375,9,9,21
33,11,3.81818,9,9,21
34,11,3.70588,9,9,21
35,11,3.6,9,9,21
36,11,3.66667,9,10,22
37,11,3.56757,9,10,22
38,11,4.10526,9,14,26
39,11,4.61538,9,18,30
40,12,4.65,9,19,31
41,12,4.53659,9,19,31
42,12,4.42857,9,19,31
43,12,4.46512,9,20,32
44,12,4.36364,9,20,32
45,12,4.26667,9,20,32
46,12,4.17391,9,20,32
47,12,4.08511,9,20,32
48,12,4,9,20,32
49,12,3.91837,9,20,32
50,12,3.84,9,20,32
51,12,3.76471,9,20,32
52,12,3.69231,9,20,32
53,12,3.62264,9,20,32
54,12,3.55556,9,20,32
55,12,3.49091,9,20,32
56,12,3.42857,9,20,32
57,12,3.36842,9,20,32
58,12,3.31034,9,20,32
59,12,3.25424,9,20,32
60,12,3.2,9,20,32
61,12,3.14754,9,20,32
62,12,3.09677,9,20,32
63,12,3.2381,9,22,34
64,12,3.1875,9,22,34
65,12,3.13846,9,22,34
66,12,3.18182,9,23,35
67,12,3.22388,9,24,36
68,12,3.17647,8,0,36
69,12,3.13043,8,0,36
70,12,3.08571,8,0,36
71,12,3.12676,8,1,37
72,12,3.08333,8,1,37
73,12,3.12329,8,2,38
74,12,3.08108,8,2,38
75,12,3.12,8,3,39
76,12,3.07895,8,3,39
77,12,3.11688,8,4,40
78,12,3.07692,8,4,40
79,12,3.03797,8,4,40
80,12,3,8,4,40
81,12,2.96296,8,4,40
82,12,2.92683,8,4,40
83,12,2.89157,8,4,40
84,12,2.85714,8,4,40
85,12,2.82353,8,4,40
86,12,2.86047,8,5,41
87,12,2.89655,8,6,42
88,12,2.86364,8,6,42
89,12,2.83146,8,6,42
90,12,3.2,8,12,48
91,12,3.16484,8,12,48
92,13,3.19565,8,13,49
93,13,3.22581,8,14,50
94,13,3.19149,8,14,50
95,13,3.15789,8,14,50
96,13,3.125,8,14,50
97,13,3.15464,8,15,51
98,13,3.12245,8,15,51
99,13,3.09091,8,15,51
100,13,3.06,8,15,51
101,14,3.08911,8,16,52
102,14,3.05882,8,16,52
103,14,3.26214,8,20,56
104,14,3.28846,8,21,57
105,14,3.25714,8,21,57
106,14,3.28302,8,22,58
107,14,3.36449,8,24,60
108,14,3.38889,8,25,61
109,14,3.41284,8,26,62
110,14,3.6,8,30,66
111,14,3.56757,8,30,66
112,14,3.53571,8,30,66
113,14,3.50442,7,0,66
114,14,3.57895,7,2,68
115,14,3.54783,7,2,68
116,14,3.56897,7,3,69
117,14,3.58974,7,4,70
118,14,3.55932,7,4,70
119,14,3.57983,7,5,71
120,14,3.55,7,5,71
121,14,3.52066,7,5,71
122,14,3.4918,7,5,71
123,14,3.7561,7,11,77
124,14,3.72581,6,0,77
125,14,3.696,6,0,77
126,14,3.71429,6,1,78
127,14,3.68504,6,1,78
128,14,3.70312,6,2,79
129,14,3.67442,6,2,79
130,14,3.64615,6,2,79
131,14,3.66412,6,3,80
132,16,3.72727,6,5,82
133,16,3.69925,6,5,82
134,16,3.67164,6,5,82
135,16,3.64444,6,5,82
136,16,3.66176,6,6,83
137,16,3.63504,6,6,83
138,16,3.65217,6,7,84
139,16,3.66906,6,8,85
140,16,3.64286,6,8,85
141,16,3.61702,6,8,85
142,16,3.6338,6,9,86
143,16,3.60839,6,9,86
144,16,3.625,6,10,87
145,16,3.6,6,10,87
146,16,3.57534,6,10,87
147,16,3.55102,6,10,87
148,16,3.56757,6,11,88
149,16,3.54362,6,11,88
150,16,3.52,6,11,88
151,16,3.49669,6,11,88
152,16,3.47368,6,11,88
153,16,3.4902,6,12,89
154,16,3.50649,6,13,90
155,16,3.52258,6,14,91
156,16,3.5,6,14,91
157,16,3.47771,6,14,91
158,16,3.49367,6,15,92
159,17,3.50943,6,16,93
160,17,3.525,6,17,94
161,17,3.54037,6,18,95
162,17,3.51852,6,18,95
163,17,3.53374,6,19,96
164,17,3.5122,6,19,96
165,17,3.52727,6,20,97
166,17,3.50602,6,20,97
167,17,3.48503,6,20,97
168,17,3.46429,6,20,97
169,17,3.44379,6,20,97
170,17,3.42353,6,20,97
171,17,3.40351,6,20,97
172,17,3.38372,6,20,97
173,17,3.36416,6,20,97
174,17,3.37931,6,21,98
175,18,3.39429,6,22,99
176,18,3.40909,6,23,100
177,18,3.38983,6,23,100
178,18,3.40449,6,24,101
179,18,3.38547,6,24,101
180,18,3.43333,6,26,103
181,18,3.41436,6,26,103
182,18,3.3956,6,26,103
183,18,3.37705,6,26,103
184,18,3.3913,6,27,104
185,18,3.37297,6,27,104
186,18,3.35484,6,27,104
187,18,3.3369,5,0,104
188,18,3.31915,5,0,104
189,18,3.30159,5,0,104
190,18,3.31579,5,1,105
191,18,3.29843,5,1,105
192,18,3.28125,5,1,105
193,18,3.26425,5,1,105
194,18,3.24742,5,1,105
195,18,3.23077,5,1,105
196,18,3.21429,5,1,105
197,18,3.19797,5,1,105
198,18,3.18182,5,1,105
199,18,3.16583,5,1,105
200,18,3.18,5,2,106
201,18,3.16418,5,2,106
202,18,3.14851,5,2,106
203,18,3.16256,5,3,107
204,18,3.14706,4,0,107
205,18,3.13171,4,0,107
206,18,3.1165,4,0,107
207,18,3.10145,4,0,107
208,18,3.08654,4,0,107
209,18,3.10048,4,1,108
210,18,3.08571,4,1,108
211,18,3.07109,4,1,108
212,19,3.08491,4,2,109
213,19,3.07042,4,2,109
214,19,3.08411,4,3,110
215,19,3.06977,4,3,110
216,19,3.08333,4,4,111
217,19,3.06912,4,4,111
218,19,3.08257,4,5,112
219,19,3.06849,4,5,112
220,19,3.05455,4,5,112
221,19,3.04072,4,5,112
222,19,3.05405,4,6,113
223,19,3.12108,4,9,116
224,19,3.13393,4,10,117
225,19,3.12,4,10,117
226,19,3.10619,4,10,117
227,19,3.09251,4,10,117
228,19,3.07895,4,10,117
229,19,3.0917,4,11,118
230,19,3.10435,4,12,119
231,19,3.11688,4,13,120
232,19,3.10345,3,0,120
233,19,3.09013,3,0,120
234,19,3.07692,3,0,120
235,19,3.06383,3,0,120
236,19,3.07627,3,1,121
237,19,3.06329,3,1,121
238,19,3.05042,3,1,121
239,19,3.03766,3,1,121
240,19,3.05,3,2,122
241,19,3.03734,3,2,122
242,19,3.02479,2,0,122
243,19,3.01235,2,0,122
244,19,3.14754,2,6,128
245,19,3.13469,2,6,128
246,19,3.12195,2,6,128
247,19,3.1336,2,7,129
248,19,3.12097,1,0,129
249,19,3.10843,1,0,129
250,19,3.096,1,0,129
251,19,3.13147,1,2,131
252,19,3.11905,0,0,131