1,0,12,10,2,2
2,0,6,10,2,2
3,0,4,10,2,2
4,0,3,10,2,2
5,0,2.4,10,2,2
6,0,2,10,2,2
7,0,1.71429,10,2,2
8,0,1.5,10,2,2
9,0,1.33333,10,2,2
10,1,1.8,10,3,3
11,1,1.63636,10,3,3
12,1,1.5,10,3,3
13,1,1.84615,10,4,4
14,1,3.42857,10,8,8
15,1,4,10,10,10
16,1,3.75,10,10,10
17,1,3.52941,10,10,10
18,1,3.66667,10,11,11
19,1,3.78947,10,12,12
20,2,3.9,10,13,13
21,2,3.71429,10,13,13
22,2,3.54545,10,13,13
23,2,3.3913,9,0,13
24,2,3.5,9,1,14
25,2,3.84,9,3,16
26,2,4.15385,9,5,18
27,3,4.22222,9,6,19
28,3,4.07143,9,6,19
29,3,3.93103,9,6,19
30,3,3.8,9,6,19
31,4,3.87097,9,7,20
32,4,3.75,8,0,20
33,4,3.63636,8,0,20
34,4,3.52941,8,0,20
35,4,4.11429,8,4,24
36,4,4,8,4,24
37,4,3.89189,8,4,24
38,4,3.78947,8,4,24
39,4,3.69231,8,4,24
40,4,3.6,8,4,24
41,4,3.5122,8,4,24
42,4,4,8,8,28
43,4,4.04651,8,9,29
44,4,4.22727,8,11,31
45,4,4.13333,8,11,31
46,4,4.04348,8,11,31
47,4,3.95745,8,11,31
48,4,4,8,12,32
49,4,3.91837,7,0,32
50,5,3.96,7,1,33
51,5,3.88235,7,1,33
52,5,3.80769,7,1,33
53,5,3.73585,7,1,33
54,5,3.66667,7,1,33
55,5,3.6,7,1,33
56,5,3.53571,7,1,33
57,5,3.47368,7,1,33
58,5,3.41379,7,1,33
59,5,3.35593,7,1,33
60,5,3.3,7,1,33
61,5,3.34426,7,2,34
62,5,3.29032,7,2,34
63,5,3.2381,7,2,34
64,5,3.28125,7,3,35
65,5,3.6,7,7,39
66,5,3.72727,7,9,41
67,5,4.02985,7,13,45
68,5,4.05882,7,14,46
69,5,4,6,0,46
70,5,3.94286,6,0,46
71,5,4.22535,6,4,50
72,5,4.5,6,8,54
73,5,4.43836,6,8,54
74,6,4.45946,6,9,55
75,6,4.72,6,13,59
76,6,4.65789,6,13,59
77,6,4.67532,6,14,60
78,6,4.69231,6,15,61
79,6,4.70886,6,16,62
80,6,4.65,6,16,62
81,6,4.66667,6,17,63
82,6,4.68293,6,18,64
83,6,4.62651,6,18,64
84,6,4.57143,6,18,64
85,6,4.51765,6,18,64
86,7,4.53488,6,19,65
87,7,4.48276,6,19,65
88,7,4.43182,6,19,65
89,7,4.38202,6,19,65
90,7,4.33333,6,19,65
91,7,4.41758,6,21,67
92,7,4.43478,6,22,68
93,7,4.3871,6,22,68
94,7,4.34043,6,22,68
95,7,4.29474,6,22,68
96,7,4.25,6,22,68
97,7,4.20619,6,22,68
98,7,4.22449,6,23,69
99,7,4.18182,6,23,69
100,7,4.2,6,24,70
101,7,4.15842,6,24,70
102,7,4.11765,6,24,70
103,7,4.07767,6,24,70
104,7,4.09615,6,25,71
105,7,4.28571,6,29,75
106,7,4.30189,6,30,76
107,7,4.26168,6,30,76
108,7,4.27778,6,31,77
109,7,4.23853,6,31,77
110,7,4.2,6,31,77
111,7,4.21622,6,32,78
112,7,4.17857,6,32,78
113,7,4.35398,6,36,82
114,7,4.31579,6,36,82
115,7,4.27826,6,36,82
116,7,4.24138,6,36,82
117,7,4.25641,6,37,83
118,7,4.22034,6,37,83
119,7,4.23529,6,38,84
120,7,4.2,6,38,84
121,7,4.16529,6,38,84
122,7,4.13115,6,38,84
123,7,4.09756,6,38,84
124,7,4.06452,6,38,84
125,7,4.032,6,38,84
126,7,4,6,38,84
127,7,4.15748,6,42,88
128,7,4.125,6,42,88
129,7,4.13953,6,43,89
130,7,4.15385,6,44,90
131,7,4.16794,6,45,91
132,7,4.18182,6,46,92
133,7,4.15038,6,46,92
134,7,4.1194,6,46,92
135,7,4.13333,6,47,93
136,7,4.14706,6,48,94
137,7,4.11679,6,48,94
138,7,4.13043,6,49,95
139,7,4.10072,6,49,95
140,7,4.07143,6,49,95
141,7,4.08511,6,50,96
142,7,4.30986,6,56,102
143,7,4.32168,6,57,103
144,7,4.29167,6,57,103
145,7,4.30345,6,58,104
146,7,4.27397,6,58,104
147,7,4.28571,6,59,105
148,7,4.25676,6,59,105
149,7,4.26846,6,60,106
150,7,4.24,6,60,106
151,7,4.29139,6,62,108
152,7,4.26316,6,62,108
153,7,4.23529,6,62,108
154,7,4.20779,6,62,108
155,7,4.4129,6,68,114
156,7,4.38462,6,68,114
157,7,4.35669,6,68,114
158,7,4.36709,6,69,115
159,7,4.33962,6,69,115
160,7,4.3125,6,69,115
161,7,4.28571,6,69,115
162,7,4.2963,6,70,116
163,7,4.26994,6,70,116
164,7,4.2439,6,70,116
165,7,4.25455,6,71,117
166,7,4.26506,6,72,118
167,7,4.23952,6,72,118
168,7,4.25,6,73,119
169,7,4.22485,6,73,119
170,7,4.23529,6,74,120
171,7,4.24561,6,75,121
172,7,4.22093,6,75,121
173,9,4.2659,6,77,123
174,9,4.27586,6,78,124
175,9,4.25143,6,78,124
176,9,4.26136,6,79,125
177,10,4.27119,6,80,126
178,11,4.2809,6,81,127
179,11,4.25698,6,81,127
180,11,4.26667,6,82,128
181,11,4.24309,6,82,128
182,11,4.21978,6,82,128
183,11,4.22951,6,83,129
184,11,4.20652,6,83,129
185,11,4.18378,6,83,129
186,11,4.22581,6,85,131
187,11,4.23529,6,86,132
188,11,4.21277,6,86,132
189,11,4.25397,6,88,134
190,11,4.29474,6,90,136
191,11,4.30366,6,91,137
192,11,4.28125,6,91,137
193,11,4.25907,6,91,137
194,11,4.23711,6,91,137
195,11,4.21538,6,91,137
196,11,4.22449,6,92,138
197,11,4.2335,6,93,139
198,11,4.21212,6,93,139
199,11,4.22111,6,94,140
200,11,4.2,6,94,140
201,11,4.1791,6,94,140
202,11,4.18812,6,95,141
203,11,4.16749,6,95,141
204,11,4.14706,6,95,141
205,11,4.18537,6,97,143
206,11,4.19417,6,98,144
207,11,4.2029,6,99,145
208,11,4.18269,6,99,145
209,11,4.16268,6,99,145
210,11,4.14286,6,99,145
211,11,4.12322,6,99,145
212,11,4.13208,6,100,146
213,11,4.14085,6,101,147
214,11,4.1215,6,101,147
215,11,4.13023,6,102,148
216,11,4.13889,6,103,149
217,11,4.14747,6,104,150
218,11,4.15596,6,105,151
219,11,4.13699,6,105,151
220,11,4.14545,6,106,152
221,11,4.15385,6,107,153
222,11,4.16216,6,108,154
223,11,4.1435,6,108,154
224,11,4.15179,6,109,155
225,11,4.16,6,110,156
226,11,4.16814,6,111,157
227,12,4.17621,6,112,158
228,12,4.15789,6,112,158
229,12,4.16594,6,113,159
230,12,4.17391,6,114,160
231,12,4.15584,6,114,160
232,12,4.13793,6,114,160
233,12,4.12017,6,114,160
234,12,4.10256,6,114,160
235,12,4.08511,6,114,160
236,12,4.0678,6,114,160
237,12,4.07595,6,115,161
238,12,4.05882,6,115,161
239,12,4.06695,6,116,162
240,12,4.075,6,117,163
241,12,4.08299,6,118,164
242,12,4.06612,5,0,164
243,12,4.04938,5,0,164
244,12,4.03279,5,0,164
245,12,4.04082,5,1,165
246,13,4.04878,5,2,166
247,13,4.12955,5,6,170
248,13,4.1371,5,7,171
249,13,4.12048,5,7,171
250,13,4.128,5,8,172
251,13,4.13546,5,9,173
252,13,4.14286,5,10,174
253,13,4.1502,5,11,175
254,13,4.13386,5,11,175
255,13,4.11765,5,11,175
256,13,4.10156,5,11,175
257,13,4.0856,5,11,175
258,13,4.06977,5,11,175
259,13,4.05405,5,11,175
260,13,4.03846,5,11,175
261,13,4.02299,5,11,175
262,13,4.03053,5,12,176
263,13,4.01521,4,0,176
264,13,4.02273,4,1,177
265,13,4.03019,4,2,178
266,13,4.03759,4,3,179
267,14,4.04494,4,4,180
268,14,4.02985,3,0,180
269,14,4.01487,3,0,180
270,14,4,3,0,180
271,14,3.98524,3,0,180
272,14,3.97059,3,0,180
273,14,3.95604,3,0,180
274,14,3.94161,3,0,180
275,14,3.94909,3,1,181
276,14,3.93478,3,1,181
277,14,3.94224,3,2,182
278,14,3.97122,3,4,184
279,15,3.97849,3,5,185
280,15,4.00714,3,7,187
281,15,3.99288,3,7,187
282,15,3.97872,3,7,187
283,15,4.00707,3,9,189
284,15,3.99296,3,9,189
285,15,4,3,10,190
286,15,3.98601,3,10,190
287,15,3.99303,3,11,191
288,15,4.04167,3,14,194
289,16,4.04844,3,15,195
290,16,4.05517,3,16,196
291,16,4.04124,3,16,196
292,16,4.0274,3,16,196
293,16,4.01365,3,16,196
294,16,4.02041,3,17,197
295,16,4.00678,3,17,197
296,16,3.99324,3,17,197
297,16,4,3,18,198
298,16,4.00671,3,19,199
299,16,4.01338,3,20,200
300,16,4.02,3,21,201
301,16,4.04651,3,23,203
302,16,4.09272,3,26,206
303,16,4.09901,3,27,207
304,16,4.20395,3,33,213
305,16,4.19016,3,33,213
306,17,4.19608,3,34,214
307,17,4.18241,3,34,214
308,17,4.16883,2,0,214
309,17,4.23301,2,4,218
310,17,4.21935,1,0,218