1,0,0,10,0,0
2,0,0,10,0,0
3,0,0,10,0,0
4,0,0,10,0,0
5,0,0,10,0,0
6,0,0,10,0,0
7,0,0,10,0,0
8,1,0.75,10,1,1
9,6,4,10,6,6
10,7,4.2,10,7,7
11,7,3.81818,10,7,7
12,7,4,10,8,8
13,7,3.69231,10,8,8
14,7,3.42857,10,8,8
15,7,3.2,10,8,8
16,7,3,10,8,8
17,7,2.82353,10,8,8
18,7,2.66667,10,8,8
19,7,2.52632,10,8,8
20,7,3.6,10,12,12
21,7,3.42857,10,12,12
22,7,4.36364,10,16,16
23,7,4.17391,10,16,16
24,7,4,10,16,16
25,7,3.84,10,16,16
26,7,3.69231,10,16,16
27,7,3.55556,10,16,16
28,7,3.64286,10,17,17
29,7,3.93103,10,19,19
30,7,3.8,10,19,19
31,7,3.67742,10,19,19
32,7,3.5625,10,19,19
33,7,3.45455,10,19,19
34,7,3.52941,10,20,20
35,7,3.42857,10,20,20
36,7,3.33333,10,20,20
37,7,3.89189,10,24,24
38,7,3.94737,10,25,25
39,7,3.84615,10,25,25
40,7,3.9,10,26,26
41,7,3.80488,10,26,26
42,7,3.71429,10,26,26
43,7,3.62791,10,26,26
44,7,3.68182,10,27,27
45,7,3.6,10,27,27
46,7,3.65217,10,28,28
47,7,3.57447,10,28,28
48,7,3.5,10,28,28
49,7,3.42857,10,28,28
50,7,3.84,10,32,32
51,7,4.23529,10,36,36
52,7,4.15385,10,36,36
53,7,4.5283,10,40,40
54,7,4.88889,10,44,44
55,7,4.8,10,44,44
56,7,4.82143,10,45,45
57,7,5.05263,10,48,48
58,7,4.96552,10,48,48
59,7,4.88136,10,48,48
60,7,4.8,10,48,48
61,7,4.81967,10,49,49
62,7,4.74194,10,49,49
63,7,4.66667,10,49,49
64,7,4.59375,10,49,49
65,7,4.61538,10,50,50
66,7,4.54545,10,50,50
67,7,4.47761,10,50,50
68,7,4.41176,10,50,50
69,7,4.34783,10,50,50
70,7,4.28571,10,50,50
71,7,4.30986,10,51,51
72,7,4.58333,10,55,55
73,9,4.68493,10,57,57
74,9,4.62162,10,57,57
75,9,4.64,10,58,58
76,9,4.57895,10,58,58
77,9,4.51948,10,58,58
78,9,4.46154,10,58,58
79,9,4.40506,10,58,58
80,9,4.35,10,58,58
81,9,4.2963,10,58,58
82,9,4.31707,10,59,59
83,9,4.33735,10,60,60
84,9,4.35714,10,61,61
85,9,4.30588,10,61,61
86,9,4.25581,10,61,61
87,9,4.2069,10,61,61
88,9,4.15909,10,61,61
89,9,4.24719,10,63,63
90,9,4.2,10,63,63
91,9,4.21978,10,64,64
92,9,4.17391,10,64,64
93,9,4.19355,10,65,65
94,9,4.21277,10,66,66
95,9,4.23158,10,67,67
96,9,4.1875,9,0,67
97,9,4.14433,9,0,67
98,9,4.22449,9,2,69
99,9,4.18182,9,2,69
100,9,4.38,9,6,73
101,9,4.39604,9,7,74
102,9,4.35294,9,7,74
103,9,4.31068,9,7,74
104,9,4.32692,9,8,75
105,9,4.28571,9,8,75
106,9,4.24528,9,8,75
107,9,4.20561,9,8,75
108,9,4.38889,9,12,79
109,9,4.40367,9,13,80
110,9,4.36364,9,13,80
111,9,4.32432,9,13,80
112,9,4.33929,9,14,81
113,9,4.30088,9,14,81
114,9,4.31579,9,15,82
115,9,4.33043,9,16,83
116,9,4.34483,9,17,84
117,9,4.35897,9,18,85
118,9,4.37288,9,19,86
119,9,4.33613,9,19,86
120,9,4.35,9,20,87
121,9,4.31405,9,20,87
122,9,4.27869,9,20,87
123,9,4.29268,9,21,88
124,9,4.30645,9,22,89
125,9,4.32,9,23,90
126,9,4.28571,9,23,90
127,9,4.25197,9,23,90
128,9,4.26562,9,24,91
129,9,4.27907,9,25,92
130,9,4.29231,9,26,93
131,9,4.30534,9,27,94
132,9,4.31818,9,28,95
133,9,4.28571,9,28,95
134,9,4.25373,9,28,95
135,9,4.26667,9,29,96
136,9,4.27941,9,30,97
137,9,4.29197,9,31,98
138,9,4.30435,9,32,99
139,9,4.44604,9,36,103
140,9,4.41429,9,36,103
141,9,4.38298,9,36,103
142,9,4.43662,9,38,105
143,9,4.40559,9,38,105
144,9,4.375,9,38,105
145,9,4.34483,9,38,105
146,9,4.31507,9,38,105
147,9,4.28571,9,38,105
148,9,4.2973,9,39,106
149,9,4.26846,9,39,106
150,9,4.28,9,40,107
151,9,4.25166,9,40,107
152,9,4.26316,9,41,108
153,9,4.23529,9,41,108
154,9,4.28571,9,43,110
155,9,4.37419,9,46,113
156,9,4.38462,9,47,114
157,9,4.35669,9,47,114
158,9,4.32911,9,47,114
159,9,4.33962,9,48,115
160,9,4.3125,9,48,115
161,9,4.32298,9,49,116
162,9,4.2963,8,0,116
163,9,4.26994,8,0,116
164,9,4.2439,8,0,116
165,9,4.21818,8,0,116
166,9,4.22892,8,1,117
167,9,4.23952,8,2,118
168,9,4.25,8,3,119
169,9,4.26036,8,4,120
170,9,4.23529,8,4,120
171,9,4.21053,8,4,120
172,9,4.22093,8,5,121
173,9,4.19653,8,5,121
174,9,4.2069,8,6,122
175,9,4.21714,8,7,123
176,9,4.22727,8,8,124
177,9,4.33898,8,12,128
178,10,4.34831,8,13,129
179,10,4.32402,8,13,129
180,10,4.3,8,13,129
181,10,4.27624,8,13,129
182,10,4.25275,8,13,129
183,10,4.22951,8,13,129
184,10,4.23913,8,14,130
185,10,4.24865,8,15,131
186,10,4.22581,8,15,131
187,10,4.20321,8,15,131
188,10,4.30851,8,19,135
189,10,4.31746,8,20,136
190,10,4.29474,8,20,136
191,10,4.30366,8,21,137
192,10,4.28125,8,21,137
193,10,4.29016,8,22,138
194,10,4.29897,8,23,139
195,10,4.30769,8,24,140
196,10,4.28571,8,24,140
197,10,4.26396,8,24,140
198,10,4.27273,8,25,141
199,10,4.25126,8,25,141
200,11,4.26,8,26,142
201,11,4.23881,8,26,142
202,11,4.24752,8,27,143
203,11,4.28571,8,29,145
204,11,4.26471,8,29,145
205,11,4.27317,8,30,146
206,11,4.28155,8,31,147
207,11,4.28986,8,32,148
208,11,4.26923,8,32,148
209,11,4.30622,8,34,150
210,11,4.31429,8,35,151
211,11,4.32227,8,36,152
212,11,4.30189,8,36,152
213,11,4.30986,8,37,153
214,11,4.31776,8,38,154
215,11,4.32558,8,39,155
216,11,4.30556,8,39,155
217,11,4.34101,8,41,157
218,11,4.34862,8,42,158
219,11,4.35616,8,43,159
220,11,4.33636,8,43,159
221,11,4.39819,8,46,162
222,11,4.40541,8,47,163
223,11,4.49327,8,51,167
224,11,4.5,8,52,168
225,11,4.48,8,52,168
226,11,4.46018,8,52,168
227,11,4.46696,8,53,169
228,11,4.55263,8,57,173
229,11,4.55895,8,58,174
230,11,4.56522,8,59,175
231,11,4.54545,8,59,175
232,11,4.52586,8,59,175
233,11,4.53219,8,60,176
234,11,4.53846,8,61,177
235,11,4.54468,8,62,178
236,11,4.62712,8,66,182
237,11,4.65823,8,68,184
238,11,4.7395,8,72,188
239,11,4.71967,8,72,188
240,11,4.725,8,73,189
241,11,4.73029,8,74,190
242,11,4.71074,8,74,190
243,11,4.71605,8,75,191
244,11,4.72131,8,76,192
245,11,4.72653,8,77,193
246,11,4.70732,8,77,193
247,11,4.71255,8,78,194
248,11,4.69355,7,0,194
249,11,4.6747,7,0,194
250,11,4.656,7,0,194
251,11,4.63745,7,0,194
252,11,4.61905,7,0,194
253,11,4.69565,7,4,198
254,11,4.70079,7,5,199
255,11,4.68235,7,5,199
256,11,4.66406,7,5,199
257,11,4.66926,7,6,200
258,11,4.65116,7,6,200
259,11,4.6332,7,6,200
260,11,4.63846,7,7,201
261,11,4.64368,7,8,202
262,11,4.64885,7,9,203
263,11,4.63118,7,9,203
264,11,4.63636,7,10,204
265,11,4.64151,7,11,205
266,11,4.62406,7,11,205
267,11,4.62921,7,12,206
268,12,4.63433,7,13,207
269,13,4.63941,7,14,208
270,13,4.64444,7,15,209
271,14,4.64945,7,16,210
272,14,4.63235,7,16,210
273,14,4.63736,7,17,211
274,14,4.66423,7,19,213
275,14,4.66909,7,20,214
276,14,4.67391,7,21,215
277,14,4.65704,7,21,215
278,14,4.66187,7,22,216
279,14,4.66667,7,23,217
280,14,4.69286,7,25,219
281,14,4.71886,7,27,221
282,14,4.70213,7,27,221
283,14,4.70671,7,28,222
284,14,4.71127,7,29,223
285,14,4.71579,7,30,224
286,14,4.72028,7,31,225
287,14,4.72474,7,32,226
288,14,4.75,7,34,228
289,14,4.75433,7,35,229
290,14,4.75862,7,36,230
291,15,4.76289,7,37,231
292,15,4.76712,7,38,232
293,15,4.75085,7,38,232
294,15,4.7551,7,39,233
295,16,4.75932,7,40,234
296,16,4.76351,7,41,235
297,16,4.74747,7,41,235
298,16,4.75168,7,42,236
299,16,4.85619,7,48,242
300,16,4.84,7,48,242
301,16,4.90365,7,52,246
302,16,4.90728,7,53,247
303,16,4.91089,7,54,248
304,16,4.93421,7,56,250
305,16,4.91803,7,56,250
306,16,4.90196,6,0,250