1,0,0,10,0,0
2,0,0,10,0,0
3,0,2,10,1,1
4,0,1.5,10,1,1
5,1,2.4,10,2,2
6,1,3,10,3,3
7,1,4.28571,10,5,5
8,1,3.75,10,5,5
9,1,5.33333,10,8,8
10,1,4.8,10,8,8
11,1,4.90909,10,9,9
12,1,4.5,10,9,9
13,1,4.15385,10,9,9
14,1,4.28571,10,10,10
15,1,4,10,10,10
16,1,3.75,10,10,10
17,1,3.52941,10,10,10
18,1,3.33333,10,10,10
19,1,3.15789,10,10,10
20,1,3,10,10,10
21,1,2.85714,10,10,10
22,1,2.72727,10,10,10
23,1,2.6087,10,10,10
24,1,2.5,10,10,10
25,1,2.64,10,11,11
26,1,2.76923,10,12,12
27,1,2.66667,10,12,12
28,1,2.78571,10,13,13
29,1,2.68966,10,13,13
30,1,2.8,10,14,14
31,1,2.90323,10,15,15
32,1,2.8125,10,15,15
33,1,2.90909,10,16,16
34,1,3.52941,10,20,20
35,1,3.42857,9,0,20
36,1,3.33333,9,0,20
37,1,3.24324,9,0,20
38,1,3.15789,9,0,20
39,2,3.23077,9,1,21
40,2,3.15,9,1,21
41,2,3.36585,9,3,23
42,2,3.28571,9,3,23
43,2,3.76744,9,7,27
44,2,4.09091,9,10,30
45,2,4.13333,9,11,31
46,2,4.04348,9,11,31
47,2,4.46809,9,15,35
48,2,4.625,9,17,37
49,2,5.02041,9,21,41
50,2,5.04,9,22,42
51,2,5.05882,9,23,43
52,2,4.96154,9,23,43
53,3,4.98113,9,24,44
54,3,4.88889,9,24,44
55,3,4.90909,9,25,45
56,3,5.25,9,29,49
57,3,5.15789,9,29,49
58,3,5.06897,9,29,49
59,3,4.98305,9,29,49
60,3,4.9,9,29,49
61,3,4.91803,9,30,50
62,3,4.83871,9,30,50
63,3,4.85714,9,31,51
64,3,5.15625,9,35,55
65,3,5.07692,9,35,55
66,3,5.09091,9,36,56
67,3,5.01493,9,36,56
68,3,5.02941,9,37,57
69,3,5.04348,9,38,58
70,3,5.05714,9,39,59
71,3,5.07042,9,40,60
72,3,5,9,40,60
73,3,5.0137,9,41,61
74,3,4.94595,9,41,61
75,3,4.88,9,41,61
76,3,4.81579,9,41,61
77,3,4.83117,9,42,62
78,3,4.92308,9,44,64
79,3,4.86076,9,44,64
80,3,4.8,9,44,64
81,3,4.74074,9,44,64
82,3,4.68293,9,44,64
83,3,4.62651,9,44,64
84,3,4.57143,9,44,64
85,3,4.51765,9,44,64
86,3,4.53488,9,45,65
87,3,4.48276,9,45,65
88,3,4.84091,9,51,71
89,3,4.78652,9,51,71
90,3,4.73333,9,51,71
91,3,4.74725,9,52,72
92,3,4.69565,9,52,72
93,3,4.64516,9,52,72
94,3,4.65957,9,53,73
95,3,4.67368,9,54,74
96,3,4.6875,9,55,75
97,3,4.63918,9,55,75
98,3,4.59184,9,55,75
99,3,4.60606,9,56,76
100,3,4.62,9,57,77
101,3,4.63366,9,58,78
102,3,4.64706,9,59,79
103,3,4.60194,9,59,79
104,4,4.61538,9,60,80
105,4,4.57143,9,60,80
106,4,4.75472,9,64,84
107,4,4.71028,9,64,84
108,4,4.72222,9,65,85
109,4,4.89908,9,69,89
110,4,4.90909,9,70,90
111,4,4.91892,9,71,91
112,4,4.92857,9,72,92
113,4,4.88496,9,72,92
114,4,5.05263,9,76,96
115,4,5.0087,9,76,96
116,4,4.96552,8,0,96
117,5,4.97436,8,1,97
118,5,4.98305,8,2,98
119,5,4.94118,8,2,98
120,5,4.9,8,2,98
121,5,4.8595,8,2,98
122,5,4.81967,8,2,98
123,5,4.78049,8,2,98
124,5,4.93548,8,6,102
125,5,4.896,7,0,102
126,5,4.90476,7,1,103
127,5,5.05512,7,5,107
128,5,5.01562,7,5,107
129,5,5.16279,7,9,111
130,5,5.12308,7,9,111
131,5,5.08397,7,9,111
132,5,5.13636,7,11,113
133,5,5.09774,7,11,113
134,5,5.0597,7,11,113
135,5,5.02222,7,11,113
136,5,5.02941,7,12,114
137,5,5.0365,7,13,115
138,5,5,7,13,115
139,5,5.05036,7,15,117
140,5,5.01429,7,15,117
141,5,5.02128,7,16,118
142,5,4.98592,7,16,118
143,5,4.99301,7,17,119
144,5,4.95833,7,17,119
145,5,4.92414,7,17,119
146,5,4.93151,7,18,120
147,6,4.93878,7,19,121
148,6,4.90541,7,19,121
149,6,4.87248,7,19,121
150,6,4.88,7,20,122
151,6,4.84768,7,20,122
152,6,4.81579,7,20,122
153,6,4.78431,7,20,122
154,6,4.79221,7,21,123
155,6,4.8,7,22,124
156,6,4.76923,7,22,124
157,6,4.77707,7,23,125
158,6,4.74684,7,23,125
159,6,4.71698,7,23,125
160,6,4.6875,7,23,125
161,6,4.80745,7,27,129
162,6,4.77778,7,27,129
163,6,4.74847,7,27,129
164,6,4.71951,7,27,129
165,6,4.69091,7,27,129
166,6,4.66265,7,27,129
167,6,4.63473,7,27,129
168,6,4.60714,7,27,129
169,6,4.61538,7,28,130
170,6,4.58824,7,28,130
171,6,4.5614,7,28,130
172,6,4.56977,7,29,131
173,6,4.54335,7,29,131
174,6,4.51724,7,29,131
175,6,4.49143,7,29,131
176,6,4.5,7,30,132
177,6,4.47458,7,30,132
178,6,4.44944,7,30,132
179,6,4.42458,6,0,132
180,6,4.4,6,0,132
181,6,4.37569,6,0,132
182,6,4.35165,6,0,132
183,6,4.39344,6,2,134
184,6,4.43478,6,4,136
185,6,4.41081,6,4,136
186,6,4.51613,6,8,140
187,6,4.52406,6,9,141
188,6,4.5,6,9,141
189,6,4.50794,6,10,142
190,6,4.48421,6,10,142
191,6,4.49215,6,11,143
192,6,4.5,6,12,144
193,6,4.47668,6,12,144
194,6,4.45361,6,12,144
195,6,4.46154,6,13,145
196,6,4.43878,6,13,145
197,6,4.4467,6,14,146
198,6,4.42424,6,14,146
199,6,4.40201,6,14,146
200,6,4.41,6,15,147
201,6,4.38806,5,0,147
202,6,4.39604,5,1,148
203,6,4.37438,5,1,148
204,6,4.38235,5,2,149
205,6,4.36098,5,2,149
206,6,4.36893,5,3,150
207,6,4.34783,5,3,150
208,6,4.32692,5,3,150
209,6,4.30622,5,3,150
210,6,4.31429,5,4,151
211,6,4.29384,5,4,151
212,6,4.27358,5,4,151
213,6,4.25352,5,4,151
214,6,4.26168,5,5,152
215,6,4.26977,5,6,153
216,6,4.27778,5,7,154
217,6,4.28571,5,8,155
218,6,4.26606,5,8,155
219,6,4.27397,5,9,156
220,6,4.25455,5,9,156
221,6,4.34389,5,13,160
222,6,4.35135,5,14,161
223,6,4.33184,5,14,161
224,6,4.33929,5,15,162
225,6,4.34667,5,16,163
226,6,4.35398,5,17,164
227,6,4.44053,5,21,168
228,6,4.42105,5,21,168
229,6,4.40175,5,21,168
230,6,4.43478,5,23,170
231,6,4.49351,5,26,173
232,6,4.5,5,27,174
233,6,4.50644,5,28,175
234,6,4.51282,5,29,176
235,6,4.57021,5,32,179
236,6,4.55085,5,32,179
237,6,4.55696,5,33,180
238,6,4.53782,5,33,180
239,6,4.54393,5,34,181
240,6,4.55,5,35,182
241,6,4.53112,5,35,182
242,6,4.5124,5,35,182
243,6,4.49383,5,35,182
244,6,4.5,5,36,183
245,6,4.62857,5,42,189
246,6,4.60976,5,42,189
247,6,4.61538,5,43,190
248,6,4.64516,5,45,192
249,6,4.62651,5,45,192
250,7,4.632,5,46,193
251,7,4.70916,5,50,197
252,7,4.69048,5,50,197
253,7,4.81423,5,56,203
254,7,4.8189,5,57,204
255,7,4.8,4,0,204
256,7,4.80469,4,1,205
257,7,4.78599,4,1,205
258,8,4.7907,4,2,206
259,8,4.81853,4,4,208
260,8,4.89231,4,8,212
261,8,4.87356,4,8,212
262,8,4.90076,4,10,214
263,8,4.88213,3,0,214
264,8,4.86364,3,0,214
265,8,4.93585,3,4,218
266,8,4.93985,3,5,219
267,8,4.92135,3,5,219
268,8,4.92537,3,6,220
269,8,4.90706,3,6,220
270,8,4.88889,3,6,220
271,8,4.87085,3,6,220
272,8,4.875,3,7,221
273,8,4.85714,3,7,221
274,8,4.92701,3,11,225
275,9,4.93091,3,12,226
276,9,4.91304,3,12,226
277,9,4.89531,2,0,226
278,9,4.89928,2,1,227
279,9,4.88172,2,1,227
280,9,4.95,2,5,231
281,9,4.93238,2,5,231
282,9,4.91489,1,0,231
283,9,4.93993,1,2,233
284,9,5.00704,1,6,237
285,9,4.98947,1,6,237
286,9,4.99301,1,7,238
287,9,4.97561,1,7,238
288,9,4.97917,1,8,239
289,9,4.96194,1,8,239
290,9,4.94483,1,8,239
291,9,4.94845,1,9,240
292,9,5.0137,1,13,244
293,9,5.01706,1,14,245
294,9,5,1,14,245
295,9,5.00339,1,15,246
296,9,5.00676,1,16,247
297,9,5.05051,1,19,250
298,10,5.05369,1,20,251
299,10,5.03679,1,20,251
300,10,5.04,1,21,252
301,10,5.02326,1,21,252
302,10,5.02649,1,22,253
303,10,5.0297,1,23,254
304,10,5.03289,1,24,255
305,10,5.01639,1,24,255
306,10,5.03922,1,26,257
307,10,5.0228,1,26,257
