1,0,0,10,0,0
2,0,0,10,0,0
3,0,0,9,0,0
4,1,1.5,9,1,1
5,1,1.2,9,1,1
6,1,1,9,1,1
7,1,0.857143,9,1,1
8,1,0.75,9,1,1
9,1,0.666667,9,1,1
10,2,1.2,9,2,2
11,3,1.63636,9,3,3
12,3,1.5,9,3,3
13,3,2.76923,9,6,6
14,3,3,9,7,7
15,3,2.8,9,7,7
16,4,3,9,8,8
17,4,2.82353,9,8,8
18,4,2.66667,9,8,8
19,4,2.84211,9,9,9
20,4,2.7,9,9,9
21,4,2.57143,9,9,9
22,4,2.45455,9,9,9
23,4,2.34783,9,9,9
24,4,2.25,9,9,9
25,4,2.16,9,9,9
26,4,2.07692,9,9,9
27,4,2,9,9,9
28,4,2.78571,9,13,13
29,4,2.68966,9,13,13
30,4,2.8,9,14,14
31,4,2.70968,9,14,14
32,4,2.625,9,14,14
33,4,2.54545,9,14,14
34,4,2.82353,9,16,16
35,4,3.77143,9,22,22
36,4,4.33333,9,26,26
37,4,4.21622,9,26,26
38,4,4.73684,9,30,30
39,4,5.23077,9,34,34
40,4,5.1,9,34,34
41,4,4.97561,9,34,34
42,4,4.85714,9,34,34
43,4,5.02326,9,36,36
44,4,4.90909,9,36,36
45,4,4.8,9,36,36
46,4,4.95652,9,38,38
47,4,4.85106,9,38,38
48,5,4.875,9,39,39
49,5,4.77551,9,39,39
50,5,4.8,9,40,40
51,5,4.70588,9,40,40
52,5,4.61538,9,40,40
53,5,4.5283,9,40,40
54,5,4.44444,9,40,40
55,5,4.36364,9,40,40
56,5,4.71429,9,44,44
57,5,4.63158,9,44,44
58,5,4.55172,9,44,44
59,5,4.57627,9,45,45
60,5,4.7,9,47,47
61,5,4.72131,9,48,48
62,5,4.64516,9,48,48
63,5,4.57143,9,48,48
64,5,4.5,9,48,48
65,5,4.52308,9,49,49
66,5,4.45455,9,49,49
67,5,4.47761,9,50,50
68,5,4.5,9,51,51
69,5,4.6087,9,53,53
70,5,4.54286,9,53,53
71,5,4.47887,9,53,53
72,5,4.5,9,54,54
73,5,4.43836,9,54,54
74,5,4.37838,9,54,54
75,5,4.4,9,55,55
76,5,4.42105,9,56,56
77,5,4.36364,9,56,56
78,5,4.30769,9,56,56
79,5,4.25316,9,56,56
80,5,4.2,9,56,56
81,5,4.22222,9,57,57
82,5,4.31707,9,59,59
83,5,4.26506,9,59,59
84,5,4.21429,9,59,59
85,5,4.30588,9,61,61
86,5,4.39535,9,63,63
87,5,4.41379,9,64,64
88,5,4.43182,9,65,65
89,5,4.44944,9,66,66
90,5,4.46667,9,67,67
91,5,4.48352,9,68,68
92,5,4.5,9,69,69
93,5,4.58065,9,71,71
94,5,4.59574,9,72,72
95,5,4.8,9,76,76
96,5,4.75,9,76,76
97,5,4.70103,9,76,76
98,5,4.65306,9,76,76
99,5,4.84848,9,80,80
100,5,4.8,9,80,80
101,5,4.81188,9,81,81
102,5,4.82353,9,82,82
103,5,5.00971,9,86,86
104,5,4.96154,9,86,86
105,5,4.97143,9,87,87
106,5,5.15094,9,91,91
107,5,5.1028,9,91,91
108,5,5.05556,9,91,91
109,5,5.06422,9,92,92
110,6,5.07273,9,93,93
111,6,5.02703,9,93,93
112,6,5.03571,9,94,94
113,6,5.04425,9,95,95
114,6,5,9,95,95
115,6,5.0087,9,96,96
116,6,5.01724,9,97,97
117,6,5.02564,9,98,98
118,6,4.98305,9,98,98
119,6,5.09244,9,101,101
120,6,5.05,9,101,101
121,6,5.00826,9,101,101
122,6,4.96721,9,101,101
123,6,5.02439,9,103,103
124,6,5.03226,9,104,104
125,6,5.136,9,107,107
126,6,5.09524,9,107,107
127,6,5.05512,9,107,107
128,6,5.0625,9,108,108
129,6,5.02326,8,0,108
130,6,5.03077,8,1,109
131,6,4.99237,8,1,109
132,6,5,8,2,110
133,6,4.96241,8,2,110
134,6,4.92537,8,2,110
135,6,4.97778,8,4,112
136,6,4.98529,8,5,113
137,6,4.94891,8,5,113
138,6,4.91304,8,5,113
139,6,4.8777,8,5,113
140,6,4.88571,8,6,114
141,6,4.85106,8,6,114
142,6,4.8169,8,6,114
143,6,4.82517,8,7,115
144,6,4.83333,8,8,116
145,6,4.84138,8,9,117
146,6,4.80822,8,9,117
147,6,4.81633,8,10,118
148,6,4.82432,8,11,119
149,6,4.83221,8,12,120
150,6,4.8,8,12,120
151,6,4.76821,8,12,120
152,6,4.77632,8,13,121
153,6,4.90196,8,17,125
154,6,4.87013,8,17,125
155,6,4.83871,8,17,125
156,6,4.84615,8,18,126
157,6,4.8535,8,19,127
158,6,4.86076,8,20,128
159,6,4.98113,8,24,132
160,6,4.95,8,24,132
161,6,4.91925,8,24,132
162,6,4.96296,8,26,134
163,6,5.00613,8,28,136
164,6,4.97561,8,28,136
165,6,4.94545,7,0,136
166,6,4.91566,7,0,136
167,6,4.88623,7,0,136
168,6,4.89286,7,1,137
169,6,5.00592,7,5,141
170,6,5.01176,7,6,142
171,6,5.05263,7,8,144
172,6,5.16279,7,12,148
173,6,5.13295,7,12,148
174,6,5.13793,7,13,149
175,6,5.14286,7,14,150
176,6,5.25,7,18,154
177,6,5.25424,7,19,155
178,6,5.35955,7,23,159
179,6,5.32961,7,23,159
180,6,5.33333,7,24,160
181,6,5.30387,7,24,160
182,6,5.30769,7,25,161
183,6,5.27869,7,25,161
184,6,5.25,7,25,161
185,6,5.25405,7,26,162
186,6,5.25806,7,27,163
187,6,5.26203,7,28,164
188,6,5.23404,7,28,164
189,6,5.2381,7,29,165
190,6,5.21053,7,29,165
191,6,5.21466,7,30,166
192,6,5.1875,7,30,166
193,6,5.16062,7,30,166
194,6,5.16495,7,31,167
195,6,5.13846,7,31,167
196,6,5.11224,7,31,167
197,6,5.11675,7,32,168
198,6,5.12121,7,33,169
199,6,5.09548,7,33,169
200,6,5.07,7,33,169
201,6,5.10448,7,35,171
202,6,5.13861,7,37,173
203,6,5.14286,7,38,174
204,6,5.11765,7,38,174
205,7,5.15122,7,40,176
206,7,5.15534,7,41,177
207,7,5.15942,7,42,178
208,7,5.19231,7,44,180
209,7,5.19617,7,45,181
210,7,5.2,7,46,182
211,7,5.20379,7,47,183
212,7,5.20755,7,48,184
213,7,5.21127,7,49,185
214,7,5.21495,7,50,186
215,7,5.2186,7,51,187
216,7,5.19444,7,51,187
217,7,5.17051,6,0,187
218,7,5.14679,6,0,187
219,7,5.17808,6,2,189
220,7,5.15455,6,2,189
221,7,5.13122,6,2,189
222,9,5.16216,6,4,191
223,9,5.13901,6,4,191
224,9,5.11607,6,4,191
225,9,5.12,6,5,192
226,9,5.09735,6,5,192
227,9,5.12775,6,7,194
228,9,5.21053,6,11,198
229,9,5.18777,6,11,198
230,9,5.1913,6,12,199
231,9,5.16883,6,12,199
232,9,5.17241,6,13,200
233,9,5.17597,6,14,201
234,9,5.17949,6,15,202
235,9,5.15745,6,15,202
236,9,5.16102,6,16,203
237,9,5.18987,6,18,205
238,9,5.26891,6,22,209
239,9,5.27197,6,23,210
240,9,5.275,6,24,211
241,9,5.3527,6,28,215
242,9,5.35537,6,29,216
243,9,5.33333,6,29,216
244,9,5.31148,5,0,216
245,9,5.2898,5,0,216
246,9,5.26829,5,0,216
247,9,5.24696,5,0,216
248,9,5.32258,5,4,220
249,9,5.3494,5,6,222
250,9,5.328,5,6,222
251,9,5.33068,5,7,223
252,9,5.33333,5,8,224
253,9,5.33597,5,9,225
254,9,5.33858,5,10,226
255,10,5.34118,5,11,227
256,10,5.32031,5,11,227
257,10,5.3463,5,13,229
258,10,5.34884,5,14,230
259,10,5.32819,5,14,230
260,10,5.33077,5,15,231
261,10,5.33333,5,16,232
262,10,5.31298,5,16,232
263,10,5.29278,5,16,232
264,10,5.29545,5,17,233
265,10,5.27547,5,17,233
266,10,5.2782,5,18,234
267,10,5.2809,5,19,235
268,10,5.28358,5,20,236
269,10,5.28625,5,21,237
270,10,5.31111,5,23,239
271,10,5.29151,5,23,239
272,10,5.36029,5,27,243
273,10,5.36264,5,28,244
274,10,5.34307,5,28,244
275,10,5.34545,4,0,245
276,10,5.34783,4,1,246
277,10,5.32852,4,1,246
278,10,5.30935,4,1,246
279,10,5.29032,4,1,246
280,10,5.29286,4,2,247
281,10,5.29537,4,3,248
282,10,5.2766,4,3,248
283,10,5.27915,4,4,249
284,10,5.28169,4,5,250
285,10,5.28421,4,6,251
286,10,5.28671,4,7,252
287,10,5.2892,4,8,253
288,10,5.27083,4,8,253
289,10,5.2526,4,8,253
290,10,5.25517,4,9,254
291,10,5.25773,4,10,255
292,10,5.23973,4,10,255
293,10,5.30375,4,14,259
294,10,5.32653,4,16,261
295,10,5.34915,4,18,263
296,10,5.35135,4,19,264
297,10,5.45455,4,25,270
298,10,5.43624,4,25,270
299,10,5.49833,4,29,274
300,10,5.48,4,29,274
301,10,5.48173,4,30,275
302,10,5.46358,4,30,275
303,10,5.48515,4,32,277
304,10,5.46711,4,32,277
305,10,5.48852,4,34,279
306,10,5.4902,4,35,280
307,10,5.55049,4,39,284
308,10,5.57143,4,41,286
309,10,5.59223,4,43,288