1,0,0,10,0,0
2,0,0,10,0,0
3,0,0,10,0,0
4,0,0,10,0,0
5,0,0,10,0,0
6,0,0,10,0,0
7,0,0,10,0,0
8,1,0.75,10,1,1
9,1,0.666667,10,1,1
10,1,0.6,10,1,1
11,1,0.545455,10,1,1
12,1,0.5,10,1,1
13,1,0.461538,10,1,1
14,1,0.428571,10,1,1
15,1,2,10,5,5
16,1,1.875,10,5,5
17,1,3.17647,10,9,9
18,1,4,10,12,12
19,1,4.10526,10,13,13
20,1,3.9,10,13,13
21,1,4,10,14,14
22,1,4.09091,10,15,15
23,1,4.17391,10,16,16
24,1,4,10,16,16
25,1,3.84,10,16,16
26,1,3.69231,10,16,16
27,1,3.55556,10,16,16
28,1,4.28571,10,20,20
29,1,4.55172,10,22,22
30,1,4.4,10,22,22
31,1,4.25806,10,22,22
32,1,4.3125,10,23,23
33,1,4.18182,10,23,23
34,1,4.05882,10,23,23
35,1,3.94286,10,23,23
36,1,3.83333,10,23,23
37,1,4.21622,10,26,26
38,1,4.10526,10,26,26
39,1,4,10,26,26
40,1,3.9,10,26,26
41,1,3.80488,10,26,26
42,1,3.71429,10,26,26
43,1,3.76744,10,27,27
44,2,4.36364,10,32,32
45,2,4.26667,10,32,32
46,2,4.17391,10,32,32
47,2,4.08511,10,32,32
48,2,4,10,32,32
49,2,3.91837,10,32,32
50,2,4.32,10,36,36
51,2,4.23529,10,36,36
52,2,4.15385,10,36,36
53,2,4.07547,10,36,36
54,2,4,10,36,36
55,2,3.92727,10,36,36
56,2,3.85714,10,36,36
57,2,3.78947,10,36,36
58,2,3.72414,10,36,36
59,2,4.0678,10,40,40
60,2,4.2,10,42,42
61,2,4.13115,10,42,42
62,2,4.06452,10,42,42
63,2,4,10,42,42
64,2,3.9375,10,42,42
65,2,3.87692,10,42,42
66,2,3.81818,10,42,42
67,2,3.76119,10,42,42
68,2,3.79412,10,43,43
69,2,3.73913,10,43,43
70,2,3.68571,10,43,43
71,2,3.97183,10,47,47
72,2,4,10,48,48
73,2,3.94521,10,48,48
74,2,3.89189,10,48,48
75,2,3.84,10,48,48
76,2,3.78947,10,48,48
77,2,3.74026,10,48,48
78,2,3.69231,10,48,48
79,2,3.64557,10,48,48
80,2,3.6,10,48,48
81,2,3.55556,10,48,48
82,2,3.5122,10,48,48
83,2,3.75904,10,52,52
84,2,3.71429,10,52,52
85,3,3.74118,10,53,53
86,3,3.76744,10,54,54
87,3,4,10,58,58
88,3,3.95455,10,58,58
89,3,3.91011,10,58,58
90,3,3.93333,10,59,59
91,4,3.95604,10,60,60
92,4,3.91304,10,60,60
93,4,3.93548,10,61,61
94,4,4.14894,10,65,65
95,4,4.10526,10,65,65
96,4,4.0625,10,65,65
97,4,4.08247,10,66,66
98,4,4.04082,10,66,66
99,4,4,10,66,66
100,4,3.96,10,66,66
101,4,4.15842,10,70,70
102,4,4.11765,10,70,70
103,4,4.07767,9,0,70
104,4,4.03846,9,0,70
105,4,4,9,0,70
106,4,4.01887,9,1,71
107,4,3.98131,9,1,71
108,4,4,9,2,72
109,4,4.01835,9,3,73
110,4,4.03636,9,4,74
111,4,4,9,4,74
112,4,4.07143,9,6,76
113,5,4.0885,9,7,77
114,5,4.05263,9,7,77
115,5,4.06957,9,8,78
116,5,4.03448,9,8,78
117,5,4,9,8,78
118,5,4.0678,9,10,80
119,5,4.03361,9,10,80
120,5,4.05,9,11,81
121,5,4.06612,9,12,82
122,5,4.03279,9,12,82
123,5,4,9,12,82
124,5,3.96774,9,12,82
125,5,4.032,9,14,84
126,5,4.04762,9,15,85
127,5,4.01575,9,15,85
128,5,3.98438,9,15,85
129,5,4,9,16,86
130,5,3.96923,9,16,86
131,5,3.93893,9,16,86
132,5,3.90909,9,16,86
133,5,3.8797,9,16,86
134,5,3.85075,9,16,86
135,5,3.86667,9,17,87
136,5,3.83824,9,17,87
137,5,3.85401,9,18,88
138,5,3.82609,9,18,88
139,5,3.84173,9,19,89
140,5,3.81429,9,19,89
141,5,3.82979,9,20,90
142,5,3.97183,9,24,94
143,5,3.94406,9,24,94
144,5,3.91667,9,24,94
145,5,3.93103,9,25,95
146,5,3.90411,9,25,95
147,5,3.91837,9,26,96
148,5,3.89189,9,26,96
149,5,3.94631,9,28,98
150,5,3.96,9,29,99
151,5,3.93377,9,29,99
152,5,3.90789,9,29,99
153,5,3.88235,9,29,99
154,5,3.85714,9,29,99
155,5,3.83226,9,29,99
156,5,3.80769,9,29,99
157,5,3.82166,9,30,100
158,5,3.83544,9,31,101
159,5,3.84906,9,32,102
160,5,3.825,9,32,102
161,5,3.83851,9,33,103
162,5,3.81481,9,33,103
163,5,3.79141,9,33,103
164,5,3.91463,9,37,107
165,5,3.89091,9,37,107
166,5,3.90361,9,38,108
167,5,3.88024,9,38,108
168,5,3.85714,9,38,108
169,5,3.83432,9,38,108
170,5,3.81176,9,38,108
171,5,3.78947,9,38,108
172,5,3.80233,9,39,109
173,5,3.78035,9,39,109
174,5,3.75862,9,39,109
175,5,3.73714,9,39,109
176,5,3.71591,9,39,109
177,5,3.69492,9,39,109
178,5,3.80899,9,43,113
179,5,3.92179,9,47,117
180,5,3.93333,9,48,118
181,5,3.94475,9,49,119
182,5,3.95604,9,50,120
183,5,3.96721,9,51,121
184,5,3.94565,9,51,121
185,5,3.95676,9,52,122
186,5,3.93548,9,52,122
187,5,3.91444,9,52,122
188,5,3.92553,9,53,123
189,5,3.90476,9,53,123
190,5,3.88421,9,53,123
191,5,3.86387,9,53,123
192,5,3.84375,9,53,123
193,5,3.94819,9,57,127
194,5,3.95876,9,58,128
195,5,3.96923,9,59,129
196,5,4.0102,9,61,131
197,5,3.98985,9,61,131
198,5,4,9,62,132
199,5,4.1005,9,66,136
200,5,4.08,8,0,136
201,5,4.0597,8,0,136
202,5,4.0396,8,0,136
203,5,4.0197,8,0,136
204,5,4.02941,8,1,137
205,5,4.00976,8,1,137
206,5,4.01942,8,2,138
207,5,4,8,2,138
208,5,4.00962,8,3,139
209,5,3.99043,8,3,139
210,5,3.97143,8,3,139
211,5,3.95261,8,3,139
212,5,3.93396,8,3,139
213,5,3.91549,8,3,139
214,5,3.8972,8,3,139
215,5,3.90698,8,4,140
216,5,3.88889,8,4,140
217,5,3.89862,8,5,141
218,5,3.90826,8,6,142
219,5,3.94521,8,8,144
220,5,3.92727,8,8,144
221,5,3.93665,8,9,145
222,5,3.91892,8,9,145
223,5,3.90135,8,9,145
224,5,3.96429,8,12,148
225,5,4,8,14,150
226,5,3.9823,8,14,150
227,5,3.96476,8,14,150
228,5,3.94737,8,14,150
229,5,3.95633,8,15,151
230,5,3.93913,8,15,151
231,5,3.92208,8,15,151
232,5,3.90517,8,15,151
233,5,3.88841,8,15,151
234,5,3.97436,8,19,155
235,5,3.95745,8,19,155
236,5,3.94068,8,19,155
237,5,3.92405,8,19,155
238,5,3.90756,8,19,155
239,5,3.89121,8,19,155
240,5,3.875,8,19,155
241,5,3.88382,8,20,156
242,5,3.89256,8,21,157
243,5,3.87654,8,21,157
244,5,3.86066,8,21,157
245,5,3.8449,8,21,157
246,5,3.82927,8,21,157
247,5,3.81377,8,21,157
248,5,3.79839,8,21,157
249,5,3.80723,8,22,158
250,5,3.792,8,22,158
251,5,3.87251,8,26,162
252,5,3.90476,8,28,164
253,5,3.93676,8,30,166
254,5,3.94488,8,31,167
255,5,4,8,34,170
256,6,4.00781,8,35,171
257,6,3.99222,8,35,171
258,6,4,8,36,172
259,6,4.00772,8,37,173
260,6,3.99231,8,37,173
261,6,3.97701,8,37,173
262,6,3.98473,8,38,174
263,6,3.9924,8,39,175
264,6,3.97727,8,39,175
265,6,3.98491,8,40,176
266,6,4.01504,8,42,178
267,6,4.02247,8,43,179
268,6,4.00746,8,43,179
269,6,4.03717,8,45,181
270,6,4.02222,8,45,181
271,6,4.00738,8,45,181
272,6,3.99265,8,45,181
273,6,3.97802,8,45,181
274,6,3.9635,8,45,181
275,6,3.94909,8,45,181
276,6,3.95652,8,46,182
277,6,4.02888,8,50,186
278,6,4.01439,8,50,186
279,6,4.02151,8,51,187
280,6,4.02857,8,52,188
281,6,4.09964,8,56,192
282,6,4.10638,8,57,193
283,6,4.09187,8,57,193
284,6,4.09859,8,58,194
285,6,4.10526,8,59,195
286,6,4.09091,8,59,195
287,6,4.09756,8,60,196
288,6,4.08333,8,60,196
289,6,4.08997,8,61,197
290,6,4.09655,8,62,198
291,6,4.08247,8,62,198
292,6,4.06849,8,62,198
293,6,4.11604,8,65,201
