1,0,0,10,0,0
2,0,0,10,0,0
3,0,0,10,0,0
4,0,0,10,0,0
5,0,0,10,0,0
6,0,0,10,0,0
7,0,0,10,0,0
8,0,0,10,0,0
9,0,0,10,0,0
10,0,0,10,0,0
11,0,0,10,0,0
12,0,0,10,0,0
13,0,0.461538,10,1,1
14,0,0.428571,10,1,1
15,0,0.4,10,1,1
16,0,0.375,10,1,1
17,0,0.352941,10,1,1
18,0,0.333333,10,1,1
19,0,0.631579,10,2,2
20,0,0.6,10,2,2
21,0,0.571429,10,2,2
22,0,0.545455,10,2,2
23,0,0.521739,10,2,2
24,0,0.75,10,3,3
25,0,0.72,10,3,3
26,0,0.923077,10,4,4
27,0,0.888889,10,4,4
28,0,0.857143,10,4,4
29,0,1.24138,10,6,6
30,0,1.2,10,6,6
31,0,1.16129,9,0,6
32,0,1.125,8,0,6
33,0,1.09091,8,0,6
34,0,1.05882,8,0,6
35,0,1.02857,8,0,6
36,0,1,8,0,6
37,0,0.972973,8,0,6
38,0,0.947368,8,0,6
39,0,0.923077,8,0,6
40,0,0.9,8,0,6
41,0,0.878049,8,0,6
42,0,1.14286,8,2,8
43,0,1.11628,8,2,8
44,0,1.09091,8,2,8
45,0,1.6,8,6,12
46,0,1.56522,8,6,12
47,0,1.78723,8,8,14
48,0,1.75,8,8,14
49,0,1.71429,8,8,14
50,0,1.68,8,8,14
51,0,1.64706,8,8,14
52,0,1.61538,8,8,14
53,0,1.58491,8,8,14
54,0,1.55556,8,8,14
55,0,1.52727,8,8,14
56,0,1.5,8,8,14
57,0,1.57895,8,9,15
58,0,1.55172,8,9,15
59,0,1.52542,8,9,15
60,0,1.5,8,9,15
61,0,1.57377,8,10,16
62,0,1.54839,8,10,16
63,0,1.52381,8,10,16
64,0,1.5,8,10,16
65,0,1.56923,8,11,17
66,0,1.63636,8,12,18
67,0,1.61194,8,12,18
68,0,1.58824,8,12,18
69,0,1.56522,8,12,18
70,0,1.8,8,15,21
71,0,1.77465,8,15,21
72,0,1.75,8,15,21
73,0,1.72603,8,15,21
74,0,1.7027,8,15,21
75,0,1.68,8,15,21
76,0,1.81579,8,17,23
77,0,1.94805,8,19,25
78,0,1.92308,8,19,25
79,0,1.89873,8,19,25
80,0,2.175,8,23,29
81,0,2.14815,8,23,29
82,0,2.12195,8,23,29
83,1,2.16867,8,24,30
84,1,2.57143,8,30,36
85,1,2.75294,8,33,39
86,1,2.72093,8,33,39
87,1,2.68966,8,33,39
88,1,2.72727,8,34,40
89,1,2.69663,8,34,40
90,1,2.66667,8,34,40
91,1,2.63736,8,34,40
92,1,2.6087,8,34,40
93,1,2.83871,8,38,44
94,1,2.87234,8,39,45
95,1,2.84211,8,39,45
96,1,2.8125,8,39,45
97,1,2.90722,8,41,47
98,1,2.87755,8,41,47
99,1,2.84848,8,41,47
100,1,2.88,8,42,48
101,1,3.08911,8,46,52
102,1,3.05882,8,46,52
103,1,3.02913,8,46,52
104,1,3,8,46,52
105,1,3.02857,8,47,53
106,1,3.22642,8,51,57
107,1,3.19626,8,51,57
108,1,3.16667,8,51,57
109,1,3.13761,8,51,57
110,1,3.10909,8,51,57
111,1,3.08108,8,51,57
112,1,3.05357,7,0,57
113,1,3.07965,7,1,58
114,1,3.05263,7,1,58
115,1,3.07826,7,2,59
116,1,3.05172,7,2,59
117,1,3.02564,7,2,59
118,1,3,7,2,59
119,1,2.97479,7,2,59
120,1,2.95,7,2,59
121,1,2.92562,7,2,59
122,1,3.09836,7,6,63
123,1,3.07317,7,6,63
124,1,3.09677,7,7,64
125,1,3.12,7,8,65
126,1,3.09524,7,8,65
127,1,3.11811,7,9,66
128,1,3.09375,7,9,66
129,1,3.06977,7,9,66
130,1,3.13846,7,11,68
131,1,3.1145,6,0,68
132,1,3.09091,6,0,68
133,1,3.06767,6,0,68
134,1,3.04478,6,0,68
135,1,3.02222,6,0,68
136,1,3.04412,6,1,69
137,1,3.0219,6,1,69
138,2,3.04348,6,2,70
139,2,3.02158,6,2,70
140,2,3,6,2,70
141,2,3.02128,6,3,71
142,2,3,6,3,71
143,2,2.97902,6,3,71
144,2,2.95833,6,3,71
145,2,2.97931,6,4,72
146,2,3,6,5,73
147,2,2.97959,6,5,73
148,2,3,6,6,74
149,2,2.97987,6,6,74
150,2,2.96,6,6,74
151,2,2.98013,6,7,75
152,2,2.96053,6,7,75
153,2,2.94118,6,7,75
154,2,2.92208,6,7,75
155,2,2.94194,6,8,76
156,2,2.92308,6,8,76
157,2,2.90446,6,8,76
158,2,2.88608,6,8,76
159,2,2.86792,6,8,76
160,2,2.85,6,8,76
161,2,2.8323,6,8,76
162,2,2.81481,6,8,76
163,2,2.83436,6,9,77
164,3,2.85366,6,10,78
165,3,2.98182,6,14,82
166,3,2.96386,6,14,82
167,3,2.98204,6,15,83
168,3,2.96429,6,15,83
169,3,2.94675,6,15,83
170,3,2.92941,6,15,83
171,3,2.91228,6,15,83
172,3,2.89535,6,15,83
173,3,2.87861,6,15,83
174,3,2.86207,6,15,83
175,3,2.84571,6,15,83
176,3,2.82955,6,15,83
177,3,2.84746,6,16,84
178,3,2.83146,6,16,84
179,3,2.81564,6,16,84
180,3,2.83333,6,17,85
181,3,2.85083,6,18,86
182,3,2.86813,6,19,87
183,3,2.88525,6,20,88
184,3,2.86957,6,20,88
185,3,2.85405,6,20,88
186,3,2.83871,6,20,88
187,3,2.82353,6,20,88
188,3,2.84043,6,21,89
189,3,2.85714,6,22,90
190,3,2.84211,6,22,90
191,3,2.85864,6,23,91
192,3,2.84375,6,23,91
193,3,2.8601,6,24,92
194,3,2.96907,6,28,96
195,3,2.95385,5,0,96
196,3,2.93878,4,0,96
197,3,2.92386,4,0,96
198,3,2.90909,4,0,96
199,3,3.01508,4,4,100
200,4,3.03,4,5,101
201,4,3.01493,4,5,101
202,4,3,4,5,101
203,4,3.10345,4,9,105
204,4,3.08824,4,9,105
205,4,3.10244,4,10,106
206,4,3.08738,4,10,106
207,4,3.10145,4,11,107
208,4,3.20192,4,15,111
209,4,3.1866,4,15,111
210,4,3.17143,4,15,111
211,4,3.21327,4,17,113
212,4,3.19811,4,17,113
213,4,3.21127,4,18,114
214,4,3.2243,4,19,115
215,4,3.23721,4,20,116
216,4,3.22222,4,20,116
217,4,3.20737,4,20,116
218,4,3.19266,4,20,116
219,4,3.20548,4,21,117
220,4,3.19091,4,21,117
221,4,3.20362,4,22,118
222,4,3.21622,4,23,119
223,4,3.20179,4,23,119
224,4,3.1875,4,23,119
225,4,3.28,4,27,123
226,4,3.26549,4,27,123
227,4,3.2511,4,27,123
228,4,3.23684,4,27,123
229,5,3.24891,4,28,124
230,5,3.23478,4,28,124
231,5,3.22078,4,28,124
232,5,3.2069,4,28,124
233,5,3.19313,4,28,124
234,5,3.17949,4,28,124
235,5,3.19149,4,29,125
236,5,3.17797,4,29,125
237,5,3.18987,4,30,126
238,5,3.17647,4,30,126
239,5,3.18828,4,31,127
240,5,3.175,4,31,127
241,5,3.16183,4,31,127
242,6,3.17355,4,32,128
243,6,3.16049,4,32,128
244,6,3.17213,4,33,129
245,6,3.15918,4,33,129
246,6,3.14634,4,33,129
247,6,3.1336,4,33,129
248,6,3.12097,4,33,129
249,6,3.15663,4,35,131
250,6,3.144,4,35,131
251,6,3.17928,4,37,133
252,6,3.16667,4,37,133
253,6,3.15415,4,37,133
254,6,3.18898,4,39,135
255,6,3.17647,4,39,135
256,6,3.1875,4,40,136
257,6,3.19844,4,41,137
258,6,3.18605,4,41,137
259,6,3.17375,4,41,137
260,6,3.18462,4,42,138
261,6,3.17241,4,42,138
262,6,3.16031,4,42,138
263,6,3.14829,4,42,138
264,6,3.18182,4,44,140
265,6,3.19245,4,45,141
266,6,3.27068,4,49,145
267,6,3.2809,4,50,146
268,6,3.26866,4,50,146
269,6,3.30112,4,52,148
270,6,3.37778,4,56,152
271,6,3.45387,4,60,156
272,6,3.46324,4,61,157
273,6,3.47253,4,62,158
274,6,3.50365,4,64,160
275,6,3.62182,4,70,166
276,6,3.6087,3,0,166
277,6,3.61733,3,1,167
278,6,3.60432,3,1,167
279,6,3.6129,3,2,168
280,6,3.6,3,2,168
281,6,3.58719,3,2,168
282,6,3.57447,3,2,168
283,6,3.56184,3,2,168
284,7,3.57042,3,3,169
285,7,3.55789,3,3,169
286,7,3.54545,3,3,169
287,7,3.55401,3,4,170
288,7,3.625,3,8,174
289,7,3.61246,3,8,174
290,7,3.6,2,0,174
291,7,3.60825,2,1,175
292,7,3.61644,2,2,176
293,7,3.62457,2,3,177
294,7,3.65306,2,5,179
295,7,3.66102,2,6,180
296,7,3.66892,2,7,181
297,7,3.73737,2,11,185
298,7,3.74497,2,12,186
299,7,3.73244,2,12,186
300,7,3.8,2,16,190
301,7,3.86711,2,20,194
302,7,3.8543,1,0,194
303,7,3.88119,1,2,196
304,7,3.90789,1,4,198
305,7,3.93443,1,6,200