1,0,0,10,0,0
2,0,0,10,0,0
3,0,2,10,1,1
4,0,1.5,10,1,1
5,0,1.2,10,1,1
6,0,1,10,1,1
7,0,0.857143,10,1,1
8,1,1.5,10,2,2
9,1,1.33333,10,2,2
10,1,1.2,10,2,2
11,1,1.09091,10,2,2
12,1,1,10,2,2
13,1,0.923077,10,2,2
14,1,2.14286,10,5,5
15,1,2,10,5,5
16,1,1.875,10,5,5
17,1,3.17647,10,9,9
18,1,3,10,9,9
19,2,3.15789,10,10,10
20,2,3.3,10,11,11
21,2,3.14286,10,11,11
22,2,3,10,11,11
23,2,2.86957,10,11,11
24,2,2.75,10,11,11
25,2,2.64,10,11,11
26,2,2.53846,10,11,11
27,2,2.44444,10,11,11
28,2,2.35714,10,11,11
29,2,3.10345,10,15,15
30,2,3,10,15,15
31,2,3.29032,10,17,17
32,2,3.5625,10,19,19
33,2,3.45455,10,19,19
34,2,3.35294,9,0,19
35,2,3.42857,9,1,20
36,2,3.33333,9,1,20
37,2,3.89189,9,5,24
38,2,3.78947,9,5,24
39,2,3.69231,9,5,24
40,2,3.6,9,5,24
41,2,3.5122,9,5,24
42,2,3.57143,9,6,25
43,2,3.48837,9,6,25
44,2,3.40909,9,6,25
45,2,3.33333,9,6,25
46,2,3.52174,9,8,27
47,2,3.44681,9,8,27
48,2,3.375,9,8,27
49,2,3.79592,9,12,31
50,2,3.72,9,12,31
51,2,3.76471,9,13,32
52,2,3.80769,9,14,33
53,2,4.18868,9,18,37
54,2,4.22222,9,19,38
55,2,4.25455,9,20,39
56,2,4.28571,9,21,40
57,2,4.21053,9,21,40
58,2,4.13793,9,21,40
59,2,4.0678,9,21,40
60,2,4.1,9,22,41
61,2,4.22951,9,24,43
62,2,4.16129,9,24,43
63,2,4.09524,9,24,43
64,2,4.125,9,25,44
65,2,4.06154,9,25,44
66,2,4.09091,9,26,45
67,2,4.02985,9,26,45
68,2,4.05882,9,27,46
69,2,4.08696,9,28,47
70,2,4.11429,9,29,48
71,2,4.05634,9,29,48
72,2,4.08333,9,30,49
73,2,4.10959,9,31,50
74,2,4.13514,9,32,51
75,2,4.08,9,32,51
76,2,4.02632,9,32,51
77,2,4.12987,9,34,53
78,2,4.07692,9,34,53
79,2,4.02532,9,34,53
80,2,3.975,9,34,53
81,2,3.92593,9,34,53
82,2,3.87805,9,34,53
83,2,3.90361,9,35,54
84,2,3.85714,9,35,54
85,2,3.88235,9,36,55
86,2,3.83721,9,36,55
87,2,3.7931,9,36,55
88,2,4.02273,9,40,59
89,2,4.04494,9,41,60
90,2,4.06667,9,42,61
91,2,4.08791,9,43,62
92,2,4.1087,9,44,63
93,2,4.12903,9,45,64
94,2,4.14894,9,46,65
95,2,4.10526,9,46,65
96,2,4.125,9,47,66
97,2,4.08247,9,47,66
98,2,4.10204,9,48,67
99,2,4.06061,9,48,67
100,2,4.08,9,49,68
101,2,4.09901,9,50,69
102,2,4.11765,9,51,70
103,2,4.13592,9,52,71
104,2,4.09615,9,52,71
105,2,4.11429,9,53,72
106,2,4.13208,9,54,73
107,2,4.09346,9,54,73
108,2,4.05556,9,54,73
109,2,4.01835,9,54,73
110,2,3.98182,9,54,73
111,2,4.16216,9,58,77
112,2,4.17857,9,59,78
113,2,4.14159,9,59,78
114,2,4.15789,9,60,79
115,2,4.17391,9,61,80
116,2,4.24138,9,63,82
117,2,4.25641,9,64,83
118,2,4.27119,9,65,84
119,2,4.28571,9,66,85
120,2,4.3,9,67,86
121,2,4.36364,9,69,88
122,2,4.37705,9,70,89
123,2,4.34146,9,70,89
124,2,4.35484,9,71,90
125,2,4.368,9,72,91
126,2,4.38095,9,73,92
127,2,4.3937,9,74,93
128,2,4.35938,9,74,93
129,2,4.32558,9,74,93
130,2,4.29231,9,74,93
131,2,4.30534,9,75,94
132,2,4.31818,9,76,95
133,2,4.33083,9,77,96
134,2,4.34328,9,78,97
135,3,4.35556,9,79,98
136,3,4.36765,9,80,99
137,3,4.37956,9,81,100
138,3,4.3913,9,82,101
139,3,4.40288,9,83,102
140,3,4.41429,9,84,103
141,3,4.42553,9,85,104
142,3,4.43662,9,86,105
143,3,4.40559,9,86,105
144,3,4.41667,9,87,106
145,3,4.55172,9,91,110
146,3,4.56164,9,92,111
147,3,4.57143,9,93,112
148,3,4.58108,9,94,113
149,3,4.5906,9,95,114
150,3,4.56,9,95,114
151,3,4.5298,9,95,114
152,3,4.53947,9,96,115
153,3,4.54902,9,97,116
154,3,4.55844,9,98,117
155,3,4.56774,9,99,118
156,3,4.53846,9,99,118
157,3,4.58599,9,101,120
158,3,4.59494,9,102,121
159,3,4.60377,9,103,122
160,3,4.6125,9,104,123
161,3,4.58385,9,104,123
162,3,4.59259,9,105,124
163,3,4.71166,9,109,128
164,3,4.68293,9,109,128
165,3,4.65455,9,109,128
166,3,4.62651,9,109,128
167,3,4.63473,9,110,129
168,3,4.64286,9,111,130
169,3,4.65089,9,112,131
170,3,4.65882,9,113,132
171,3,4.63158,9,113,132
172,3,4.63953,9,114,133
173,3,4.6474,9,115,134
174,3,4.65517,9,116,135
175,3,4.66286,9,117,136
176,3,4.67045,9,118,137
177,3,4.64407,9,118,137
178,4,4.65169,9,119,138
179,4,4.6257,9,119,138
180,4,4.73333,9,123,142
181,4,4.70718,9,123,142
182,4,4.68132,9,123,142
183,4,4.68852,9,124,143
184,4,4.79348,9,128,147
185,4,4.8,9,129,148
186,4,4.80645,9,130,149
187,4,4.78075,9,130,149
188,4,4.81915,9,132,151
189,4,4.8254,9,133,152
190,4,4.8,9,133,152
191,4,4.77487,9,133,152
192,4,4.8125,9,135,154
193,4,4.81865,9,136,155
194,4,4.82474,9,137,156
195,4,4.83077,9,138,157
196,4,4.86735,9,140,159
197,4,4.8731,9,141,160
198,4,4.87879,9,142,161
199,4,4.88442,9,143,162
200,4,4.86,9,143,162
201,4,4.89552,9,145,164
202,4,4.87129,9,145,164
203,4,4.9064,9,147,166
204,4,4.91176,9,148,167
205,4,4.91707,9,149,168
206,4,4.8932,9,149,168
207,4,4.89855,9,150,169
208,4,4.875,9,150,169
209,4,4.85167,9,150,169
210,4,4.85714,9,151,170
211,4,4.86256,9,152,171
212,4,4.95283,9,156,175
213,4,4.92958,9,156,175
214,4,4.93458,9,157,176
215,4,4.91163,9,157,176
216,4,4.91667,9,158,177
217,4,4.92166,9,159,178
218,4,4.89908,9,159,178
219,4,4.90411,9,160,179
220,4,4.99091,9,164,183
221,5,4.99548,9,165,184
222,5,4.97297,9,165,184
223,5,4.95067,9,165,184
224,5,4.95536,9,166,185
225,5,4.96,9,167,186
226,7,4.99115,9,169,188
227,7,4.96916,9,169,188
228,7,4.97368,9,170,189
229,7,4.97817,9,171,190
230,7,4.98261,9,172,191
231,11,5.06494,9,176,195
232,12,5.06897,9,177,196
233,12,5.07296,9,178,197
234,12,5.05128,9,178,197
235,12,5.05532,9,179,198
236,12,5.05932,9,180,199
237,12,5.08861,9,182,201
238,12,5.11765,9,184,203
239,12,5.12134,9,185,204
240,12,5.15,9,187,206
241,12,5.15353,9,188,207
242,12,5.15702,9,189,208
243,12,5.16049,9,190,209
244,12,5.13934,9,190,209
245,12,5.14286,9,191,210
246,12,5.12195,9,191,210
247,12,5.12551,9,192,211
248,12,5.12903,9,193,212
249,12,5.10843,9,193,212
250,12,5.184,9,197,216
251,12,5.16335,9,197,216
252,12,5.16667,9,198,217
253,12,5.14625,9,198,217
254,12,5.14961,9,199,218
255,12,5.15294,9,200,219
256,12,5.13281,9,200,219
257,12,5.20623,9,204,223
258,12,5.2093,9,205,224
259,12,5.18919,8,0,224
260,12,5.21538,8,2,226
261,12,5.1954,7,0,226
262,12,5.17557,7,0,226
263,12,5.17871,7,1,227
264,12,5.15909,7,1,227
265,12,5.16226,7,2,228
266,12,5.23308,7,6,232
267,12,5.23596,7,7,233
268,12,5.21642,7,7,233
269,12,5.19703,7,7,233
270,12,5.2,7,8,234
271,12,5.20295,7,9,235
272,12,5.20588,7,10,236
273,12,5.27473,7,14,240
274,12,5.27737,7,15,241
275,12,5.25818,7,15,241
276,12,5.23913,7,15,241
277,12,5.24188,7,16,242
278,12,5.2446,7,17,243
279,13,5.24731,7,18,244
280,13,5.35714,7,24,250
281,13,5.35943,7,25,251
282,13,5.3617,7,26,252
283,13,5.36396,7,27,253
284,13,5.3662,7,28,254
285,13,5.43158,7,32,258
286,13,5.4965,7,36,262
287,13,5.49826,7,37,263
288,13,5.5,7,38,264
289,13,5.52249,7,40,266
290,13,5.58621,7,44,270
291,13,5.60825,7,46,272
292,13,5.67123,7,50,276
293,13,5.73379,7,54,280
294,13,5.73469,7,55,281
295,13,5.75593,7,57,283
296,13,5.81757,7,61,287
297,13,5.81818,7,62,288
298,13,5.81879,7,63,289
299,13,5.8796,7,67,293
300,13,5.88,7,68,294
301,13,5.8804,7,69,295
302,13,5.88079,7,70,296
303,14,5.88119,7,71,297
304,14,5.86184,7,71,297
305,14,5.8623,7,72,298
306,14,5.96078,7,78,304