1,0,0,10,0,0
2,0,0,10,0,0
3,0,2,10,1,1
4,0,1.5,10,1,1
5,0,2.4,10,2,2
6,0,2,10,2,2
7,0,1.71429,10,2,2
8,0,1.5,10,2,2
9,0,1.33333,10,2,2
10,0,1.2,10,2,2
11,0,1.09091,10,2,2
12,0,1,10,2,2
13,0,0.923077,10,2,2
14,0,0.857143,10,2,2
15,0,0.8,10,2,2
16,0,1.125,10,3,3
17,0,1.05882,10,3,3
18,0,1.33333,10,4,4
19,0,1.26316,10,4,4
20,0,1.5,10,5,5
21,0,2.57143,10,9,9
22,0,2.45455,10,9,9
23,0,2.34783,10,9,9
24,0,3.25,10,13,13
25,0,3.12,10,13,13
26,0,3,10,13,13
27,0,2.88889,10,13,13
28,0,2.78571,10,13,13
29,0,2.68966,10,13,13
30,0,2.8,10,14,14
31,1,2.90323,10,15,15
32,1,2.8125,10,15,15
33,1,3.45455,10,19,19
34,1,3.35294,10,19,19
35,1,3.94286,10,23,23
36,1,4,10,24,24
37,1,3.89189,10,24,24
38,1,3.94737,10,25,25
39,1,3.84615,10,25,25
40,1,3.9,10,26,26
41,1,3.80488,10,26,26
42,1,3.71429,10,26,26
43,2,3.76744,10,27,27
44,2,3.81818,10,28,28
45,2,3.73333,10,28,28
46,2,3.65217,10,28,28
47,2,3.57447,10,28,28
48,2,4,10,32,32
49,2,3.91837,10,32,32
50,2,3.84,10,32,32
51,2,3.76471,10,32,32
52,2,3.80769,10,33,33
53,2,3.84906,10,34,34
54,2,3.77778,10,34,34
55,2,3.81818,10,35,35
56,2,3.75,10,35,35
57,2,3.68421,10,35,35
58,2,3.62069,10,35,35
59,2,3.55932,10,35,35
60,2,3.5,10,35,35
61,2,3.44262,10,35,35
62,2,3.48387,10,36,36
63,2,3.52381,10,37,37
64,2,3.65625,10,39,39
65,2,3.6,10,39,39
66,2,3.72727,10,41,41
67,2,3.76119,10,42,42
68,2,3.79412,10,43,43
69,2,3.73913,10,43,43
70,2,3.68571,10,43,43
71,2,3.71831,10,44,44
72,2,3.66667,10,44,44
73,2,3.61644,10,44,44
74,2,3.56757,10,44,44
75,2,3.52,10,44,44
76,2,3.47368,10,44,44
77,2,3.50649,10,45,45
78,2,3.46154,10,45,45
79,2,3.49367,10,46,46
80,2,3.75,10,50,50
81,2,3.85185,10,52,52
82,2,3.80488,10,52,52
83,2,3.75904,10,52,52
84,2,3.85714,10,54,54
85,2,4.09412,10,58,58
86,2,4.04651,10,58,58
87,2,4.06897,10,59,59
88,2,4.09091,10,60,60
89,2,4.04494,10,60,60
90,2,4.06667,10,61,61
91,2,4.08791,10,62,62
92,2,4.1087,10,63,63
93,2,4.06452,10,63,63
94,2,4.08511,10,64,64
95,2,4.10526,10,65,65
96,2,4.0625,10,65,65
97,2,4.02062,10,65,65
98,2,4.04082,10,66,66
99,2,4,10,66,66
100,2,4.08,10,68,68
101,2,4.0396,9,0,68
102,2,4,9,0,68
103,2,3.96117,9,0,68
104,2,3.92308,9,0,68
105,2,3.88571,9,0,68
106,2,3.84906,9,0,68
107,2,3.81308,9,0,68
108,2,3.77778,8,0,68
109,2,3.74312,8,0,68
110,2,3.70909,8,0,68
111,2,3.67568,8,0,68
112,2,3.64286,8,0,68
113,2,3.61062,8,0,68
114,2,3.63158,8,1,69
115,2,3.6,8,1,69
116,2,3.56897,8,1,69
117,2,3.53846,8,1,69
118,2,3.50847,8,1,69
119,2,3.52941,8,2,70
120,2,3.5,8,2,70
121,2,3.47107,8,2,70
122,2,3.4918,8,3,71
123,2,3.46341,8,3,71
124,2,3.43548,8,3,71
125,2,3.408,8,3,71
126,2,3.38095,8,3,71
127,2,3.40157,8,4,72
128,2,3.42188,8,5,73
129,2,3.5814,8,9,77
130,2,3.55385,8,9,77
131,2,3.52672,8,9,77
132,2,3.54545,8,10,78
133,2,3.5188,8,10,78
134,2,3.53731,8,11,79
135,2,3.51111,8,11,79
136,2,3.48529,8,11,79
137,2,3.50365,8,12,80
138,2,3.47826,8,12,80
139,2,3.4964,8,13,81
140,2,3.47143,7,0,81
141,2,3.61702,7,4,85
142,2,3.59155,7,4,85
143,2,3.60839,7,5,86
144,2,3.58333,7,5,86
145,2,3.55862,7,5,86
146,2,3.53425,7,5,86
147,2,3.5102,7,5,86
148,2,3.48649,7,5,86
149,2,3.46309,7,5,86
150,2,3.44,7,5,86
151,2,3.41722,7,5,86
152,2,3.39474,7,5,86
153,2,3.37255,7,5,86
154,2,3.35065,7,5,86
155,2,3.32903,7,5,86
156,2,3.30769,7,5,86
157,2,3.28662,7,5,86
158,2,3.26582,7,5,86
159,3,3.28302,7,6,87
160,3,3.2625,7,6,87
161,3,3.24224,7,6,87
162,3,3.25926,7,7,88
163,3,3.23926,7,7,88
164,3,3.21951,7,7,88
165,3,3.2,7,7,88
166,3,3.18072,7,7,88
167,3,3.16168,7,7,88
168,3,3.14286,7,7,88
169,3,3.19527,7,9,90
170,3,3.31765,7,13,94
171,3,3.33333,7,14,95
172,3,3.34884,7,15,96
173,3,3.32948,7,15,96
174,3,3.34483,7,16,97
175,3,3.36,7,17,98
176,3,3.34091,7,17,98
177,3,3.32203,7,17,98
178,3,3.33708,7,18,99
179,3,3.31844,7,18,99
180,3,3.33333,7,19,100
181,3,3.34807,7,20,101
182,3,3.32967,7,20,101
183,3,3.31148,7,20,101
184,3,3.29348,7,20,101
185,3,3.27568,7,20,101
186,3,3.25806,7,20,101
187,3,3.36898,7,24,105
188,3,3.47872,7,28,109
189,3,3.46032,7,28,109
190,3,3.47368,7,29,110
191,3,3.48691,7,30,111
192,3,3.5,7,31,112
193,3,3.54404,7,33,114
194,3,3.5567,7,34,115
195,3,3.56923,7,35,116
196,3,3.55102,7,35,116
197,3,3.56345,7,36,117
198,3,3.54545,7,36,117
199,3,3.55779,7,37,118
200,3,3.57,7,38,119
201,4,3.58209,7,39,120
202,4,3.59406,7,40,121
203,4,3.57635,7,40,121
204,4,3.58824,7,41,122
205,4,3.6,7,42,123
206,4,3.58252,7,42,123
207,4,3.5942,7,43,124
208,4,3.57692,7,43,124
209,4,3.67464,7,47,128
210,4,3.68571,7,48,129
211,4,3.69668,7,49,130
212,4,3.70755,7,50,131
213,5,3.71831,7,51,132
214,5,3.70093,7,51,132
215,5,3.68372,7,51,132
216,5,3.66667,7,51,132
217,5,3.67742,7,52,133
218,5,3.77064,7,56,137
219,5,3.75342,7,56,137
220,5,3.76364,7,57,138
221,5,3.77376,7,58,139
222,5,3.75676,7,58,139
223,5,3.76682,7,59,140
224,5,3.77679,7,60,141
225,5,3.76,7,60,141
226,5,3.76991,7,61,142
227,5,3.77974,7,62,143
228,5,3.76316,7,62,143
229,5,3.77293,7,63,144
230,5,3.75652,7,63,144
231,5,3.74026,7,63,144
232,5,3.75,7,64,145
233,5,3.73391,7,64,145
234,5,3.74359,7,65,146
235,5,3.72766,7,65,146
236,5,3.71186,7,65,146
237,5,3.6962,7,65,146
238,5,3.70588,7,66,147
239,5,3.71548,7,67,148
240,5,3.725,7,68,149
241,5,3.75934,7,70,151
242,5,3.7438,7,70,151
243,5,3.75309,7,71,152
244,5,3.7623,7,72,153
245,5,3.77143,7,73,154
246,5,3.7561,7,73,154
247,5,3.76518,7,74,155
248,5,3.75,7,74,155
249,5,3.83133,7,78,159
250,5,3.84,7,79,160
251,5,3.96813,7,85,166
252,5,3.97619,7,86,167
253,5,3.96047,7,86,167
254,5,3.94488,7,86,167
255,5,3.95294,7,87,168
256,5,3.96094,7,88,169
257,5,3.96887,7,89,170
258,5,3.95349,7,89,170
259,5,3.93822,6,0,170
260,5,3.96923,6,2,172
261,5,3.95402,6,2,172
262,5,4.03053,6,6,176
263,5,4.03802,6,7,177
264,5,4.04545,6,8,178
265,5,4.05283,6,9,179
266,5,4.03759,5,0,179
267,5,4.04494,5,1,180
268,5,4.05224,5,2,181
269,5,4.05948,5,3,182
270,5,4.06667,5,4,183
271,5,4.0738,5,5,184
272,5,4.08088,5,6,185
273,5,4.15385,5,10,189
274,5,4.16058,5,11,190
275,5,4.14545,4,0,190
276,5,4.15217,4,1,191
277,5,4.18051,4,3,193
278,6,4.20863,4,5,195
279,6,4.19355,4,5,195
280,6,4.2,4,6,196
281,6,4.22776,4,8,198
282,6,4.29787,4,12,202
283,7,4.30389,4,13,203
284,7,4.37324,4,17,207
285,7,4.44211,4,21,211
286,8,4.44755,4,22,212
287,8,4.43206,4,22,212
288,8,4.47917,4,25,215
289,8,4.48443,4,26,216
290,8,4.51034,4,28,218
291,8,4.49485,3,0,218
292,8,4.47945,3,0,218
293,8,4.46416,3,0,218
294,8,4.46939,3,1,219
295,8,4.47458,3,2,220
296,9,4.5,3,4,222
297,9,4.52525,3,6,224
298,9,4.5302,3,7,225
299,9,4.53512,3,8,226
300,9,4.56,3,10,228
301,9,4.56478,3,11,229
302,10,4.56954,3,12,230
303,10,4.55446,3,12,230
304,10,4.59868,3,15,233
305,10,4.58361,2,0,233
306,11,4.58824,2,1,234
