1,0,6,10,1,1
2,0,3,9,0,1
3,0,2,8,0,1
4,0,1.5,8,0,1
5,0,2.4,8,1,2
6,0,2,8,1,2
7,0,1.71429,8,1,2
8,0,4.5,8,5,6
9,0,4,8,5,6
10,0,3.6,8,5,6
11,0,3.81818,8,6,7
12,0,3.5,8,6,7
13,0,3.69231,8,7,8
14,0,3.85714,8,8,9
15,0,3.6,8,8,9
16,0,3.75,8,9,10
17,0,3.52941,8,9,10
18,0,3.66667,8,10,11
19,0,3.78947,8,11,12
20,0,3.9,8,12,13
21,0,3.71429,8,12,13
22,0,3.81818,8,13,14
23,0,3.65217,8,13,14
24,0,3.5,8,13,14
25,0,3.6,8,14,15
26,0,3.69231,8,15,16
27,0,3.55556,8,15,16
28,0,3.42857,8,15,16
29,0,3.31034,8,15,16
30,1,3.8,8,18,19
31,1,3.67742,8,18,19
32,1,3.5625,8,18,19
33,2,3.63636,8,19,20
34,2,3.70588,8,20,21
35,2,3.6,8,20,21
36,2,3.66667,8,21,22
37,2,3.72973,8,22,23
38,2,4.26316,8,26,27
39,2,4.76923,8,30,31
40,2,4.65,8,30,31
41,3,4.82927,8,32,33
42,3,5.28571,8,36,37
43,3,5.16279,8,36,37
44,3,5.18182,8,37,38
45,3,5.06667,8,37,38
46,3,5.47826,8,41,42
47,3,5.3617,8,41,42
48,3,5.25,8,41,42
49,3,5.14286,8,41,42
50,3,5.04,8,41,42
51,3,4.94118,8,41,42
52,3,4.96154,8,42,43
53,3,5.09434,8,44,45
54,3,5.11111,8,45,46
55,3,5.01818,8,45,46
56,3,4.92857,8,45,46
57,3,4.84211,8,45,46
58,3,4.75862,8,45,46
59,3,4.67797,8,45,46
60,5,4.8,8,47,48
61,5,4.72131,8,47,48
62,5,4.74194,8,48,49
63,5,4.66667,8,48,49
64,5,4.59375,8,48,49
65,5,4.52308,8,48,49
66,5,4.54545,8,49,50
67,5,4.56716,8,50,51
68,5,4.58824,8,51,52
69,5,4.6087,8,52,53
70,5,4.54286,8,52,53
71,5,4.47887,8,52,53
72,5,4.5,8,53,54
73,5,4.52055,8,54,55
74,5,4.54054,8,55,56
75,5,4.56,8,56,57
76,5,4.57895,8,57,58
77,5,4.51948,8,57,58
78,5,4.53846,8,58,59
79,5,4.78481,8,62,63
80,5,4.8,8,63,64
81,5,4.74074,8,63,64
82,5,4.7561,8,64,65
83,5,4.77108,8,65,66
84,5,4.71429,8,65,66
85,5,4.65882,8,65,66
86,5,4.60465,8,65,66
87,5,4.62069,8,66,67
88,5,4.56818,8,66,67
89,5,4.78652,8,70,71
90,5,4.73333,8,70,71
91,5,4.74725,8,71,72
92,5,4.76087,8,72,73
93,5,4.70968,8,72,73
94,5,4.7234,8,73,74
95,5,4.67368,8,73,74
96,5,4.625,8,73,74
97,5,4.57732,8,73,74
98,5,4.59184,8,74,75
99,5,4.54545,8,74,75
100,5,4.5,8,74,75
101,5,4.45545,8,74,75
102,5,4.41176,8,74,75
103,5,4.36893,8,74,75
104,5,4.38462,8,75,76
105,5,4.4,8,76,77
106,5,4.41509,8,77,78
107,5,4.37383,8,77,78
108,5,4.38889,8,78,79
109,5,4.40367,8,79,80
110,5,4.41818,8,80,81
111,5,4.37838,8,80,81
112,5,4.44643,8,82,83
113,5,4.40708,8,82,83
114,5,4.36842,8,82,83
115,5,4.38261,8,83,84
116,5,4.34483,7,0,84
117,5,4.35897,7,1,85
118,5,4.37288,7,2,86
119,5,4.38655,7,3,87
120,5,4.4,7,4,88
121,5,4.41322,7,5,89
122,5,4.42623,7,6,90
123,5,4.43902,7,7,91
124,5,4.59677,7,11,95
125,5,4.56,7,11,95
126,5,4.52381,7,11,95
127,5,4.48819,7,11,95
128,5,4.5,7,12,96
129,5,4.46512,7,12,96
130,5,4.43077,7,12,96
131,5,4.39695,7,12,96
132,5,4.40909,7,13,97
133,5,4.42105,7,14,98
134,5,4.47761,7,16,100
135,5,4.44444,7,16,100
136,5,4.45588,7,17,101
137,5,4.42336,7,17,101
138,6,4.43478,7,18,102
139,6,4.44604,7,19,103
140,6,4.45714,7,20,104
141,6,4.42553,7,20,104
142,6,4.39437,7,20,104
143,6,4.40559,7,21,105
144,6,4.375,7,21,105
145,6,4.42759,7,23,107
146,6,4.39726,7,23,107
147,6,4.40816,7,24,108
148,6,4.37838,7,24,108
149,6,4.34899,7,24,108
150,6,4.36,7,25,109
151,6,4.37086,7,26,110
152,6,4.38158,7,27,111
153,6,4.43137,7,29,113
154,6,4.44156,7,30,114
155,6,4.4129,7,30,114
156,6,4.42308,7,31,115
157,6,4.3949,7,31,115
158,6,4.36709,7,31,115
159,6,4.33962,7,31,115
160,6,4.35,7,32,116
161,6,4.36025,7,33,117
162,6,4.48148,7,37,121
163,6,4.52761,7,39,123
164,6,4.64634,7,43,127
165,6,4.61818,7,43,127
166,6,4.73494,7,47,131
167,6,4.74251,7,48,132
168,6,4.71429,7,48,132
169,7,4.72189,7,49,133
170,8,4.72941,7,50,134
171,8,4.70175,7,50,134
172,8,4.7093,7,51,135
173,8,4.68208,7,51,135
174,8,4.68966,7,52,136
175,8,4.73143,7,54,138
176,8,4.73864,7,55,139
177,8,4.74576,7,56,140
178,9,4.75281,7,57,141
179,9,4.86034,7,61,145
180,9,4.86667,7,62,146
181,9,4.87293,7,63,147
182,9,4.87912,7,64,148
183,9,4.88525,7,65,149
184,9,4.98913,7,69,153
185,9,4.99459,7,70,154
186,9,5,7,71,155
187,9,5.00535,7,72,156
188,9,5.01064,7,73,157
189,9,5.01587,7,74,158
190,9,4.98947,7,74,158
191,9,4.96335,7,74,158
192,9,4.96875,7,75,159
193,9,4.97409,7,76,160
194,11,5.01031,7,78,162
195,11,5.01538,7,79,163
196,11,5.02041,7,80,164
197,11,4.99492,7,80,164
198,11,5,7,81,165
199,11,5.00503,7,82,166
200,11,5.04,7,84,168
201,11,5.04478,7,85,169
202,11,5.0495,7,86,170
203,11,5.05419,7,87,171
204,11,5.05882,7,88,172
205,11,5.06341,7,89,173
206,11,5.15534,7,93,177
207,11,5.15942,7,94,178
208,11,5.13462,7,94,178
209,11,5.11005,7,94,178
210,11,5.08571,7,94,178
211,11,5.11848,7,96,180
212,11,5.09434,7,96,180
213,11,5.09859,7,97,181
214,11,5.07477,7,97,181
215,11,5.05116,7,97,181
216,11,5.05556,7,98,182
217,11,5.19816,7,104,188
218,11,5.20183,7,105,189
219,11,5.20548,7,106,190
220,11,5.18182,7,106,190
221,11,5.18552,7,107,191
222,11,5.18919,7,108,192
223,11,5.19283,7,109,193
224,11,5.19643,7,110,194
225,11,5.2,7,111,195
226,11,5.17699,7,111,195
227,11,5.15419,7,111,195
228,11,5.13158,7,111,195
229,11,5.13537,7,112,196
230,11,5.21739,7,116,200
231,11,5.22078,6,0,201
232,11,5.22414,6,1,202
233,11,5.22747,6,2,203
234,11,5.20513,6,2,203
235,11,5.28511,6,6,207
236,11,5.26271,6,6,207
237,11,5.24051,6,6,207
238,11,5.2437,6,7,208
239,11,5.22176,6,7,208
240,11,5.225,6,8,209
241,11,5.20332,6,8,209
242,11,5.28099,6,12,213
243,11,5.28395,6,13,214
244,11,5.2623,6,13,214
245,11,5.26531,6,14,215
246,11,5.2439,6,14,215
247,11,5.24696,6,15,216
248,11,5.27419,6,17,218
249,11,5.25301,6,17,218
250,11,5.256,6,18,219
251,11,5.23506,6,18,219
252,11,5.21429,6,18,219
253,11,5.19368,6,18,219
254,11,5.19685,6,19,220
255,11,5.2,6,20,221
256,11,5.20312,6,21,222
257,11,5.20623,6,22,223
258,11,5.2093,6,23,224
259,11,5.28185,6,27,228
260,11,5.26154,6,27,228
261,11,5.26437,6,28,229
262,11,5.24427,6,28,229
263,11,5.24715,6,29,230
264,11,5.25,6,30,231
265,11,5.25283,6,31,232
266,11,5.25564,6,32,233
267,11,5.25843,6,33,234
268,11,5.26119,6,34,235
269,11,5.26394,6,35,236
270,11,5.26667,6,36,237
271,11,5.26937,6,37,238
272,11,5.27206,6,38,239
273,11,5.27473,6,39,240
274,11,5.27737,6,40,241
275,11,5.25818,5,0,241
276,11,5.23913,5,0,241
277,11,5.24188,5,1,242
278,11,5.2446,5,2,243
279,11,5.24731,5,3,244
280,11,5.22857,5,3,244
281,11,5.23132,5,4,245
282,11,5.23404,5,5,246
283,11,5.27915,5,8,249
284,11,5.28169,5,9,250
285,11,5.26316,5,9,250
286,11,5.24476,4,0,250
287,11,5.3101,4,4,254
288,11,5.33333,4,6,256
289,11,5.33564,4,7,257
290,11,5.31724,4,7,257
291,11,5.31959,4,8,258
292,11,5.30137,4,8,258
293,11,5.28328,4,8,258
294,11,5.26531,4,8,258
295,11,5.24746,4,8,258
296,11,5.22973,4,8,258
297,11,5.21212,4,8,258
298,11,5.19463,4,8,258
299,11,5.19732,4,9,259
300,11,5.22,4,11,261
301,11,5.22259,4,12,262
302,11,5.28477,4,16,266
303,11,5.26733,4,16,266
304,11,5.26974,3,0,267