1,0,0,10,0,0
2,0,0,10,0,0
3,0,0,10,0,0
4,0,0,10,0,0
5,0,1.2,10,1,1
6,0,2,10,2,2
7,0,5.14286,10,6,6
8,0,4.5,10,6,6
9,0,4,10,6,6
10,0,4.2,10,7,7
11,0,3.81818,10,7,7
12,0,3.5,10,7,7
13,0,3.69231,10,8,8
14,0,3.42857,10,8,8
15,0,3.2,10,8,8
16,0,3.375,10,9,9
17,0,3.17647,10,9,9
18,0,5,10,15,15
19,0,4.73684,10,15,15
20,0,4.8,10,16,16
21,0,4.85714,10,17,17
22,0,4.63636,10,17,17
23,0,4.43478,10,17,17
24,0,4.25,10,17,17
25,0,5.04,10,21,21
26,0,4.84615,10,21,21
27,0,4.88889,10,22,22
28,0,5.57143,10,26,26
29,0,6.2069,10,30,30
30,0,6,10,30,30
31,0,6,10,31,31
32,0,5.8125,10,31,31
33,0,5.63636,10,31,31
34,0,6.17647,10,35,35
35,0,6,10,35,35
36,1,6,10,36,36
37,1,6,10,37,37
38,1,6.47368,10,41,41
39,1,6.30769,10,41,41
40,1,6.15,10,41,41
41,1,6,10,41,41
42,1,5.85714,10,41,41
43,1,6.27907,10,45,45
44,1,6.13636,10,45,45
45,1,6,10,45,45
46,1,5.86957,10,45,45
47,1,5.74468,10,45,45
48,1,5.875,10,47,47
49,1,5.7551,10,47,47
50,1,5.76,10,48,48
51,1,6.11765,10,52,52
52,1,6,10,52,52
53,1,5.88679,10,52,52
54,2,5.88889,10,53,53
55,2,5.89091,10,54,54
56,2,5.89286,10,55,55
57,2,5.89474,10,56,56
58,2,5.89655,10,57,57
59,2,6.20339,10,61,61
60,2,6.2,10,62,62
61,2,6.19672,10,63,63
62,2,6.09677,10,63,63
63,2,6.57143,10,69,69
64,2,6.5625,10,70,70
65,2,6.46154,10,70,70
66,2,6.45455,10,71,71
67,2,6.44776,10,72,72
68,2,6.35294,10,72,72
69,2,6.78261,10,78,78
70,2,6.77143,10,79,79
71,2,6.76056,10,80,80
72,3,6.75,10,81,81
73,3,6.65753,10,81,81
74,3,6.89189,10,85,85
75,3,6.8,10,85,85
76,3,6.78947,10,86,86
77,3,6.77922,10,87,87
78,3,6.69231,10,87,87
79,3,6.68354,10,88,88
80,3,6.6,10,88,88
81,3,6.66667,10,90,90
82,8,6.95122,10,95,95
83,8,6.93976,10,96,96
84,8,6.85714,10,96,96
85,8,6.84706,10,97,97
86,8,6.76744,10,97,97
87,8,6.68966,10,97,97
88,8,6.61364,10,97,97
89,8,6.53933,10,97,97
90,8,6.73333,10,101,101
91,8,6.72527,10,102,102
92,8,6.65217,10,102,102
93,8,6.96774,10,108,108
94,8,7.14894,10,112,112
95,8,7.13684,10,113,113
96,8,7.125,10,114,114
97,8,7.1134,10,115,115
98,8,7.04082,10,115,115
99,8,7.0303,10,116,116
100,8,7.02,10,117,117
101,8,7.0099,10,118,118
102,8,6.94118,10,118,118
103,8,7.1068,10,122,122
104,8,7.09615,10,123,123
105,8,7.02857,10,123,123
106,8,7.18868,10,127,127
107,8,7.34579,10,131,131
108,8,7.27778,10,131,131
109,8,7.26606,10,132,132
110,8,7.2,10,132,132
111,8,7.13514,10,132,132
112,8,7.07143,10,132,132
113,8,7.00885,10,132,132
114,8,7,10,133,133
115,8,7.14783,10,137,137
116,8,7.13793,10,138,138
117,8,7.28205,10,142,142
118,8,7.27119,10,143,143
119,8,7.2605,10,144,144
120,8,7.4,10,148,148
121,8,7.33884,10,148,148
122,8,7.32787,10,149,149
123,8,7.26829,10,149,149
124,8,7.25806,10,150,150
125,8,7.488,10,156,156
126,8,7.47619,10,157,157
127,8,7.46457,10,158,158
128,8,7.59375,10,162,162
129,8,7.5814,10,163,163
130,8,7.70769,10,167,167
131,8,7.64885,10,167,167
132,8,7.63636,10,168,168
133,8,7.62406,10,169,169
134,8,7.56716,10,169,169
135,8,7.55556,10,170,170
136,8,7.54412,10,171,171
137,8,7.48905,10,171,171
138,8,7.47826,10,172,172
139,8,7.59712,10,176,176
140,8,7.54286,9,0,176
141,8,7.48936,9,0,176
142,8,7.47887,9,1,177
143,8,7.46853,9,2,178
144,8,7.41667,9,2,178
145,8,7.4069,9,3,179
146,8,7.35616,9,3,179
147,8,7.34694,9,4,180
148,8,7.33784,9,5,181
149,8,7.32886,9,6,182
150,8,7.32,9,7,183
151,8,7.31126,9,8,184
152,8,7.26316,9,8,184
153,8,7.29412,9,10,186
154,8,7.28571,9,11,187
155,8,7.23871,9,11,187
156,8,7.34615,9,15,191
157,8,7.33758,9,16,192
158,8,7.32911,9,17,193
159,8,7.32075,9,18,194
160,8,7.3125,9,19,195
161,8,7.26708,9,19,195
162,8,7.37037,9,23,199
163,8,7.47239,9,27,203
164,8,7.5,9,29,205
165,8,7.45455,9,29,205
166,8,7.44578,9,30,206
167,8,7.43713,9,31,207
168,8,7.42857,9,32,208
169,8,7.38462,9,32,208
170,8,7.37647,9,33,209
171,8,7.36842,9,34,210
172,8,7.32558,9,34,210
173,8,7.31792,9,35,211
174,8,7.31034,9,36,212
175,8,7.26857,9,36,212
176,9,7.26136,9,37,213
177,9,7.22034,9,37,213
178,9,7.31461,9,41,217
179,9,7.27374,9,41,217
180,9,7.26667,9,42,218
181,9,7.25967,9,43,219
182,9,7.25275,9,44,220
183,9,7.34426,9,48,224
184,9,7.33696,9,49,225
185,9,7.32973,9,50,226
186,9,7.32258,9,51,227
187,10,7.31551,9,52,228
188,10,7.2766,9,52,228
189,10,7.26984,9,53,229
190,10,7.26316,9,54,230
191,10,7.25654,9,55,231
192,10,7.25,9,56,232
193,10,7.21244,9,56,232
194,10,7.29897,9,60,236
195,10,7.29231,9,61,237
196,10,7.2551,9,61,237
197,10,7.24873,9,62,238
198,10,7.33333,9,66,242
199,10,7.41709,9,70,246
200,10,7.38,9,70,246
201,10,7.37313,9,71,247
202,10,7.36634,9,72,248
203,10,7.33005,9,72,248
204,10,7.32353,9,73,249
205,10,7.2878,9,73,249
206,10,7.36893,9,77,253
207,10,7.36232,9,78,254
208,10,7.32692,9,78,254
209,10,7.32057,9,79,255
210,10,7.34286,9,81,257
211,10,7.30806,9,81,257
212,10,7.38679,9,85,261
213,10,7.35211,9,85,261
214,10,7.34579,9,86,262
215,10,7.33953,9,87,263
216,10,7.33333,9,88,264
217,10,7.32719,9,89,265
218,10,7.34862,9,91,267
219,10,7.42466,9,95,271
220,10,7.5,9,99,275
221,10,7.49321,9,100,276
222,10,7.45946,9,100,276
223,10,7.45291,9,101,277
224,10,7.44643,9,102,278
225,10,7.41333,9,102,278
226,10,7.53982,9,108,284
227,10,7.53304,9,109,285
228,10,7.52632,9,110,286
229,10,7.51965,9,111,287
230,11,7.51304,9,112,288
231,12,7.50649,9,113,289
232,12,7.5,9,114,290
233,12,7.49356,9,115,291
234,12,7.48718,9,116,292
235,12,7.48085,9,117,293
236,12,7.47458,9,118,294
237,12,7.44304,9,118,294
238,12,7.41176,9,118,294
239,12,7.38075,9,118,294
240,12,7.375,9,119,295
241,12,7.44398,9,123,299
242,12,7.43802,9,124,300
243,12,7.4321,9,125,301
244,12,7.5,9,129,305
245,12,7.49388,9,130,306
246,12,7.4878,9,131,307
247,12,7.55466,9,135,311
248,12,7.62097,9,139,315
249,12,7.61446,8,0,316
250,12,7.608,8,1,317
251,12,7.67331,8,5,321
252,12,7.66667,8,6,322
253,12,7.66008,8,7,323
254,12,7.67717,8,9,325
255,12,7.67059,8,10,326
256,12,7.66406,8,11,327
257,12,7.68093,8,13,329
258,12,7.67442,8,14,330
259,12,7.69112,8,16,332
260,12,7.68462,8,17,333
261,12,7.67816,8,18,334
262,12,7.67176,8,19,335
263,12,7.73384,8,23,339
264,12,7.72727,8,24,340
265,12,7.69811,8,24,340
266,12,7.69173,8,25,341
267,12,7.66292,7,0,341
268,12,7.72388,7,4,345
269,12,7.71747,7,5,346
270,12,7.71111,7,6,347
271,12,7.8155,7,12,353
272,12,7.83088,7,14,355
273,12,7.82418,7,15,356
274,12,7.81752,7,16,357
275,12,7.81091,7,17,358
276,12,7.80435,7,18,359
277,12,7.79783,7,19,360
278,12,7.79137,7,20,361
279,12,7.78495,7,21,362
280,12,7.84286,7,25,366
281,12,7.8363,7,26,367
282,12,7.89362,7,30,371
283,12,7.86572,7,30,371
284,12,7.85915,7,31,372
285,12,7.91579,7,35,376
286,12,7.88811,6,0,376
287,12,7.90244,6,2,378
288,12,7.89583,6,3,379
289,12,7.91003,6,5,381
290,12,7.90345,6,6,382
291,12,7.89691,6,7,383
292,12,7.95205,6,11,387
293,12,8.00683,6,15,391
294,12,8.02041,6,17,393
295,12,7.99322,5,0,393
296,12,7.98649,5,1,394
297,12,7.9798,5,2,395
298,12,8.03356,5,6,399
299,13,8.02676,5,7,400
300,14,8.02,5,8,401
301,14,7.99336,5,8,401
302,14,8.04636,5,12,405
303,14,8.05941,5,14,407
304,14,8.05263,5,15,408
305,14,8.06557,5,17,410
306,14,8.05882,5,18,411
307,14,8.05212,5,19,412
308,14,8.06494,5,21,414
309,14,8.1165,5,25,418