1,0,0,10,0,0
2,0,0,10,0,0
3,1,2,10,1,1
4,2,3,10,2,2
5,2,2.4,10,2,2
6,2,6,10,6,6
7,2,5.14286,10,6,6
8,2,4.5,10,6,6
9,2,4,10,6,6
10,2,3.6,10,6,6
11,2,3.27273,10,6,6
12,3,3.5,10,7,7
13,3,5.07692,10,11,11
14,3,4.71429,10,11,11
15,4,4.8,10,12,12
16,4,4.5,9,0,12
17,4,4.23529,9,0,12
18,4,4,9,0,12
19,4,3.78947,9,0,12
20,4,3.6,9,0,12
21,4,3.42857,9,0,12
22,4,3.27273,9,0,12
23,4,3.13043,9,0,12
24,4,3,9,0,12
25,4,2.88,9,0,12
26,4,2.76923,9,0,12
27,4,3.55556,9,4,16
28,4,3.42857,9,4,16
29,4,3.51724,9,5,17
30,5,3.6,9,6,18
31,5,3.48387,9,6,18
32,5,3.375,9,6,18
33,5,3.27273,9,6,18
34,5,3.17647,9,6,18
35,5,3.08571,9,6,18
36,5,3,9,6,18
37,5,2.91892,9,6,18
38,5,3.47368,9,10,22
39,5,3.53846,9,11,23
40,5,3.45,9,11,23
41,5,3.36585,9,11,23
42,5,3.28571,9,11,23
43,5,3.34884,9,12,24
44,5,3.27273,9,12,24
45,5,3.2,9,12,24
46,5,3.13043,9,12,24
47,5,3.19149,9,13,25
48,5,3.125,9,13,25
49,5,3.18367,9,14,26
50,5,3.12,9,14,26
51,5,3.05882,9,14,26
52,5,3,9,14,26
53,5,2.9434,9,14,26
54,5,2.88889,9,14,26
55,5,2.83636,9,14,26
56,5,2.78571,9,14,26
57,6,2.84211,9,15,27
58,7,2.89655,9,16,28
59,7,2.84746,9,16,28
60,7,2.8,9,16,28
61,7,2.7541,9,16,28
62,7,2.70968,9,16,28
63,7,2.66667,9,16,28
64,7,2.625,9,16,28
65,7,2.67692,9,17,29
66,7,2.63636,9,17,29
67,7,2.68657,9,18,30
68,7,2.73529,9,19,31
69,7,2.69565,9,19,31
70,7,3,9,23,35
71,7,2.95775,9,23,35
72,7,3,9,24,36
73,7,2.9589,9,24,36
74,8,3,9,25,37
75,8,2.96,9,25,37
76,8,2.92105,9,25,37
77,8,2.88312,9,25,37
78,8,2.84615,9,25,37
79,8,2.88608,9,26,38
80,8,2.85,9,26,38
81,8,2.88889,9,27,39
82,8,3.14634,9,31,43
83,8,3.10843,9,31,43
84,8,3.07143,9,31,43
85,8,3.10588,9,32,44
86,8,3.13953,9,33,45
87,8,3.17241,9,34,46
88,8,3.13636,9,34,46
89,8,3.10112,9,34,46
90,8,3.13333,9,35,47
91,8,3.0989,9,35,47
92,8,3.06522,9,35,47
93,8,3.29032,9,39,51
94,8,3.25532,9,39,51
95,8,3.28421,9,40,52
96,8,3.25,9,40,52
97,8,3.21649,9,40,52
98,8,3.18367,9,40,52
99,8,3.21212,9,41,53
100,8,3.24,9,42,54
101,8,3.20792,9,42,54
102,8,3.17647,9,42,54
103,8,3.14563,9,42,54
104,8,3.17308,9,43,55
105,8,3.37143,9,47,59
106,8,3.39623,9,48,60
107,8,3.47664,9,50,62
108,8,3.5,9,51,63
109,8,3.46789,9,51,63
110,8,3.43636,9,51,63
111,8,3.40541,9,51,63
112,8,3.375,9,51,63
113,8,3.34513,9,51,63
114,8,3.36842,9,52,64
115,8,3.33913,9,52,64
116,8,3.36207,9,53,65
117,8,3.53846,9,57,69
118,8,3.50847,8,0,69
119,8,3.47899,8,0,69
120,8,3.45,8,0,69
121,8,3.52066,8,2,71
122,8,3.4918,8,2,71
123,9,3.5122,8,3,72
124,9,3.48387,8,3,72
125,9,3.552,8,5,74
126,9,3.57143,8,6,75
127,9,3.54331,8,6,75
128,9,3.51562,8,6,75
129,9,3.53488,8,7,76
130,9,3.50769,8,7,76
131,9,3.48092,8,7,76
132,9,3.45455,8,7,76
133,9,3.42857,8,7,76
134,9,3.40299,8,7,76
135,10,3.42222,8,8,77
136,10,3.39706,8,8,77
137,10,3.37226,8,8,77
138,10,3.34783,8,8,77
139,10,3.4964,8,12,81
140,10,3.47143,8,12,81
141,10,3.44681,8,12,81
142,10,3.42254,8,12,81
143,10,3.3986,8,12,81
144,10,3.375,8,12,81
145,10,3.3931,8,13,82
146,10,3.41096,8,14,83
147,10,3.42857,8,15,84
148,10,3.40541,8,15,84
149,13,3.50336,8,18,87
150,13,3.48,8,18,87
151,13,3.45695,8,18,87
152,13,3.43421,8,18,87
153,13,3.45098,8,19,88
154,13,3.42857,8,19,88
155,14,3.44516,8,20,89
156,14,3.46154,8,21,90
157,14,3.43949,8,21,90
158,14,3.49367,8,23,92
159,14,3.4717,8,23,92
160,14,3.45,8,23,92
161,14,3.46584,8,24,93
162,14,3.44444,7,0,93
163,14,3.46012,7,1,94
164,14,3.47561,7,2,95
165,14,3.45455,7,2,95
166,14,3.43373,7,2,95
167,14,3.4491,7,3,96
168,14,3.46429,7,4,97
169,14,3.47929,7,5,98
170,14,3.45882,7,5,98
171,14,3.4386,7,5,98
172,14,3.45349,7,6,99
173,14,3.43353,7,6,99
174,14,3.51724,7,9,102
175,14,3.53143,7,10,103
176,14,3.51136,7,10,103
177,14,3.49153,7,10,103
178,14,3.47191,7,10,103
179,14,3.45251,7,10,103
180,14,3.43333,7,10,103
181,14,3.44751,7,11,104
182,14,3.49451,7,13,106
183,14,3.5082,7,14,107
184,15,3.52174,7,15,108
185,15,3.53514,7,16,109
186,15,3.54839,7,17,110
187,15,3.5615,7,18,111
188,15,3.54255,7,18,111
189,15,3.55556,7,19,112
190,15,3.66316,7,23,116
191,15,3.67539,7,24,117
192,15,3.65625,7,24,117
193,15,3.63731,7,24,117
194,15,3.64948,7,25,118
195,15,3.66154,7,26,119
196,15,3.67347,7,27,120
197,15,3.68528,7,28,121
198,15,3.69697,7,29,122
199,15,3.67839,7,29,122
200,15,3.84,7,35,128
201,15,3.8209,7,35,128
202,15,3.83168,7,36,129
203,15,3.90148,7,39,132
204,15,3.91176,7,40,133
205,15,4.00976,7,44,137
206,15,4.04854,7,46,139
207,15,4.02899,7,46,139
208,15,4.00962,7,46,139
209,15,3.99043,7,46,139
210,15,4,7,47,140
211,15,4.00948,7,48,141
212,15,4.01887,7,49,142
213,15,4,7,49,142
214,15,3.98131,7,49,142
215,15,3.96279,7,49,142
216,15,3.94444,7,49,142
217,15,3.95392,7,50,143
218,15,3.9633,7,51,144
219,15,3.9726,7,52,145
220,15,3.98182,7,53,146
221,15,3.99095,7,54,147
222,15,4,7,55,148
223,15,4.00897,7,56,149
224,15,4.01786,7,57,150
225,15,4.02667,7,58,151
226,15,4.0354,7,59,152
227,16,4.04405,7,60,153
228,16,4.07895,7,62,155
229,16,4.16594,7,66,159
230,16,4.17391,7,67,160
231,16,4.15584,7,67,160
232,16,4.16379,7,68,161
233,16,4.14592,7,68,161
234,16,4.12821,7,68,161
235,16,4.21277,7,72,165
236,16,4.29661,7,76,169
237,16,4.32911,7,78,171
238,16,4.41176,7,82,175
239,16,4.39331,7,82,175
240,16,4.4,7,83,176
241,16,4.38174,7,83,176
242,16,4.36364,6,0,176
243,16,4.37037,6,1,177
244,16,4.35246,6,1,177
245,16,4.33469,6,1,177
246,16,4.31707,6,1,177
247,16,4.32389,6,2,178
248,16,4.33065,6,3,179
249,16,4.43373,6,8,184
250,16,4.416,6,8,184
251,16,4.42231,6,9,185
252,16,4.42857,6,10,186
253,16,4.50593,6,14,190
254,16,4.48819,6,14,190
255,16,4.47059,6,14,190
256,16,4.47656,6,15,191
257,16,4.48249,6,16,192
258,16,4.46512,6,16,192
259,16,4.47104,6,17,193
260,16,4.45385,6,17,193
261,16,4.43678,5,0,193
262,16,4.41985,5,0,193
263,16,4.53992,5,6,199
264,16,4.54545,5,7,200
265,16,4.55094,5,8,201
266,16,4.55639,5,9,202
267,16,4.5618,5,10,203
268,16,4.54478,5,10,203
269,16,4.55019,5,11,204
270,16,4.53333,5,11,204
271,16,4.51661,5,11,204
272,16,4.5,5,11,204
273,16,4.50549,5,12,205
274,17,4.51095,5,13,206
275,17,4.49455,5,13,206
276,17,4.5,5,14,207
277,17,4.5704,5,18,211
278,17,4.55396,5,18,211
279,17,4.66667,5,24,217
280,17,4.67143,5,25,218
281,18,4.67616,5,26,219
282,18,4.65957,5,26,219
283,18,4.66431,5,27,220
284,18,4.64789,5,27,220
285,18,4.67368,5,29,222
286,18,4.65734,4,0,222
287,18,4.66202,4,1,223
288,18,4.72917,4,5,227
289,18,4.7128,4,5,227
290,18,4.71724,4,6,228
291,18,4.70103,4,6,228
292,18,4.70548,4,7,229
293,18,4.7099,4,8,230
294,18,4.71429,4,9,231
295,18,4.71864,4,10,232
296,18,4.72297,4,11,233
297,18,4.72727,4,12,234
298,22,4.79195,4,16,238
299,22,4.79599,4,17,239
300,22,4.8,4,18,240
301,22,4.80399,4,19,241
302,22,4.80795,4,20,242
303,22,4.81188,4,21,243
304,22,4.81579,4,22,244
305,22,4.81967,4,23,245
306,22,4.82353,4,24,246
307,22,4.82736,4,25,247
308,22,4.83117,4,26,248
309,22,4.85437,4,28,250
310,22,4.85806,4,29,251
311,22,4.91961,4,33,255
312,22,4.98077,4,37,259
313,22,5.00319,4,39,261
314,22,4.98726,3,0,261
315,22,4.99048,3,1,262