1,0,0,10,0,0
2,0,0,10,0,0
3,0,8,10,4,4
4,0,6,10,4,4
5,0,4.8,10,4,4
6,0,5,10,5,5
7,0,4.28571,10,5,5
8,0,6.75,10,9,9
9,0,8.66667,10,13,13
10,0,7.8,10,13,13
11,1,7.63636,10,14,14
12,1,7,10,14,14
13,1,8.30769,10,18,18
14,1,7.71429,10,18,18
15,1,7.6,10,19,19
16,1,7.125,10,19,19
17,1,6.70588,10,19,19
18,1,6.33333,10,19,19
19,1,6.31579,10,20,20
20,1,6.3,10,21,21
21,1,6,10,21,21
22,1,5.72727,10,21,21
23,1,5.73913,10,22,22
24,2,5.75,10,23,23
25,2,5.52,10,23,23
26,2,5.30769,10,23,23
27,2,5.11111,10,23,23
28,2,4.92857,10,23,23
29,2,4.96552,10,24,24
30,2,4.8,10,24,24
31,2,4.83871,10,25,25
32,2,4.6875,10,25,25
33,2,4.72727,10,26,26
34,2,4.58824,10,26,26
35,2,4.8,10,28,28
36,2,4.66667,10,28,28
37,2,4.54054,10,28,28
38,2,4.57895,10,29,29
39,2,4.46154,10,29,29
40,2,4.35,10,29,29
41,2,4.2439,10,29,29
42,2,4.42857,10,31,31
43,2,4.32558,10,31,31
44,2,4.22727,10,31,31
45,2,4.13333,9,0,31
46,2,4.04348,9,0,31
47,2,3.95745,9,0,31
48,2,3.875,9,0,31
49,2,3.79592,9,0,31
50,2,3.72,9,0,31
51,2,4.11765,9,4,35
52,3,4.15385,9,5,36
53,3,4.30189,9,7,38
54,3,4.22222,9,7,38
55,3,4.58182,9,11,42
56,3,4.92857,9,15,46
57,3,4.94737,9,16,47
58,3,4.86207,9,16,47
59,3,4.77966,9,16,47
60,3,4.7,9,16,47
61,3,5.01639,9,20,51
62,3,4.93548,9,20,51
63,3,4.85714,9,20,51
64,3,4.78125,9,20,51
65,3,4.70769,9,20,51
66,3,4.63636,9,20,51
67,3,4.56716,9,20,51
68,3,4.58824,9,21,52
69,3,4.52174,9,21,52
70,3,4.45714,9,21,52
71,3,4.39437,9,21,52
72,3,4.33333,9,21,52
73,3,4.27397,9,21,52
74,3,4.21622,9,21,52
75,3,4.24,9,22,53
76,3,4.5,9,26,57
77,3,4.44156,9,26,57
78,3,4.38462,9,26,57
79,3,4.63291,9,30,61
80,3,4.575,9,30,61
81,3,4.51852,9,30,61
82,3,4.53659,9,31,62
83,3,4.48193,9,31,62
84,3,4.42857,9,31,62
85,3,4.37647,9,31,62
86,3,4.60465,9,35,66
87,3,4.55172,9,35,66
88,3,4.5,9,35,66
89,3,4.44944,9,35,66
90,3,4.4,9,35,66
91,3,4.41758,9,36,67
92,3,4.43478,9,37,68
93,3,4.3871,9,37,68
94,3,4.34043,9,37,68
95,4,4.35789,9,38,69
96,4,4.3125,9,38,69
97,4,4.26804,9,38,69
98,4,4.22449,9,38,69
99,4,4.24242,9,39,70
100,4,4.2,9,39,70
101,4,4.15842,9,39,70
102,4,4.11765,9,39,70
103,4,4.07767,9,39,70
104,4,4.15385,9,41,72
105,4,4.17143,9,42,73
106,4,4.13208,9,42,73
107,4,4.09346,9,42,73
108,4,4.05556,9,42,73
109,4,4.01835,9,42,73
110,4,4.03636,9,43,74
111,4,4,9,43,74
112,4,3.96429,9,43,74
113,4,3.9292,9,43,74
114,4,3.89474,9,43,74
115,4,3.86087,9,43,74
116,4,3.82759,9,43,74
117,4,3.84615,9,44,75
118,4,3.86441,9,45,76
119,4,3.88235,9,46,77
120,4,3.9,9,47,78
121,4,3.91736,9,48,79
122,4,3.88525,9,48,79
123,4,3.85366,9,48,79
124,4,3.82258,9,48,79
125,4,3.84,9,49,80
126,4,3.80952,9,49,80
127,4,3.82677,9,50,81
128,4,3.79688,9,50,81
129,4,3.95349,9,54,85
130,4,3.96923,9,55,86
131,4,3.98473,9,56,87
132,4,3.95455,9,56,87
133,4,3.92481,9,56,87
134,4,3.89552,9,56,87
135,4,3.86667,9,56,87
136,4,3.88235,9,57,88
137,4,3.85401,9,57,88
138,4,3.86957,9,58,89
139,4,3.88489,9,59,90
140,4,3.85714,9,59,90
141,4,3.87234,9,60,91
142,4,3.84507,9,60,91
143,4,3.81818,9,60,91
144,4,3.79167,8,0,91
145,4,3.76552,8,0,91
146,4,3.78082,8,1,92
147,4,3.7551,8,1,92
148,4,3.72973,7,0,92
149,4,3.8255,7,3,95
150,4,3.8,7,3,95
151,4,3.77483,7,3,95
152,4,3.75,7,3,95
153,5,3.76471,7,4,96
154,5,3.77922,7,5,97
155,5,3.83226,7,7,99
156,5,3.80769,7,7,99
157,5,3.78344,7,7,99
158,5,3.75949,7,7,99
159,5,3.73585,7,7,99
160,5,3.7125,7,7,99
161,5,3.68944,7,7,99
162,5,3.66667,7,7,99
163,5,3.64417,6,0,99
164,5,3.62195,6,0,99
165,5,3.6,6,0,99
166,5,3.57831,6,0,99
167,5,3.55689,6,0,99
168,5,3.53571,6,0,99
169,5,3.5858,6,2,101
170,5,3.56471,6,2,101
171,5,3.61404,6,4,103
172,5,3.62791,6,5,104
173,5,3.64162,6,6,105
174,5,3.62069,6,6,105
175,5,3.6,6,6,105
176,5,3.61364,6,7,106
177,5,3.59322,6,7,106
178,5,3.57303,6,7,106
179,5,3.58659,6,8,107
180,5,3.56667,6,8,107
181,5,3.61326,6,10,109
182,5,3.59341,6,10,109
183,5,3.63934,6,12,111
184,5,3.61957,6,12,111
185,5,3.6,6,12,111
186,5,3.58065,6,12,111
187,5,3.5615,6,12,111
188,5,3.57447,6,13,112
189,5,3.55556,6,13,112
190,5,3.53684,6,13,112
191,5,3.51832,6,13,112
192,5,3.625,6,17,116
193,5,3.60622,6,17,116
194,5,3.61856,6,18,117
195,5,3.6,6,18,117
196,5,3.61224,6,19,118
197,5,3.62437,6,20,119
198,5,3.60606,6,20,119
199,5,3.58794,6,20,119
200,5,3.6,6,21,120
201,5,3.58209,6,21,120
202,5,3.56436,6,21,120
203,5,3.57635,6,22,121
204,5,3.55882,6,22,121
205,6,3.57073,6,23,122
206,6,3.5534,6,23,122
207,6,3.53623,6,23,122
208,6,3.51923,6,23,122
209,6,3.5311,6,24,123
210,6,3.54286,6,25,124
211,6,3.52607,6,25,124
212,6,3.53774,6,26,125
213,6,3.5493,6,27,126
214,6,3.53271,6,27,126
215,6,3.51628,6,27,126
216,6,3.5,6,27,126
217,6,3.48387,6,27,126
218,6,3.49541,6,28,127
219,6,3.47945,6,28,127
220,6,3.46364,6,28,127
221,6,3.55656,6,32,131
222,6,3.56757,6,33,132
223,6,3.57848,6,34,133
224,6,3.58929,6,35,134
225,6,3.57333,6,35,134
226,6,3.58407,6,36,135
227,6,3.62115,6,38,137
228,6,3.60526,6,38,137
229,6,3.61572,6,39,138
230,6,3.62609,6,40,139
231,6,3.61039,6,40,139
232,6,3.59483,6,40,139
233,6,3.5794,6,40,139
234,6,3.5641,6,40,139
235,6,3.54894,6,40,139
236,6,3.55932,6,41,140
237,6,3.5443,6,41,140
238,6,3.52941,6,41,140
239,6,3.51464,6,41,140
240,6,3.5,6,41,140
241,6,3.48548,6,41,140
242,6,3.49587,6,42,141
243,6,3.48148,6,42,141
244,6,3.46721,6,42,141
245,6,3.45306,6,42,141
246,6,3.46341,6,43,142
247,6,3.49798,6,45,144
248,6,3.50806,6,46,145
249,6,3.49398,6,46,145
250,8,3.528,6,48,147
251,8,3.53785,6,49,148
252,11,3.59524,6,52,151
253,11,3.60474,6,53,152
254,11,3.59055,6,53,152
255,11,3.67059,6,57,156
256,11,3.67969,6,58,157
257,11,3.66537,6,58,157
258,11,3.69767,6,60,159
259,11,3.70656,6,61,160
260,11,3.71538,6,62,161
261,11,3.72414,6,63,162
262,11,3.70992,5,0,162
263,11,3.69582,4,0,162
264,11,3.68182,4,0,162
265,11,3.66792,4,0,162
266,11,3.65414,4,0,162
267,11,3.66292,4,1,163
268,11,3.69403,4,3,165
269,12,3.7026,4,4,166
270,12,3.71111,4,5,167
271,12,3.71956,4,6,168
272,12,3.72794,4,7,169
273,12,3.71429,4,7,169
274,12,3.72263,4,8,170
275,12,3.70909,4,8,170
276,12,3.69565,4,8,170
277,12,3.68231,4,8,170
278,12,3.66906,4,8,170
279,12,3.67742,4,9,171
280,12,3.68571,4,10,172
281,12,3.69395,4,11,173
282,12,3.70213,4,12,174
283,12,3.68905,4,12,174
284,13,3.69718,4,13,175
285,13,3.76842,4,17,179
286,13,3.83916,4,21,183
287,13,3.82578,4,21,183
288,13,3.89583,4,25,187
289,13,3.92388,4,27,189
290,13,3.91034,4,27,189
291,13,3.97938,4,31,193
292,13,3.9863,4,32,194
293,13,3.99317,4,33,195
294,13,3.97959,3,0,195
295,13,3.98644,3,1,196
296,13,3.99324,3,2,197
297,13,4,3,3,198
298,13,4.00671,3,4,199
299,13,3.99331,3,4,199
300,13,4,3,5,200
301,13,4.00664,3,6,201
302,13,4.03311,3,8,203
303,13,4.0198,2,0,203
304,13,4.00658,2,0,203
305,14,4.01311,2,1,204