1,0,0,10,0,0
2,0,0,10,0,0
3,0,4,10,2,2
4,0,3,10,2,2
5,0,2.4,10,2,2
6,0,3,10,3,3
7,0,2.57143,10,3,3
8,0,2.25,10,3,3
9,0,2,10,3,3
10,4,4.2,10,7,7
11,4,3.81818,10,7,7
12,4,3.5,10,7,7
13,4,3.23077,10,7,7
14,4,3,10,7,7
15,4,3.6,10,9,9
16,4,3.375,10,9,9
17,4,3.17647,10,9,9
18,4,3,10,9,9
19,4,2.84211,10,9,9
20,5,3,10,10,10
21,5,2.85714,10,10,10
22,5,2.72727,10,10,10
23,5,2.6087,10,10,10
24,5,2.5,9,0,10
25,5,2.4,9,0,10
26,5,2.30769,9,0,10
27,5,3.55556,9,6,16
28,5,3.42857,9,6,16
29,5,4.55172,9,12,22
30,5,5.6,9,18,28
31,5,5.41935,9,18,28
32,5,5.25,9,18,28
33,5,5.09091,9,18,28
34,5,4.94118,9,18,28
35,5,4.8,9,18,28
36,6,4.83333,9,19,29
37,6,4.7027,9,19,29
38,6,4.57895,9,19,29
39,6,4.46154,9,19,29
40,6,4.35,9,19,29
41,6,5.12195,9,25,35
42,6,5.57143,9,29,39
43,6,5.44186,9,29,39
44,6,5.45455,9,30,40
45,6,5.33333,9,30,40
46,6,5.73913,9,34,44
47,6,6.12766,9,38,48
48,6,6,9,38,48
49,6,5.87755,9,38,48
50,6,5.76,9,38,48
51,6,5.64706,9,38,48
52,6,5.53846,9,38,48
53,6,5.43396,9,38,48
54,6,5.33333,9,38,48
55,6,5.67273,9,42,52
56,6,5.57143,9,42,52
57,6,5.47368,9,42,52
58,6,5.37931,9,42,52
59,6,5.38983,9,43,53
60,6,5.6,9,46,56
61,6,5.5082,9,46,56
62,6,5.6129,9,48,58
63,6,5.52381,9,48,58
64,6,5.4375,9,48,58
65,6,5.35385,9,48,58
66,7,5.36364,9,49,59
67,7,5.37313,9,50,60
68,7,5.29412,9,50,60
69,7,5.21739,9,50,60
70,7,5.14286,9,50,60
71,7,5.07042,9,50,60
72,7,5,9,50,60
73,7,5.26027,9,54,64
74,7,5.18919,9,54,64
75,7,5.2,9,55,65
76,7,5.21053,9,56,66
77,8,5.22078,9,57,67
78,8,5.61538,9,63,73
79,8,5.8481,9,67,77
80,8,5.85,9,68,78
81,8,5.85185,9,69,79
82,8,5.78049,9,69,79
83,8,5.71084,9,69,79
84,8,5.64286,9,69,79
85,8,5.64706,9,70,80
86,8,5.5814,9,70,80
87,8,5.51724,9,70,80
88,8,5.52273,9,71,81
89,8,5.52809,9,72,82
90,8,5.46667,9,72,82
91,8,5.40659,9,72,82
92,8,5.73913,9,78,88
93,9,5.74194,9,79,89
94,9,5.68085,9,79,89
95,9,5.68421,9,80,90
96,9,5.6875,9,81,91
97,9,5.62887,9,81,91
98,9,5.63265,9,82,92
99,9,5.57576,9,82,92
100,9,5.52,9,82,92
101,9,5.46535,9,82,92
102,9,5.41176,9,82,92
103,9,5.35922,9,82,92
104,9,5.36538,9,83,93
105,9,5.31429,9,83,93
106,9,5.26415,9,83,93
107,9,5.21495,9,83,93
108,9,5.22222,9,84,94
109,9,5.17431,9,84,94
110,9,5.34545,9,88,98
111,9,5.2973,9,88,98
112,9,5.25,9,88,98
113,9,5.20354,8,0,98
114,9,5.15789,8,0,98
115,9,5.11304,8,0,98
116,9,5.06897,8,0,98
117,9,5.02564,8,0,98
118,9,4.98305,8,0,98
119,9,4.94118,8,0,98
120,10,4.95,8,1,99
121,10,4.95868,8,2,100
122,10,4.96721,8,3,101
123,10,4.97561,8,4,102
124,10,4.93548,8,4,102
125,10,4.944,8,5,103
126,10,5,8,7,105
127,10,4.96063,8,7,105
128,10,5.01562,8,9,107
129,10,4.97674,8,9,107
130,10,4.93846,8,9,107
131,10,4.94656,8,10,108
132,10,4.95455,8,11,109
133,10,4.96241,8,12,110
134,10,4.92537,8,12,110
135,10,4.88889,8,12,110
136,10,4.89706,8,13,111
137,10,4.90511,8,14,112
138,10,4.86957,8,14,112
139,10,4.83453,8,14,112
140,10,4.84286,8,15,113
141,10,4.85106,8,16,114
142,10,4.85915,8,17,115
143,10,4.82517,8,17,115
144,10,4.83333,8,18,116
145,10,4.84138,8,19,117
146,10,4.9726,8,23,121
147,10,4.97959,8,24,122
148,10,4.98649,8,25,123
149,10,4.99329,8,26,124
150,10,5.2,8,32,130
151,10,5.16556,8,32,130
152,10,5.13158,8,32,130
153,10,5.13725,8,33,131
154,10,5.1039,8,33,131
155,10,5.07097,8,33,131
156,10,5.07692,8,34,132
157,10,5.04459,8,34,132
158,10,5.01266,8,34,132
159,10,5.13208,8,38,136
160,10,5.1,8,38,136
161,10,5.10559,8,39,137
162,10,5.11111,8,40,138
163,10,5.11656,8,41,139
164,10,5.08537,8,41,139
165,10,5.09091,8,42,140
166,10,5.06024,8,42,140
167,15,5.20958,8,47,145
168,16,5.21429,8,48,146
169,16,5.25444,8,50,148
170,17,5.25882,8,51,149
171,17,5.26316,8,52,150
172,17,5.23256,8,52,150
173,17,5.20231,8,52,150
174,17,5.17241,8,52,150
175,17,5.14286,8,52,150
176,17,5.31818,8,58,156
177,17,5.32203,8,59,157
178,17,5.49438,8,65,163
179,17,5.46369,8,65,163
180,17,5.43333,8,65,163
181,17,5.43646,8,66,164
182,17,5.43956,8,67,165
183,17,5.47541,8,69,167
184,17,5.44565,8,69,167
185,17,5.44865,8,70,168
186,17,5.41935,8,70,168
187,17,5.51872,8,74,172
188,17,5.52128,8,75,173
189,17,5.52381,8,76,174
190,17,5.49474,8,76,174
191,17,5.46597,8,76,174
192,17,5.625,8,82,180
193,17,5.62694,8,83,181
194,17,5.59794,8,83,181
195,17,5.6,8,84,182
196,17,5.60204,8,85,183
197,17,5.5736,8,85,183
198,17,5.57576,8,86,184
199,17,5.57789,8,87,185
200,17,5.55,8,87,185
201,17,5.70149,8,93,191
202,17,5.79208,8,97,195
203,17,5.7931,8,98,196
204,17,5.79412,8,99,197
205,17,5.76585,8,99,197
206,17,5.73786,8,99,197
207,17,5.76812,8,101,199
208,17,5.74038,8,101,199
209,17,5.74163,8,102,200
210,17,5.74286,8,103,201
211,17,5.77251,8,105,203
212,17,5.77358,8,106,204
213,17,5.77465,8,107,205
214,17,5.74766,8,107,205
215,17,5.74884,8,108,206
216,17,5.77778,8,110,208
217,17,5.80645,8,112,210
218,17,5.77982,8,112,210
219,17,5.78082,8,113,211
220,17,5.78182,8,114,212
221,17,5.78281,8,115,213
222,17,5.86486,8,119,217
223,17,5.86547,8,120,218
224,17,5.86607,8,121,219
225,19,5.89333,8,123,221
226,19,5.89381,8,124,222
227,19,5.89427,8,125,223
228,19,5.89474,8,126,224
229,19,5.8952,8,127,225
230,19,5.86957,8,127,225
231,19,5.87013,8,128,226
232,19,5.84483,8,128,226
233,19,5.84549,8,129,227
234,19,5.82051,7,0,227
235,19,5.79574,7,0,227
236,19,5.77119,7,0,227
237,20,5.77215,7,1,228
238,20,5.7479,7,1,228
239,20,5.82427,7,5,232
240,20,5.9,7,9,236
241,20,5.9751,7,13,240
242,20,5.97521,7,14,241
243,20,5.97531,7,15,242
244,20,5.95082,7,15,242
245,20,5.95102,7,16,243
246,20,5.92683,7,16,243
247,20,5.90283,7,16,243
248,20,5.90323,7,17,244
249,20,5.90361,7,18,245
250,20,5.904,7,19,246
251,20,5.90438,7,20,247
252,20,5.97619,7,24,251
253,20,5.97628,7,25,252
254,20,5.95276,7,25,252
255,20,5.95294,7,26,253
256,20,5.92969,6,0,253
257,20,5.92996,6,1,254
258,20,5.90698,6,1,254
259,20,5.90734,6,2,255
260,20,5.90769,6,3,256
261,20,5.88506,6,3,256
262,20,5.8626,6,3,256
263,20,5.88593,6,5,258
264,20,5.86364,6,5,258
265,20,5.93208,6,9,262
266,20,5.90977,6,9,262
267,20,5.97753,6,13,266
268,20,5.97761,6,14,267
269,20,5.9777,6,15,268
270,20,5.97778,6,16,269
271,20,5.97786,6,17,270
272,20,5.97794,6,18,271
273,20,5.97802,6,19,272
274,20,5.9562,5,0,272
275,20,5.95636,5,1,273
276,20,6.06522,5,7,279
277,20,6.06498,5,8,280
278,20,6.06475,5,9,281
279,20,6.06452,5,10,282
280,20,6.04286,5,10,282
281,20,6.06406,5,12,284
282,20,6.04255,5,12,284
283,20,6.10601,5,16,288
284,20,6.08451,5,16,288
285,20,6.08421,5,17,289
286,20,6.08392,5,18,290
287,20,6.06272,5,18,290
288,20,6.0625,5,19,291
289,20,6.06228,5,20,292
290,20,6.06207,5,21,293
291,20,6.06186,5,22,294
292,20,6.0411,5,22,294
293,20,6.04096,5,23,295
294,20,6.04082,5,24,296
295,20,6.04068,5,25,297
296,20,6.04054,5,26,298
297,20,6.14141,5,32,304
298,20,6.14094,5,33,305
299,20,6.14047,5,34,306
300,20,6.14,5,35,307
301,20,6.13953,5,36,308
302,20,6.13907,5,37,309
303,20,6.13861,5,38,310
304,20,6.13816,5,39,311
305,20,6.1377,5,40,312
306,20,6.11765,5,40,312
307,20,6.09772,5,40,312
308,20,6.0974,5,41,313
309,20,6.09709,5,42,314
310,20,6.09677,5,43,315