1,0,0,10,0,0
2,1,3,10,1,1
3,1,2,10,1,1
4,5,7.5,10,5,5
5,5,6,10,5,5
6,5,5,10,5,5
7,5,7.71429,10,9,9
8,5,6.75,10,9,9
9,5,6,10,9,9
10,5,5.4,10,9,9
11,5,4.90909,10,9,9
12,5,4.5,10,9,9
13,5,4.15385,10,9,9
14,5,3.85714,10,9,9
15,5,3.6,9,0,9
16,5,3.375,9,0,9
17,5,3.17647,9,0,9
18,5,3,9,0,9
19,5,3.47368,9,2,11
20,5,4.2,9,5,14
21,6,4.28571,9,6,15
22,6,4.09091,9,6,15
23,6,3.91304,9,6,15
24,6,4,9,7,16
25,6,3.84,9,7,16
26,6,4.61538,9,11,20
27,6,4.44444,9,11,20
28,6,4.71429,9,13,22
29,6,4.75862,9,14,23
30,6,4.6,9,14,23
31,6,4.45161,9,14,23
32,6,4.3125,9,14,23
33,6,4.18182,9,14,23
34,6,4.05882,9,14,23
35,7,4.11429,9,15,24
36,7,4.33333,9,17,26
37,7,4.21622,9,17,26
38,7,4.26316,9,18,27
39,7,4.15385,9,18,27
40,7,4.05,9,18,27
41,7,3.95122,9,18,27
42,7,3.85714,9,18,27
43,7,3.76744,9,18,27
44,7,3.68182,9,18,27
45,7,3.6,9,18,27
46,7,3.52174,9,18,27
47,7,3.44681,9,18,27
48,7,3.375,9,18,27
49,7,3.30612,9,18,27
50,7,3.24,9,18,27
51,7,3.17647,9,18,27
52,7,3.23077,9,19,28
53,7,3.16981,9,19,28
54,7,3.11111,9,19,28
55,7,3.16364,9,20,29
56,7,3.10714,9,20,29
57,7,3.47368,9,24,33
58,7,3.41379,9,24,33
59,8,3.45763,9,25,34
60,9,3.5,9,26,35
61,9,3.44262,9,26,35
62,9,3.3871,9,26,35
63,9,3.33333,9,26,35
64,9,3.28125,9,26,35
65,9,3.41538,9,28,37
66,9,3.72727,9,32,41
67,9,3.67164,9,32,41
68,9,3.61765,9,32,41
69,9,3.56522,9,32,41
70,9,3.6,9,33,42
71,10,3.6338,9,34,43
72,10,3.58333,9,34,43
73,10,3.61644,9,35,44
74,10,3.56757,9,35,44
75,11,3.6,9,36,45
76,11,3.63158,9,37,46
77,11,3.66234,9,38,47
78,11,3.61538,9,38,47
79,11,3.56962,9,38,47
80,11,3.6,9,39,48
81,11,3.62963,9,40,49
82,11,3.65854,9,41,50
83,11,3.61446,9,41,50
84,11,3.57143,9,41,50
85,12,3.6,9,42,51
86,12,3.62791,9,43,52
87,12,3.65517,9,44,53
88,12,3.68182,9,45,54
89,12,3.70787,9,46,55
90,12,3.73333,9,47,56
91,12,3.69231,9,47,56
92,12,3.65217,9,47,56
93,12,3.6129,9,47,56
94,12,3.6383,9,48,57
95,12,3.66316,9,49,58
96,12,3.625,9,49,58
97,12,3.58763,9,49,58
98,12,3.79592,9,53,62
99,12,3.75758,9,53,62
100,12,3.78,9,54,63
101,12,3.74257,9,54,63
102,12,3.76471,9,55,64
103,12,3.72816,9,55,64
104,12,3.69231,8,0,64
105,12,3.65714,8,0,64
106,12,3.67925,8,1,65
107,12,3.64486,8,1,65
108,12,3.61111,8,1,65
109,12,3.57798,8,1,65
110,12,3.54545,8,1,65
111,12,3.51351,8,1,65
112,12,3.48214,8,1,65
113,12,3.45133,8,1,65
114,12,3.42105,8,1,65
115,12,3.3913,8,1,65
116,12,3.36207,8,1,65
117,12,3.33333,8,1,65
118,12,3.30508,8,1,65
119,12,3.27731,8,1,65
120,12,3.25,8,1,65
121,12,3.27273,8,2,66
122,12,3.2459,8,2,66
123,12,3.21951,8,2,66
124,12,3.24194,8,3,67
125,12,3.216,8,3,67
126,12,3.2381,8,4,68
127,12,3.2126,8,4,68
128,12,3.1875,8,4,68
129,12,3.34884,8,8,72
130,12,3.36923,8,9,73
131,12,3.34351,8,9,73
132,12,3.36364,8,10,74
133,12,3.38346,8,11,75
134,12,3.40299,8,12,76
135,12,3.37778,8,12,76
136,12,3.35294,8,12,76
137,12,3.32847,8,12,76
138,12,3.30435,8,12,76
139,12,3.28058,8,12,76
140,12,3.25714,8,12,76
141,12,3.23404,8,12,76
142,12,3.25352,8,13,77
143,12,3.27273,8,14,78
144,13,3.29167,8,15,79
145,13,3.26897,8,15,79
146,13,3.28767,8,16,80
147,13,3.26531,8,16,80
148,13,3.28378,8,17,81
149,13,3.30201,8,18,82
150,13,3.32,8,19,83
151,13,3.29801,8,19,83
152,13,3.31579,8,20,84
153,13,3.29412,8,20,84
154,13,3.31169,8,21,85
155,13,3.44516,8,25,89
156,13,3.42308,8,25,89
157,13,3.40127,8,25,89
158,13,3.41772,8,26,90
159,13,3.39623,8,26,90
160,13,3.375,8,26,90
161,13,3.35404,7,0,90
162,13,3.37037,7,1,91
163,13,3.3865,7,2,92
164,13,3.40244,7,3,93
165,13,3.38182,7,3,93
166,13,3.39759,7,4,94
167,13,3.37725,7,4,94
168,14,3.39286,7,5,95
169,14,3.37278,7,5,95
170,14,3.35294,7,5,95
171,14,3.33333,7,5,95
172,14,3.34884,7,6,96
173,14,3.36416,7,7,97
174,14,3.34483,7,7,97
175,14,3.32571,7,7,97
176,14,3.30682,7,7,97
177,14,3.28814,7,7,97
178,14,3.26966,7,7,97
179,14,3.2514,7,7,97
180,14,3.23333,7,7,97
181,14,3.28177,7,9,99
182,14,3.2967,7,10,100
183,14,3.34426,7,12,102
184,14,3.32609,7,12,102
185,14,3.34054,7,13,103
186,14,3.32258,7,13,103
187,14,3.30481,7,13,103
188,14,3.28723,7,13,103
189,14,3.30159,7,14,104
190,14,3.34737,7,16,106
191,14,3.32984,7,16,106
192,14,3.3125,7,16,106
193,14,3.32642,7,17,107
194,14,3.30928,7,17,107
195,14,3.41538,7,21,111
196,14,3.42857,7,22,112
197,14,3.44162,7,23,113
198,14,3.45455,7,24,114
199,14,3.46734,7,25,115
200,14,3.48,7,26,116
201,14,3.49254,7,27,117
202,14,3.50495,7,28,118
203,14,3.48768,7,28,118
204,14,3.5,7,29,119
205,14,3.48293,7,29,119
206,14,3.46602,7,29,119
207,14,3.47826,7,30,120
208,14,3.46154,7,30,120
209,14,3.47368,7,31,121
210,14,3.45714,7,31,121
211,14,3.44076,7,31,121
212,14,3.45283,7,32,122
213,14,3.43662,7,32,122
214,14,3.4486,7,33,123
215,14,3.46047,7,34,124
216,14,3.44444,7,34,124
217,14,3.45622,7,35,125
218,14,3.44037,7,35,125
219,14,3.45205,7,36,126
220,14,3.46364,7,37,127
221,14,3.44796,7,37,127
222,14,3.43243,7,37,127
223,14,3.52466,7,41,131
224,14,3.53571,7,42,132
225,14,3.68,7,48,138
226,15,3.69027,7,49,139
227,15,3.70044,7,50,140
228,16,3.71053,7,51,141
229,16,3.69432,7,51,141
230,16,3.70435,7,52,142
231,16,3.68831,7,52,142
232,16,3.67241,7,52,142
233,16,3.65665,7,52,142
234,16,3.74359,7,56,146
235,16,3.75319,7,57,147
236,16,3.76271,7,58,148
237,16,3.74684,7,58,148
238,16,3.83193,7,62,152
239,16,3.841,7,63,153
240,16,3.825,7,63,153
241,16,3.90871,7,67,157
242,16,3.91736,7,68,158
243,16,4.04938,7,74,164
244,16,4.13115,7,78,168
245,16,4.21224,7,82,172
246,16,4.21951,7,83,173
247,16,4.20243,7,83,173
248,16,4.18548,7,83,173
249,16,4.19277,7,84,174
250,16,4.176,7,84,174
251,16,4.15936,7,84,174
252,16,4.16667,7,85,175
253,16,4.17391,7,86,176
254,16,4.1811,7,87,177
255,16,4.18824,7,88,178
256,16,4.17188,7,88,178
257,16,4.15564,7,88,178
258,16,4.16279,7,89,179
259,16,4.28571,7,95,185
260,16,4.26923,7,95,185
261,16,4.25287,7,95,185
262,16,4.25954,7,96,186
263,16,4.3346,7,100,190
264,16,4.31818,7,100,190
265,16,4.39245,7,104,194
266,16,4.3985,7,105,195
267,20,4.47191,7,109,199
268,20,4.45522,7,109,199
269,20,4.46097,7,110,200
270,20,4.44444,7,110,200
271,20,4.42804,7,110,200
272,20,4.41176,6,0,200
273,20,4.41758,6,1,201
274,20,4.42336,6,2,202
275,20,4.45091,6,4,204
276,20,4.43478,5,0,204
277,20,4.41877,5,0,204
278,20,4.42446,5,1,205
279,20,4.4086,5,1,205
280,20,4.41429,5,2,206
281,20,4.39858,5,2,206
282,20,4.38298,5,2,206
283,20,4.4523,5,6,210
284,20,4.45775,5,7,211
285,20,4.46316,5,8,212
286,20,4.46853,5,9,213
287,21,4.47387,5,10,214
288,21,4.45833,4,0,214
289,21,4.46367,4,1,215
290,25,4.53103,4,5,219
291,25,4.53608,4,6,220
292,25,4.5411,4,7,221
293,25,4.54608,4,8,222
294,25,4.53061,4,8,222
295,26,4.53559,4,9,223
296,26,4.54054,4,10,224
297,26,4.60606,4,14,228
298,26,4.61074,4,15,229
299,26,4.61538,4,16,230
300,26,4.62,4,17,231
301,26,4.72425,4,23,237
302,26,4.70861,3,0,237
303,26,4.71287,3,1,238
304,26,4.69737,3,1,238
305,26,4.70164,3,2,239
306,26,4.70588,3,3,240
307,26,4.7101,3,4,241
308,26,4.71429,3,5,242
309,26,4.71845,3,6,243
310,26,4.70323,2,0,243
311,26,4.6881,2,0,243