1,0,0,10,0,0
2,0,0,10,0,0
3,0,0,10,0,0
4,0,0,10,0,0
5,0,0,10,0,0
6,0,0,10,0,0
7,0,0,10,0,0
8,0,1.5,10,2,2
9,1,2,10,3,3
10,1,1.8,10,3,3
11,1,1.63636,10,3,3
12,1,1.5,10,3,3
13,1,1.38462,10,3,3
14,1,1.71429,10,4,4
15,1,1.6,10,4,4
16,1,1.5,10,4,4
17,1,1.41176,10,4,4
18,1,1.66667,10,5,5
19,1,1.57895,10,5,5
20,1,1.8,10,6,6
21,1,1.71429,10,6,6
22,1,1.90909,10,7,7
23,1,2.08696,10,8,8
24,1,2.5,10,10,10
25,1,2.4,10,10,10
26,1,2.30769,10,10,10
27,1,3.11111,10,14,14
28,1,3.85714,10,18,18
29,1,3.93103,10,19,19
30,1,3.8,10,19,19
31,1,3.67742,10,19,19
32,1,4.125,10,22,22
33,1,4,10,22,22
34,1,3.88235,10,22,22
35,1,3.77143,10,22,22
36,1,3.66667,9,0,22
37,1,3.56757,9,0,22
38,1,3.47368,9,0,22
39,1,3.53846,9,1,23
40,1,3.45,9,1,23
41,1,3.36585,9,1,23
42,1,3.28571,9,1,23
43,1,3.76744,9,5,27
44,1,3.68182,9,5,27
45,1,4.13333,9,9,31
46,1,4.04348,9,9,31
47,1,3.95745,9,9,31
48,1,4.375,9,13,35
49,1,4.77551,9,17,39
50,1,4.68,9,17,39
51,1,4.58824,9,17,39
52,1,4.5,9,17,39
53,1,4.41509,9,17,39
54,1,4.33333,9,17,39
55,1,4.25455,9,17,39
56,1,4.17857,9,17,39
57,1,4.10526,9,17,39
58,1,4.03448,9,17,39
59,1,3.9661,9,17,39
60,1,3.9,9,17,39
61,1,3.83607,9,17,39
62,1,3.77419,9,17,39
63,1,3.71429,9,17,39
64,1,3.65625,9,17,39
65,1,3.6,9,17,39
66,1,3.90909,9,21,43
67,1,4.20896,9,25,47
68,1,4.14706,9,25,47
69,1,4.43478,9,29,51
70,1,4.71429,9,33,55
71,1,4.64789,9,33,55
72,1,4.66667,9,34,56
73,1,4.60274,9,34,56
74,1,4.86486,9,38,60
75,1,4.88,9,39,61
76,1,4.81579,9,39,61
77,1,4.75325,9,39,61
78,1,4.69231,9,39,61
79,1,4.63291,9,39,61
80,1,4.575,9,39,61
81,1,4.59259,9,40,62
82,1,4.60976,9,41,63
83,1,4.62651,9,42,64
84,1,4.64286,9,43,65
85,1,4.65882,9,44,66
86,1,4.67442,9,45,67
87,1,4.68966,9,46,68
88,1,4.63636,9,46,68
89,1,4.58427,9,46,68
90,1,4.53333,9,46,68
91,1,4.48352,9,46,68
92,1,4.5,9,47,69
93,1,4.51613,9,48,70
94,1,4.46809,9,48,70
95,1,4.42105,9,48,70
96,1,4.375,9,48,70
97,1,4.39175,9,49,71
98,1,4.40816,9,50,72
99,1,4.42424,9,51,73
100,1,4.44,9,52,74
101,1,4.45545,9,53,75
102,1,4.47059,9,54,76
103,1,4.48544,9,55,77
104,1,4.5,9,56,78
105,1,4.51429,9,57,79
106,1,4.5283,9,58,80
107,1,4.54206,9,59,81
108,1,4.55556,9,60,82
109,1,4.51376,8,0,82
110,1,4.69091,8,4,86
111,1,4.64865,8,4,86
112,2,4.66071,8,5,87
113,2,4.67257,8,6,88
114,2,4.63158,8,6,88
115,2,4.64348,8,7,89
116,2,4.60345,8,7,89
117,2,4.5641,8,7,89
118,2,4.52542,8,7,89
119,2,4.68908,8,11,93
120,2,4.65,8,11,93
121,2,4.66116,8,12,94
122,2,4.62295,8,12,94
123,2,4.58537,8,12,94
124,2,4.54839,8,12,94
125,2,4.512,8,12,94
126,2,4.47619,8,12,94
127,2,4.48819,8,13,95
128,2,4.45312,8,13,95
129,2,4.46512,8,14,96
130,3,4.47692,8,15,97
131,3,4.48855,8,16,98
132,3,4.5,8,17,99
133,3,4.51128,8,18,100
134,3,4.65672,8,22,104
135,3,4.66667,8,23,105
136,3,4.63235,8,23,105
137,3,4.59854,8,23,105
138,3,4.6087,8,24,106
139,3,4.57554,8,24,106
140,3,4.54286,8,24,106
141,3,4.51064,8,24,106
142,4,4.52113,8,25,107
143,4,4.53147,8,26,108
144,4,4.5,8,26,108
145,4,4.51034,8,27,109
146,4,4.52055,8,28,110
147,4,4.53061,8,29,111
148,4,4.5,8,29,111
149,4,4.51007,8,30,112
150,4,4.48,8,30,112
151,4,4.49007,8,31,113
152,4,4.46053,8,31,113
153,4,4.43137,7,0,113
154,4,4.4026,7,0,113
155,4,4.37419,7,0,113
156,4,4.34615,7,0,113
157,4,4.35669,7,1,114
158,4,4.36709,7,2,115
159,4,4.33962,7,2,115
160,4,4.3875,7,4,117
161,4,4.50932,7,8,121
162,4,4.48148,7,8,121
163,4,4.52761,7,10,123
164,4,4.53659,7,11,124
165,4,4.54545,7,12,125
166,4,4.51807,7,12,125
167,4,4.52695,7,13,126
168,4,4.5,7,13,126
169,4,4.50888,7,14,127
170,4,4.48235,7,14,127
171,4,4.49123,7,15,128
172,4,4.46512,7,15,128
173,4,4.47399,7,16,129
174,4,4.58621,7,20,133
175,4,4.56,7,20,133
176,4,4.53409,7,20,133
177,4,4.50847,7,20,133
178,4,4.51685,7,21,134
179,4,4.49162,7,21,134
180,4,4.5,7,22,135
181,4,4.50829,7,23,136
182,4,4.48352,7,23,136
183,4,4.45902,7,23,136
184,4,4.43478,7,23,136
185,4,4.44324,7,24,137
186,4,4.45161,7,25,138
187,4,4.42781,7,25,138
188,4,4.43617,7,26,139
189,4,4.47619,7,28,141
190,4,4.45263,7,28,141
191,4,4.46073,7,29,142
192,4,4.46875,7,30,143
193,4,4.4456,7,30,143
194,4,4.42268,7,30,143
195,4,4.43077,7,31,144
196,4,4.40816,7,31,144
197,4,4.38579,7,31,144
198,4,4.42424,7,33,146
199,4,4.40201,6,0,146
200,4,4.41,6,1,147
201,4,4.38806,6,1,147
202,4,4.39604,6,2,148
203,4,4.40394,6,3,149
204,4,4.38235,6,3,149
205,4,4.36098,6,3,149
206,6,4.39806,6,5,151
207,6,4.37681,6,5,151
208,6,4.38462,6,6,152
209,6,4.47847,6,10,156
210,6,4.48571,6,11,157
211,6,4.49289,6,12,158
212,6,4.5,6,13,159
213,6,4.50704,6,14,160
214,7,4.51402,6,15,161
215,7,4.60465,6,19,165
216,7,4.58333,6,19,165
217,7,4.56221,6,19,165
218,7,4.54128,6,19,165
219,7,4.52055,6,19,165
220,7,4.52727,6,20,166
221,7,4.53394,6,21,167
222,7,4.56757,6,23,169
223,7,4.57399,6,24,170
224,7,4.58036,6,25,171
225,7,4.56,6,25,171
226,7,4.53982,6,25,171
227,7,4.51982,6,25,171
228,7,4.60526,6,29,175
229,7,4.58515,6,29,175
230,7,4.66957,6,33,179
231,7,4.75325,6,37,183
232,7,4.75862,6,38,184
233,7,4.7382,6,38,184
234,7,4.71795,6,38,184
235,7,4.69787,6,38,184
236,7,4.67797,6,38,184
237,7,4.65823,6,38,184
238,7,4.63866,6,38,184
239,7,4.64435,6,39,185
240,7,4.65,6,40,186
241,7,4.6556,6,41,187
242,7,4.73554,6,45,191
243,7,4.74074,6,46,192
244,7,4.7459,6,47,193
245,7,4.75102,6,48,194
246,7,4.73171,6,48,194
247,7,4.71255,6,48,194
248,7,4.69355,6,48,194
249,7,4.6988,6,49,195
250,7,4.824,6,55,201
251,7,4.80478,6,55,201
252,7,4.78571,6,55,201
253,7,4.79051,6,56,202
254,7,4.79528,6,57,203
255,7,4.8,6,58,204
256,7,4.80469,6,59,205
257,7,4.80934,6,60,206
258,7,4.7907,6,60,206
259,7,4.79537,6,61,207
260,7,4.77692,5,0,207
261,7,4.78161,5,1,208
262,7,4.78626,5,2,209
263,7,4.90494,5,8,215
264,7,4.90909,5,9,216
265,7,4.98113,5,13,220
266,7,4.96241,5,13,220
267,7,4.96629,5,14,221
268,7,4.97015,5,15,222
269,7,4.95167,5,15,222
270,7,4.95556,5,16,223
271,7,4.95941,5,17,224
272,7,4.96324,5,18,225
273,7,4.94505,5,18,225
274,7,4.92701,5,18,225
275,7,4.93091,5,19,226
276,7,4.93478,5,20,227
277,7,4.91697,5,20,227
278,7,4.89928,5,20,227
279,7,4.90323,5,21,228
280,7,4.88571,5,21,228
281,7,4.88968,5,22,229
282,7,4.87234,4,0,229
283,7,4.87633,4,1,230
284,7,4.88028,4,2,231
285,7,4.86316,4,2,231
286,7,4.93007,4,6,235
287,7,4.9338,4,7,236
288,7,4.91667,4,7,236
289,7,4.89965,4,7,236
290,8,4.90345,4,8,237
291,8,4.8866,4,8,237
292,8,4.89041,4,9,238
293,8,4.87372,4,9,238
294,8,4.87755,4,10,239
295,8,4.86102,4,10,239
296,8,4.84459,4,10,239
297,8,4.84848,4,11,240
298,8,4.87248,4,13,242
299,8,4.87625,4,14,243
300,8,4.88,4,15,244
301,8,4.86379,3,0,244
302,8,4.86755,3,1,245
303,8,4.89109,3,3,247