1,0,0,10,0,0
2,0,0,10,0,0
3,0,0,10,0,0
4,0,0,10,0,0
5,0,0,9,0,0
6,0,0,9,0,0
7,0,0,9,0,0
8,0,0,9,0,0
9,3,2,9,3,3
10,3,1.8,9,3,3
11,3,1.63636,9,3,3
12,3,3.5,9,7,7
13,3,5.07692,9,11,11
14,3,4.71429,9,11,11
15,3,4.4,9,11,11
16,3,4.5,9,12,12
17,3,4.58824,9,13,13
18,4,4.66667,9,14,14
19,4,4.42105,9,14,14
20,4,4.2,9,14,14
21,4,5.14286,9,18,18
22,4,5.18182,9,19,19
23,4,5.21739,9,20,20
24,4,5,9,20,20
25,4,4.8,9,20,20
26,4,4.61538,9,20,20
27,4,4.66667,9,21,21
28,4,4.71429,9,22,22
29,4,5.37931,9,26,26
30,4,5.2,9,26,26
31,4,5.22581,9,27,27
32,4,5.0625,9,27,27
33,4,5.27273,9,29,29
34,4,5.11765,9,29,29
35,4,5.14286,9,30,30
36,4,5.66667,9,34,34
37,4,5.51351,9,34,34
38,4,6,9,38,38
39,4,5.84615,9,38,38
40,4,5.7,9,38,38
41,4,5.70732,9,39,39
42,4,5.71429,9,40,40
43,4,5.5814,9,40,40
44,4,5.45455,9,40,40
45,4,5.6,9,42,42
46,4,5.73913,9,44,44
47,4,5.61702,9,44,44
48,4,6,9,48,48
49,4,6,9,49,49
50,4,5.88,9,49,49
51,4,5.76471,9,49,49
52,4,5.65385,9,49,49
53,4,5.54717,9,49,49
54,4,5.55556,9,50,50
55,4,5.45455,9,50,50
56,4,5.57143,9,52,52
57,4,5.47368,9,52,52
58,4,5.37931,8,0,52
59,4,5.28814,8,0,52
60,4,5.2,8,0,52
61,4,5.11475,8,0,52
62,4,5.03226,8,0,52
63,4,5.04762,8,1,53
64,4,4.96875,8,1,53
65,4,4.89231,8,1,53
66,4,4.81818,8,1,53
67,4,4.74627,8,1,53
68,5,4.76471,8,2,54
69,5,4.69565,8,2,54
70,5,4.62857,8,2,54
71,5,4.56338,8,2,54
72,5,4.5,8,2,54
73,5,4.52055,8,3,55
74,5,4.62162,8,5,57
75,5,4.56,8,5,57
76,5,4.57895,8,6,58
77,5,4.51948,8,6,58
78,5,4.61538,8,8,60
79,5,4.55696,7,0,60
80,5,4.5,7,0,60
81,5,4.44444,7,0,60
82,5,4.39024,7,0,60
83,5,4.33735,7,0,60
84,5,4.35714,7,1,61
85,5,4.30588,7,1,61
86,5,4.25581,7,1,61
87,5,4.2069,7,1,61
88,5,4.15909,7,1,61
89,5,4.11236,7,1,61
90,5,4.13333,7,2,62
91,5,4.08791,7,2,62
92,5,4.04348,7,2,62
93,5,4.25806,7,6,66
94,5,4.2766,7,7,67
95,5,4.23158,7,7,67
96,5,4.1875,7,7,67
97,5,4.14433,7,7,67
98,5,4.34694,7,11,71
99,5,4.30303,7,11,71
100,6,4.32,7,12,72
101,7,4.33663,7,13,73
102,7,4.35294,7,14,74
103,8,4.48544,7,17,77
104,8,4.5,7,18,78
105,8,4.45714,7,18,78
106,8,4.5283,7,20,80
107,8,4.48598,7,20,80
108,8,4.44444,7,20,80
109,8,4.45872,7,21,81
110,8,4.41818,7,21,81
111,8,4.37838,7,21,81
112,8,4.39286,7,22,82
113,8,4.40708,7,23,83
114,8,4.57895,7,27,87
115,8,4.85217,7,33,93
116,8,4.81034,7,33,93
117,8,4.82051,7,34,94
118,8,4.77966,7,34,94
119,8,4.7395,7,34,94
120,8,4.7,7,34,94
121,8,4.71074,7,35,95
122,8,4.72131,7,36,96
123,8,4.73171,7,37,97
124,8,4.69355,7,37,97
125,8,4.656,7,37,97
126,8,4.61905,7,37,97
127,8,4.58268,7,37,97
128,8,4.54688,7,37,97
129,8,4.55814,7,38,98
130,8,4.66154,7,41,101
131,8,4.62595,7,41,101
132,8,4.59091,7,41,101
133,8,4.64662,7,43,103
134,8,4.61194,7,43,103
135,8,4.57778,7,43,103
136,8,4.54412,7,43,103
137,8,4.51095,7,43,103
138,8,4.52174,7,44,104
139,8,4.48921,7,44,104
140,8,4.5,7,45,105
141,8,4.51064,7,46,106
142,8,4.47887,7,46,106
143,8,4.44755,7,46,106
144,8,4.41667,7,46,106
145,8,4.42759,7,47,107
146,8,4.47945,7,49,109
147,8,4.44898,6,0,109
148,8,4.5,6,2,111
149,8,4.4698,6,2,111
150,8,4.48,6,3,112
151,8,4.45033,6,3,112
152,8,4.42105,6,3,112
153,8,4.39216,6,3,112
154,8,4.4026,6,4,113
155,8,4.4129,6,5,114
156,8,4.42308,6,6,115
157,8,4.3949,6,6,115
158,8,4.36709,6,6,115
159,8,4.37736,6,7,116
160,8,4.425,6,9,118
161,8,4.43478,6,10,119
162,8,4.44444,6,11,120
163,8,4.4908,6,13,122
164,8,4.46341,6,13,122
165,8,4.43636,6,13,122
166,8,4.40964,6,13,122
167,8,4.41916,6,14,123
168,8,4.39286,6,14,123
169,8,4.40237,6,15,124
170,8,4.41176,6,16,125
171,8,4.42105,6,17,126
172,8,4.43023,6,18,127
173,8,4.40462,6,18,127
174,8,4.41379,6,19,128
175,8,4.38857,6,19,128
176,8,4.36364,6,19,128
177,8,4.37288,6,20,129
178,8,4.38202,6,21,130
179,8,4.39106,6,22,131
180,8,4.5,6,26,135
181,8,4.47514,6,26,135
182,8,4.48352,6,27,136
183,8,4.45902,6,27,136
184,8,4.5,6,29,138
185,8,4.47568,6,29,138
186,8,4.48387,6,30,139
187,8,4.49198,6,31,140
188,8,4.5,6,32,141
189,8,4.60317,6,36,145
190,8,4.57895,6,36,145
191,8,4.58639,6,37,146
192,8,4.6875,6,41,150
193,8,4.6943,6,42,151
194,8,4.70103,6,43,152
195,8,4.70769,6,44,153
196,8,4.68367,6,44,153
197,8,4.6599,6,44,153
198,8,4.75758,6,48,157
199,8,4.73367,6,48,157
200,8,4.74,6,49,158
201,8,4.71642,6,49,158
202,8,4.72277,6,50,159
203,8,4.72906,6,51,160
204,8,4.76471,6,53,162
205,8,4.74146,6,53,162
206,8,4.74757,6,54,163
207,8,4.86957,6,59,168
208,8,4.84615,6,59,168
209,8,4.85167,6,60,169
210,8,4.82857,6,60,169
211,9,4.83412,6,61,170
212,9,4.83962,6,62,171
213,9,4.8169,6,62,171
214,9,4.79439,6,62,171
215,9,4.8,6,63,172
216,9,4.77778,6,63,172
217,9,4.75576,6,63,172
218,9,4.73394,6,63,172
219,9,4.71233,6,63,172
220,9,4.71818,6,64,173
221,9,4.72398,6,65,174
222,9,4.72973,6,66,175
223,9,4.73543,6,67,176
224,9,4.71429,6,67,176
225,9,4.8,6,71,180
226,9,4.83186,6,73,182
227,9,4.96916,6,79,188
228,9,4.97368,6,80,189
229,9,4.97817,6,81,190
230,9,5.0087,6,83,192
231,9,5.01299,6,84,193
232,9,5.01724,6,85,194
233,9,5.04721,6,87,196
234,9,5.12821,6,91,200
235,9,5.10638,6,91,200
236,9,5.11017,6,92,201
237,9,5.08861,6,92,201
238,9,5.16807,6,96,205
239,9,5.29707,6,102,211
240,9,5.35,6,105,214
241,9,5.42739,6,109,218
242,9,5.40496,6,109,218
243,10,5.40741,6,110,219
244,10,5.43443,6,112,221
245,10,5.5102,6,116,225
246,10,5.53659,6,118,227
247,10,5.53846,6,119,228
248,10,5.51613,6,119,228
249,10,5.51807,6,120,229
250,10,5.52,6,121,230
251,10,5.52191,6,122,231
252,10,5.54762,6,124,233
253,10,5.62055,6,128,237
254,10,5.69291,6,132,241
255,10,5.67059,6,132,241
256,10,5.69531,6,134,243
257,10,5.76654,6,138,247
258,10,5.83721,6,142,251
259,10,5.81467,6,142,251
260,10,5.88462,6,146,255
