1,0,0,10,0,0
2,0,0,10,0,0
3,0,2,10,1,1
4,0,1.5,10,1,1
5,0,1.2,10,1,1
6,0,2,10,2,2
7,0,1.71429,10,2,2
8,0,1.5,10,2,2
9,0,4,10,6,6
10,0,3.6,10,6,6
11,0,6,10,11,11
12,0,5.5,10,11,11
13,0,5.07692,10,11,11
14,0,4.71429,10,11,11
15,0,6,10,15,15
16,0,6,10,16,16
17,0,5.64706,10,16,16
18,0,5.33333,10,16,16
19,0,5.05263,10,16,16
20,0,4.8,10,16,16
21,0,4.57143,10,16,16
22,0,4.36364,10,16,16
23,0,4.17391,10,16,16
24,0,4,10,16,16
25,0,4.08,10,17,17
26,0,4.84615,10,21,21
27,0,4.66667,10,21,21
28,0,4.5,10,21,21
29,0,4.34483,10,21,21
30,0,4.2,10,21,21
31,0,4.83871,10,25,25
32,0,4.6875,10,25,25
33,0,4.54545,10,25,25
34,0,5.11765,10,29,29
35,0,4.97143,10,29,29
36,0,5.5,10,33,33
37,0,5.35135,10,33,33
38,0,5.21053,10,33,33
39,0,5.07692,10,33,33
40,0,4.95,10,33,33
41,0,5.41463,10,37,37
42,0,5.28571,10,37,37
43,0,5.16279,10,37,37
44,0,5.04545,10,37,37
45,0,4.93333,10,37,37
46,0,4.82609,10,37,37
47,0,4.7234,10,37,37
48,0,4.625,10,37,37
49,0,4.53061,10,37,37
50,0,4.44,10,37,37
51,0,4.58824,10,39,39
52,0,4.5,10,39,39
53,0,4.86792,10,43,43
54,0,5.22222,10,47,47
55,0,5.12727,10,47,47
56,1,5.14286,10,48,48
57,1,5.05263,10,48,48
58,2,5.06897,10,49,49
59,2,5.38983,10,53,53
60,2,5.4,10,54,54
61,2,5.31148,10,54,54
62,2,5.22581,10,54,54
63,2,5.2381,10,55,55
64,2,5.15625,10,55,55
65,2,5.16923,10,56,56
66,2,5.18182,10,57,57
67,2,5.19403,10,58,58
68,2,5.11765,10,58,58
69,2,5.13043,10,59,59
70,2,5.14286,10,60,60
71,2,5.15493,10,61,61
72,2,5.08333,10,61,61
73,2,5.0137,10,61,61
74,2,4.94595,10,61,61
75,2,4.88,10,61,61
76,2,4.81579,10,61,61
77,2,4.75325,10,61,61
78,2,4.84615,10,63,63
79,2,4.78481,10,63,63
80,2,4.8,10,64,64
81,2,5.18519,10,70,70
82,2,5.12195,10,70,70
83,2,5.06024,10,70,70
84,2,5,10,70,70
85,2,4.94118,10,70,70
86,2,4.88372,10,70,70
87,2,4.89655,10,71,71
88,2,4.84091,10,71,71
89,2,4.85393,10,72,72
90,2,4.86667,10,73,73
91,2,4.87912,10,74,74
92,2,4.82609,10,74,74
93,2,4.77419,10,74,74
94,2,4.78723,10,75,75
95,2,4.8,10,76,76
96,2,5,10,80,80
97,2,5.07216,10,82,82
98,2,5.02041,10,82,82
99,3,5.0303,10,83,83
100,3,5.1,10,85,85
101,3,5.0495,10,85,85
102,3,5.23529,10,89,89
103,3,5.18447,10,89,89
104,3,5.19231,10,90,90
105,3,5.2,10,91,91
106,3,5.20755,10,92,92
107,3,5.38318,10,96,96
108,3,5.38889,10,97,97
109,3,5.33945,10,97,97
110,3,5.29091,10,97,97
111,3,5.24324,10,97,97
112,3,5.41071,10,101,101
113,3,5.36283,10,101,101
114,3,5.52632,10,105,105
115,3,5.47826,10,105,105
116,3,5.43103,10,105,105
117,3,5.38462,10,105,105
118,3,5.38983,10,106,106
119,3,5.34454,10,106,106
120,3,5.5,10,110,110
121,3,5.50413,10,111,111
122,3,5.45902,10,111,111
123,3,5.46341,10,112,112
124,3,5.41935,10,112,112
125,3,5.376,10,112,112
126,3,5.42857,10,114,114
127,3,5.5748,10,118,118
128,3,5.57812,10,119,119
129,3,5.53488,10,119,119
130,3,5.53846,10,120,120
131,3,5.54198,10,121,121
132,3,5.5,10,121,121
133,3,5.50376,10,122,122
134,3,5.50746,10,123,123
135,3,5.51111,10,124,124
136,3,5.47059,10,124,124
137,3,5.43066,10,124,124
138,3,5.43478,10,125,125
139,3,5.43885,10,126,126
140,3,5.44286,10,127,127
141,3,5.40426,10,127,127
142,3,5.40845,10,128,128
143,3,5.37063,10,128,128
144,3,5.58333,10,134,134
145,3,5.54483,10,134,134
146,3,5.67123,10,138,138
147,3,5.63265,10,138,138
148,3,5.63514,10,139,139
149,3,5.59732,10,139,139
150,3,5.56,10,139,139
151,4,5.60265,10,141,141
152,4,5.60526,10,142,142
153,5,5.68627,10,145,145
154,5,5.64935,10,145,145
155,5,5.6129,10,145,145
156,5,5.57692,10,145,145
157,5,5.57962,10,146,146
158,5,5.5443,10,146,146
159,5,5.54717,10,147,147
160,5,5.55,10,148,148
161,5,5.51553,10,148,148
162,5,5.51852,10,149,149
163,5,5.52147,10,150,150
164,5,5.4878,10,150,150
165,5,5.6,10,154,154
166,5,5.63855,10,156,156
167,5,5.64072,10,157,157
168,5,5.60714,10,157,157
169,5,5.60947,10,158,158
170,5,5.57647,10,158,158
171,5,5.54386,9,0,158
172,5,5.54651,9,1,159
173,5,5.51445,9,1,159
174,6,5.51724,9,2,160
175,6,5.48571,9,2,160
176,6,5.45455,9,2,160
177,6,5.42373,9,2,160
178,6,5.42697,9,3,161
179,6,5.43017,9,4,162
180,6,5.4,9,4,162
181,6,5.37017,9,4,162
182,6,5.34066,9,4,162
183,6,5.44262,9,8,166
184,7,5.44565,9,9,167
185,7,5.41622,9,9,167
186,7,5.3871,9,9,167
187,7,5.35829,9,9,167
188,7,5.32979,9,9,167
189,7,5.30159,9,9,167
190,7,5.30526,9,10,168
191,7,5.3089,9,11,169
192,7,5.3125,9,12,170
193,7,5.31606,9,13,171
194,8,5.31959,9,14,172
195,8,5.29231,8,0,172
196,8,5.26531,8,0,172
197,8,5.23858,8,0,172
198,8,5.21212,8,0,172
199,8,5.18593,8,0,172
200,8,5.16,8,0,172
201,8,5.16418,8,1,173
202,8,5.13861,8,1,173
203,8,5.14286,8,2,174
204,8,5.11765,8,2,174
205,8,5.09268,8,2,174
206,8,5.18447,8,6,178
207,8,5.15942,8,6,178
208,8,5.16346,8,7,179
209,8,5.13876,8,7,179
210,8,5.14286,8,8,180
211,8,5.23223,8,12,184
212,8,5.23585,8,13,185
213,8,5.21127,8,13,185
214,8,5.18692,8,13,185
215,8,5.1907,8,14,186
216,8,5.19444,8,15,187
217,8,5.19816,8,16,188
218,8,5.17431,8,16,188
219,8,5.15068,8,16,188
220,8,5.12727,8,16,188
221,8,5.13122,8,17,189
222,8,5.10811,8,17,189
223,8,5.0852,8,17,189
224,8,5.0625,8,17,189
225,8,5.06667,8,18,190
226,8,5.0708,8,19,191
227,8,5.04846,8,19,191
228,8,5.05263,8,20,192
229,8,5.05677,8,21,193
230,8,5.06087,8,22,194
231,8,5.06494,8,23,195
232,8,5.14655,8,27,199
233,8,5.12446,8,27,199
234,8,5.20513,8,31,203
235,8,5.20851,8,32,204
236,8,5.18644,8,32,204
237,8,5.26582,8,36,208
238,8,5.2437,8,36,208
239,8,5.27197,8,38,210
240,8,5.4,8,44,216
241,8,5.40249,8,45,217
242,8,5.38017,8,45,217
243,8,5.38272,8,46,218
244,8,5.45902,8,50,222
245,8,5.53469,8,54,226
246,8,5.5122,8,54,226
247,8,5.63563,8,60,232
248,8,5.6129,8,60,232
249,8,5.61446,8,61,233
250,8,5.592,8,61,233
251,8,5.59363,8,62,234
252,8,5.59524,8,63,235
253,8,5.59684,8,64,236
254,8,5.5748,8,64,236
255,8,5.69412,8,70,242
256,8,5.76562,8,74,246
257,8,5.76654,8,75,247
258,8,5.76744,8,76,248
259,8,5.74517,8,76,248
260,8,5.72308,7,0,248
261,8,5.70115,7,0,248
262,8,5.70229,7,1,249
263,8,5.70342,7,2,250
264,8,5.68182,7,2,250
265,8,5.68302,7,3,251
266,8,5.66165,7,3,251
267,8,5.64045,7,3,251
268,8,5.64179,7,4,252
269,8,5.64312,7,5,253
270,8,5.66667,7,7,255
271,8,5.64576,6,0,255
272,8,5.625,6,0,255
273,9,5.62637,6,1,256
274,10,5.62774,6,2,257
275,10,5.62909,6,3,258
276,10,5.63043,6,4,259
277,10,5.61011,6,4,259
278,10,5.61151,6,5,260
279,10,5.6129,6,6,261
280,10,5.59286,6,6,261
281,10,5.65836,6,10,265
282,10,5.6383,6,10,265
283,10,5.63958,6,11,266
284,10,5.61972,6,11,266
285,10,5.6,6,11,266
286,10,5.58042,6,11,266
287,10,5.6446,6,15,270
288,10,5.66667,6,17,272
289,10,5.66782,6,18,273
290,10,5.77241,6,24,279
291,10,5.75258,6,24,279
292,10,5.73288,6,24,279
293,10,5.75427,6,26,281
294,11,5.7551,6,27,282
295,11,5.75593,6,28,283
296,11,5.75676,6,29,284
297,12,5.75758,6,30,285
298,12,5.75839,6,31,286
299,12,5.73913,6,31,286
300,12,5.74,6,32,287
301,12,5.80066,6,36,291
302,12,5.80132,6,37,292
303,12,5.86139,6,41,296
304,12,5.92105,6,45,300
305,12,5.92131,6,46,301
306,12,6.01961,6,52,307
307,12,6.01954,6,53,308
308,12,6.01948,6,54,309
309,12,6.07767,6,58,313
310,12,6.13548,6,62,317
311,12,6.23151,6,68,323
312,12,6.25,6,70,325