1,0,0,10,0,0
2,0,0,10,0,0
3,0,8,10,4,4
4,0,6,10,4,4
5,0,4.8,10,4,4
6,0,4,10,4,4
7,0,3.42857,10,4,4
8,0,3.75,10,5,5
9,0,3.33333,10,5,5
10,0,3,10,5,5
11,0,2.72727,10,5,5
12,0,2.5,10,5,5
13,0,2.30769,10,5,5
14,0,2.14286,10,5,5
15,0,2,10,5,5
16,0,1.875,10,5,5
17,0,1.76471,10,5,5
18,0,1.66667,10,5,5
19,0,1.57895,10,5,5
20,0,1.8,10,6,6
21,0,1.71429,10,6,6
22,1,1.90909,10,7,7
23,1,2.86957,10,11,11
24,2,3,10,12,12
25,2,2.88,10,12,12
26,2,2.76923,10,12,12
27,2,3.55556,10,16,16
28,2,3.42857,10,16,16
29,2,3.31034,10,16,16
30,2,3.2,10,16,16
31,2,3.09677,10,16,16
32,2,3,10,16,16
33,2,3.63636,10,20,20
34,2,3.52941,10,20,20
35,2,3.42857,10,20,20
36,2,3.33333,10,20,20
37,2,3.89189,10,24,24
38,2,3.78947,10,24,24
39,2,4.30769,10,28,28
40,2,4.2,10,28,28
41,2,4.39024,10,30,30
42,2,4.28571,10,30,30
43,2,4.18605,10,30,30
44,2,4.09091,10,30,30
45,2,4,10,30,30
46,2,3.91304,10,30,30
47,2,4.34043,10,34,34
48,2,4.25,10,34,34
49,2,4.16327,10,34,34
50,2,4.08,10,34,34
51,2,4,10,34,34
52,2,4.38462,10,38,38
53,2,4.30189,10,38,38
54,2,4.22222,10,38,38
55,2,4.58182,10,42,42
56,2,4.5,10,42,42
57,2,4.42105,10,42,42
58,2,4.34483,10,42,42
59,2,4.27119,10,42,42
60,2,4.2,10,42,42
61,2,4.13115,10,42,42
62,2,4.06452,10,42,42
63,2,4.09524,10,43,43
64,2,4.40625,10,47,47
65,2,4.33846,10,47,47
66,6,4.63636,10,51,51
67,7,4.65672,10,52,52
68,7,4.67647,10,53,53
69,7,4.6087,10,53,53
70,7,4.54286,10,53,53
71,7,4.47887,10,53,53
72,7,4.41667,10,53,53
73,7,4.35616,9,0,53
74,7,4.2973,9,0,53
75,7,4.24,9,0,53
76,7,4.18421,9,0,53
77,7,4.12987,9,0,53
78,7,4.23077,9,2,55
79,8,4.25316,9,3,56
80,8,4.2,9,3,56
81,8,4.14815,9,3,56
82,8,4.09756,9,3,56
83,8,4.04819,9,3,56
84,8,4,9,3,56
85,8,3.95294,9,3,56
86,8,3.90698,9,3,56
87,8,3.86207,9,3,56
88,8,3.81818,9,3,56
89,8,3.8427,9,4,57
90,8,3.8,9,4,57
91,8,3.82418,9,5,58
92,8,3.78261,9,5,58
93,8,3.74194,9,5,58
94,8,3.76596,9,6,59
95,8,3.72632,9,6,59
96,8,3.6875,9,6,59
97,8,3.89691,9,10,63
98,8,3.85714,9,10,63
99,8,3.81818,9,10,63
100,8,3.78,9,10,63
101,8,3.74257,9,10,63
102,8,3.70588,9,10,63
103,8,3.6699,9,10,63
104,8,3.63462,9,10,63
105,8,3.65714,9,11,64
106,8,3.62264,9,11,64
107,8,3.58879,9,11,64
108,8,3.55556,9,11,64
109,8,3.52294,9,11,64
110,8,3.49091,9,11,64
111,8,3.45946,8,0,64
112,8,3.53571,8,2,66
113,8,3.71681,8,6,70
114,8,3.68421,8,6,70
115,9,3.70435,8,7,71
116,9,3.67241,8,7,71
117,9,3.64103,8,7,71
118,9,3.61017,8,7,71
119,9,3.57983,8,7,71
120,9,3.6,8,8,72
121,9,3.57025,8,8,72
122,9,3.54098,8,8,72
123,9,3.60976,8,10,74
124,9,3.58065,8,10,74
125,9,3.552,8,10,74
126,9,3.52381,8,10,74
127,9,3.49606,8,10,74
128,10,3.51562,8,11,75
129,10,3.48837,8,11,75
130,11,3.50769,8,12,76
131,12,3.52672,8,13,77
132,12,3.5,8,13,77
133,12,3.47368,8,13,77
134,12,3.44776,8,13,77
135,12,3.46667,8,14,78
136,12,3.48529,8,15,79
137,12,3.45985,8,15,79
138,12,3.6087,8,19,83
139,12,3.58273,8,19,83
140,12,3.55714,8,19,83
141,12,3.70213,8,23,87
142,12,3.76056,8,25,89
143,12,3.77622,8,26,90
144,12,3.79167,8,27,91
145,12,3.8069,8,28,92
146,12,3.78082,8,28,92
147,12,3.7551,8,28,92
148,12,3.72973,8,28,92
149,12,3.7047,8,28,92
150,12,3.68,8,28,92
151,12,3.69536,8,29,93
152,12,3.67105,8,29,93
153,12,3.64706,8,29,93
154,12,3.62338,8,29,93
155,12,3.6,8,29,93
156,12,3.57692,8,29,93
157,12,3.70701,8,33,97
158,12,3.72152,8,34,98
159,12,3.84906,8,38,102
160,12,3.825,8,38,102
161,12,3.80124,8,38,102
162,12,3.77778,8,38,102
163,12,3.7546,8,38,102
164,12,3.73171,8,38,102
165,12,3.70909,8,38,102
166,12,3.72289,8,39,103
167,12,3.7006,8,39,103
168,12,3.71429,8,40,104
169,12,3.72781,8,41,105
170,12,3.77647,8,43,107
171,12,3.78947,8,44,108
172,12,3.80233,8,45,109
173,12,3.78035,8,45,109
174,12,3.7931,8,46,110
175,12,3.77143,8,46,110
176,12,3.75,8,46,110
177,12,3.76271,8,47,111
178,12,3.74157,8,47,111
179,12,3.75419,8,48,112
180,12,3.86667,8,52,116
181,12,3.87845,8,53,117
182,12,3.85714,8,53,117
183,12,3.86885,8,54,118
184,12,3.84783,8,54,118
185,12,3.82703,8,54,118
186,12,3.87097,8,56,120
187,12,3.91444,8,58,122
188,12,3.89362,8,58,122
189,12,3.87302,8,58,122
190,12,3.85263,8,58,122
191,12,3.83246,8,58,122
192,12,3.8125,8,58,122
193,12,3.79275,8,58,122
194,12,3.80412,8,59,123
195,12,3.81538,8,60,124
196,12,3.79592,8,60,124
197,12,3.77665,8,60,124
198,12,3.78788,8,61,125
199,12,3.76884,8,61,125
200,12,3.78,8,62,126
201,12,3.76119,8,62,126
202,12,3.74257,8,62,126
203,12,3.75369,8,63,127
204,12,3.91176,8,69,133
205,13,3.92195,8,70,134
206,13,3.93204,8,71,135
207,13,3.91304,8,71,135
208,13,3.92308,8,72,136
209,13,3.93301,8,73,137
210,13,3.97143,8,75,139
211,13,3.98104,8,76,140
212,13,3.96226,8,76,140
213,13,3.94366,8,76,140
214,13,3.98131,8,78,142
215,13,3.96279,8,78,142
216,13,3.94444,8,78,142
217,13,3.92627,8,78,142
218,13,3.93578,8,79,143
219,13,3.91781,7,0,143
220,13,3.92727,7,1,144
221,13,3.93665,7,2,145
222,13,3.94595,7,3,146
223,13,3.92825,7,3,146
224,13,3.91071,7,3,146
225,13,3.89333,7,3,146
226,13,3.90265,7,4,147
227,13,3.99119,7,8,151
228,13,4,7,9,152
229,13,4.00873,7,10,153
230,13,4.01739,7,11,154
231,13,4.02597,7,12,155
232,13,4.00862,7,12,155
233,13,4.01717,7,13,156
234,13,4,7,13,156
235,13,4.03404,7,15,158
236,13,4.01695,7,15,158
237,13,4,7,15,158
238,13,4.0084,7,16,159
239,13,4.09205,7,20,163
240,13,4.1,7,21,164
241,13,4.10788,7,22,165
242,13,4.09091,7,22,165
243,13,4.07407,7,22,165
244,14,4.08197,7,23,166
245,14,4.06531,7,23,166
246,14,4.07317,7,24,167
247,14,4.05668,7,24,167
248,14,4.04032,7,24,167
249,14,4.04819,7,25,168
250,14,4.032,7,25,168
251,14,4.03984,7,26,169
252,14,4.04762,7,27,170
253,14,4.05534,7,28,171
254,14,4.06299,7,29,172
255,14,4.07059,7,30,173
256,14,4.05469,7,30,173
257,14,4.03891,7,30,173
258,14,4.04651,7,31,174
259,14,4.12355,7,35,178
260,14,4.13077,7,36,179
261,14,4.11494,7,36,179
262,14,4.12214,7,37,180
263,14,4.15209,7,39,182
264,15,4.15909,7,40,183
265,15,4.16604,7,41,184
266,15,4.17293,7,42,185
267,15,4.17978,7,43,186
268,15,4.18657,7,44,187
269,15,4.19331,7,45,188
270,15,4.26667,7,49,192
271,15,4.25092,7,49,192
272,15,4.36765,7,55,198
273,15,4.35165,7,55,198
274,15,4.33577,7,55,198
275,15,4.34182,7,56,199
276,15,4.34783,7,57,200
277,15,4.33213,7,57,200
278,15,4.33813,7,58,201
279,15,4.45161,7,64,207
280,15,4.43571,7,64,207
281,15,4.46263,7,66,209
282,15,4.57447,7,72,215
283,15,4.57951,7,73,216
284,15,4.58451,7,74,217
285,15,4.65263,7,78,221
286,15,4.63636,7,78,221
287,15,4.62021,7,78,221
288,15,4.60417,7,78,221
289,15,4.609,7,79,222
290,15,4.67586,7,83,226
291,15,4.68041,7,84,227
