1,0,0,10,0,0
2,0,0,10,0,0
3,0,0,10,0,0
4,0,0,10,0,0
5,0,0,10,0,0
6,0,0,10,0,0
7,0,0,10,0,0
8,0,0,10,0,0
9,0,0,10,0,0
10,0,0,10,0,0
11,0,0,10,0,0
12,0,0,10,0,0
13,0,0,10,0,0
14,0,0.428571,10,1,1
15,1,0.8,10,2,2
16,1,1.5,10,4,4
17,1,1.41176,10,4,4
18,1,1.33333,9,0,4
19,1,1.57895,9,1,5
20,1,1.5,9,1,5
21,1,1.42857,9,1,5
22,1,1.36364,9,1,5
23,1,1.30435,9,1,5
24,1,1.25,9,1,5
25,1,1.2,9,1,5
26,1,1.38462,9,2,6
27,2,1.55556,9,3,7
28,2,1.5,9,3,7
29,2,1.44828,9,3,7
30,2,1.4,9,3,7
31,2,2.12903,9,7,11
32,2,2.25,9,8,12
33,2,2.18182,9,8,12
34,2,2.11765,9,8,12
35,2,2.05714,9,8,12
36,2,2,9,8,12
37,2,1.94595,9,8,12
38,2,1.89474,9,8,12
39,2,1.84615,9,8,12
40,2,2.4,9,12,16
41,2,2.34146,9,12,16
42,2,2.85714,9,16,20
43,2,2.7907,9,16,20
44,2,2.72727,9,16,20
45,2,2.66667,9,16,20
46,2,2.6087,9,16,20
47,2,2.68085,9,17,21
48,2,2.625,9,17,21
49,2,2.57143,9,17,21
50,2,2.52,9,17,21
51,2,2.47059,9,17,21
52,2,2.42308,9,17,21
53,2,2.83019,9,21,25
54,2,2.77778,9,21,25
55,2,2.83636,9,22,26
56,2,2.78571,9,22,26
57,2,2.73684,9,22,26
58,2,2.68966,9,22,26
59,2,2.64407,9,22,26
60,2,2.6,9,22,26
61,2,2.55738,9,22,26
62,2,2.51613,9,22,26
63,2,2.66667,9,24,28
64,2,2.625,9,24,28
65,2,2.76923,9,26,30
66,2,2.81818,9,27,31
67,2,2.86567,9,28,32
68,2,2.91176,9,29,33
69,2,2.95652,9,30,34
70,2,3.08571,9,32,36
71,2,3.04225,9,32,36
72,2,3.08333,9,33,37
73,2,3.0411,9,33,37
74,2,3,9,33,37
75,2,2.96,9,33,37
76,2,2.92105,9,33,37
77,2,2.88312,9,33,37
78,2,2.92308,9,34,38
79,2,2.88608,9,34,38
80,2,2.85,9,34,38
81,2,2.88889,9,35,39
82,2,2.85366,9,35,39
83,2,3.03614,9,38,42
84,2,3,8,0,42
85,2,3.03529,8,1,43
86,2,3.13953,8,3,45
87,2,3.17241,8,4,46
88,2,3.20455,8,5,47
89,2,3.16854,8,5,47
90,2,3.4,8,9,51
91,2,3.36264,8,9,51
92,2,3.32609,8,9,51
93,2,3.35484,8,10,52
94,2,3.38298,8,11,53
95,2,3.41053,8,12,54
96,2,3.375,8,12,54
97,2,3.58763,8,16,58
98,2,3.61224,8,17,59
99,2,3.63636,8,18,60
100,2,3.72,8,20,62
101,2,3.86139,8,23,65
102,2,3.82353,8,23,65
103,2,3.84466,8,24,66
104,2,3.80769,8,24,66
105,2,3.77143,8,24,66
106,2,3.73585,8,24,66
107,2,3.75701,8,25,67
108,2,3.83333,8,27,69
109,2,3.85321,8,28,70
110,2,4.03636,8,32,74
111,2,4,8,32,74
112,2,4.01786,8,33,75
113,3,4.0354,8,34,76
114,3,4.05263,8,35,77
115,3,4.22609,8,39,81
116,3,4.18966,8,39,81
117,3,4.20513,8,40,82
118,3,4.22034,8,41,83
119,3,4.28571,8,43,85
120,3,4.3,8,44,86
121,3,4.41322,8,47,89
122,3,4.57377,8,51,93
123,3,4.58537,8,52,94
124,3,4.59677,8,53,95
125,3,4.56,8,53,95
126,3,4.57143,8,54,96
127,3,4.58268,8,55,97
128,3,4.59375,8,56,98
129,3,4.55814,8,56,98
130,3,4.56923,8,57,99
131,3,4.58015,8,58,100
132,3,4.54545,8,58,100
133,3,4.55639,8,59,101
134,3,4.52239,8,59,101
135,3,4.53333,8,60,102
136,3,4.5,8,60,102
137,3,4.46715,8,60,102
138,3,4.47826,8,61,103
139,3,4.48921,8,62,104
140,3,4.45714,8,62,104
141,3,4.46809,8,63,105
142,3,4.47887,8,64,106
143,3,4.44755,8,64,106
144,3,4.45833,8,65,107
145,3,4.51034,8,67,109
146,3,4.56164,8,69,111
147,3,4.57143,8,70,112
148,3,4.58108,8,71,113
149,3,4.5906,8,72,114
150,3,4.56,8,72,114
151,3,4.56954,8,73,115
152,3,4.53947,8,73,115
153,3,4.54902,8,74,116
154,3,4.55844,8,75,117
155,3,4.52903,8,75,117
156,3,4.53846,8,76,118
157,3,4.54777,8,77,119
158,3,4.55696,8,78,120
159,3,4.56604,8,79,121
160,3,4.575,8,80,122
161,3,4.58385,8,81,123
162,5,4.62963,8,83,125
163,5,4.74847,8,87,129
164,5,4.7561,8,88,130
165,5,4.76364,8,89,131
166,5,4.77108,8,90,132
167,5,4.77844,8,91,133
168,5,4.78571,8,92,134
169,5,4.7929,8,93,135
170,5,4.8,8,94,136
171,5,4.77193,8,94,136
172,5,4.74419,8,94,136
173,5,4.75145,8,95,137
174,5,4.86207,8,99,141
175,5,4.86857,8,100,142
176,5,4.875,8,101,143
177,5,4.84746,8,101,143
178,5,4.88764,8,103,145
179,5,4.92737,8,105,147
180,5,5.03333,8,109,151
181,5,5.03867,8,110,152
182,5,5.04396,8,111,153
183,5,5.04918,8,112,154
184,6,5.05435,8,113,155
185,7,5.05946,8,114,156
186,7,5.03226,8,114,156
187,7,5.13369,8,118,160
188,7,5.17021,8,120,162
189,7,5.1746,8,121,163
190,7,5.27368,8,125,167
191,7,5.24607,8,125,167
192,7,5.21875,8,125,167
193,7,5.2228,8,126,168
194,7,5.2268,8,127,169
195,7,5.2,8,127,169
196,7,5.20408,8,128,170
197,7,5.17766,8,128,170
198,7,5.18182,8,129,171
199,7,5.18593,8,130,172
200,7,5.28,8,134,176
201,7,5.28358,8,135,177
202,7,5.28713,8,136,178
203,7,5.29064,8,137,179
204,7,5.26471,8,137,179
205,8,5.26829,8,138,180
206,8,5.27184,8,139,181
207,8,5.30435,8,141,183
208,8,5.30769,8,142,184
209,8,5.2823,8,142,184
210,8,5.25714,8,142,184
211,8,5.26066,8,143,185
212,8,5.26415,8,144,186
213,8,5.26761,8,145,187
214,8,5.24299,8,145,187
215,8,5.2186,8,145,187
216,8,5.22222,8,146,188
217,8,5.19816,8,146,188
218,8,5.17431,8,146,188
219,8,5.15068,8,146,188
220,8,5.15455,8,147,189
221,8,5.15837,8,148,190
222,12,5.24324,8,152,194
223,13,5.24664,8,153,195
224,13,5.27679,8,155,197
225,14,5.28,8,156,198
226,14,5.25664,8,156,198
227,14,5.23348,8,156,198
228,14,5.23684,8,157,199
229,14,5.31878,8,161,203
230,14,5.32174,8,162,204
231,15,5.32468,8,163,205
232,15,5.40517,8,167,209
233,15,5.40773,8,168,210
234,15,5.48718,8,172,214
235,15,5.48936,8,173,215
236,15,5.4661,8,173,215
237,15,5.46835,8,174,216
238,15,5.54622,8,178,220
239,16,5.54812,8,179,221
240,16,5.525,8,179,221
241,16,5.65145,8,185,227
242,16,5.77686,8,191,233
243,16,5.77778,8,192,234
244,16,5.77869,8,193,235
245,16,5.85306,8,197,239
246,16,5.85366,8,198,240
247,16,5.82996,8,198,240
248,16,5.80645,8,198,240
249,16,5.78313,8,198,240
250,16,5.784,8,199,241
251,16,5.85657,8,203,245
252,16,5.97619,8,209,251
253,16,5.95257,8,209,251
254,16,5.95276,8,210,252
255,16,6.07059,8,216,258
256,16,6.04688,8,216,258
257,16,6.04669,8,217,259
258,16,6.11628,8,221,263
259,16,6.11583,8,222,264
260,16,6.11538,8,223,265
261,16,6.09195,8,223,265
262,16,6.0916,8,224,266
263,16,6.09125,8,225,267
264,17,6.09091,8,226,268
265,17,6.09057,8,227,269
266,17,6.09023,8,228,270
267,17,6.08989,8,229,271
268,18,6.08955,8,230,272
269,19,6.08922,8,231,273
270,19,6.08889,8,232,274
271,19,6.08856,8,233,275
272,19,6.06618,8,233,275
273,19,6.06593,8,234,276
274,19,6.06569,8,235,277
275,19,6.06545,8,236,278
276,20,6.06522,8,237,279
277,21,6.06498,8,238,280
278,21,6.04317,7,0,280
279,21,6.04301,7,1,281
280,21,6.04286,7,2,282
281,21,6.08541,7,5,285
282,21,6.08511,7,6,286
283,21,6.14841,7,10,290
284,21,6.12676,7,10,290
285,21,6.16842,7,13,293
286,21,6.16783,7,14,294
287,21,6.18815,7,16,296
288,21,6.16667,7,16,296
289,21,6.22837,7,20,300
290,21,6.22759,7,21,301
291,21,6.20619,7,21,301
292,21,6.18493,6,0,301
293,21,6.1843,6,1,302
294,21,6.18367,6,2,303
295,21,6.18305,6,3,304
296,21,6.24324,6,7,308
297,21,6.34343,6,13,314
298,21,6.32215,6,13,314
299,21,6.4214,6,19,320
300,21,6.48,6,23,324
301,21,6.45847,6,23,324
302,21,6.43709,6,23,324
303,21,6.43564,6,24,325
304,21,6.49342,6,28,329
305,21,6.4918,6,29,330
306,21,6.4902,6,30,331
307,21,6.4886,6,31,332
308,21,6.58442,6,37,338
309,21,6.58252,6,38,339
310,21,6.6,6,40,341
311,21,6.59807,6,41,342
312,21,6.57692,5,0,342
313,22,6.57508,5,1,343