1,0,0,10,0,0
2,0,0,10,0,0
3,0,0,10,0,0
4,0,0,10,0,0
5,0,0,10,0,0
6,0,0,10,0,0
7,0,0,10,0,0
8,0,0,10,0,0
9,0,0,10,0,0
10,0,0,10,0,0
11,0,0,10,0,0
12,0,0,10,0,0
13,0,0,10,0,0
14,0,0,10,0,0
15,0,0,10,0,0
16,0,0,9,0,0
17,0,0,9,0,0
18,0,0,9,0,0
19,0,0,9,0,0
20,0,0,9,0,0
21,0,1.14286,9,4,4
22,0,1.63636,9,6,6
23,0,1.56522,9,6,6
24,0,1.5,9,6,6
25,0,1.44,9,6,6
26,0,1.38462,9,6,6
27,0,1.33333,9,6,6
28,0,1.28571,9,6,6
29,0,1.86207,9,9,9
30,0,1.8,9,9,9
31,0,1.74194,9,9,9
32,0,1.875,9,10,10
33,0,1.81818,9,10,10
34,0,2.47059,9,14,14
35,0,2.4,9,14,14
36,0,2.33333,9,14,14
37,0,2.27027,9,14,14
38,0,2.21053,9,14,14
39,0,2.76923,9,18,18
40,0,2.7,9,18,18
41,0,2.63415,9,18,18
42,0,2.57143,9,18,18
43,0,2.51163,9,18,18
44,0,2.45455,9,18,18
45,0,2.4,9,18,18
46,0,2.34783,9,18,18
47,0,2.29787,9,18,18
48,0,2.25,9,18,18
49,0,2.20408,9,18,18
50,0,2.16,9,18,18
51,0,2.11765,9,18,18
52,0,2.07692,9,18,18
53,0,2.03774,9,18,18
54,0,2,9,18,18
55,0,1.96364,9,18,18
56,0,1.92857,9,18,18
57,0,1.89474,9,18,18
58,0,1.86207,9,18,18
59,0,1.9322,9,19,19
60,0,1.9,9,19,19
61,0,1.86885,9,19,19
62,0,1.83871,9,19,19
63,0,1.90476,9,20,20
64,0,2.25,9,24,24
65,0,2.21538,9,24,24
66,0,2.27273,9,25,25
67,0,2.23881,9,25,25
68,0,2.20588,9,25,25
69,0,2.34783,9,27,27
70,1,2.4,9,28,28
71,1,2.3662,9,28,28
72,1,2.33333,9,28,28
73,1,2.54795,9,31,31
74,1,2.59459,9,32,32
75,1,2.56,9,32,32
76,1,2.52632,8,0,32
77,1,2.49351,8,0,32
78,1,2.76923,8,4,36
79,1,2.73418,8,4,36
80,1,3,8,8,40
81,1,3.25926,8,12,44
82,1,3.21951,8,12,44
83,1,3.18072,8,12,44
84,1,3.42857,8,16,48
85,1,3.38824,8,16,48
86,1,3.34884,8,16,48
87,1,3.31034,8,16,48
88,1,3.34091,8,17,49
89,1,3.30337,8,17,49
90,1,3.26667,8,17,49
91,1,3.23077,8,17,49
92,1,3.19565,8,17,49
93,1,3.22581,8,18,50
94,1,3.44681,8,22,54
95,1,3.41053,8,22,54
96,1,3.375,8,22,54
97,1,3.40206,8,23,55
98,1,3.61224,8,27,59
99,1,3.57576,8,27,59
100,1,3.78,8,31,63
101,1,3.74257,8,31,63
102,1,3.70588,8,31,63
103,1,3.6699,8,31,63
104,1,3.63462,8,31,63
105,1,3.65714,8,32,64
106,1,3.62264,8,32,64
107,2,3.64486,8,33,65
108,2,3.66667,8,34,66
109,2,3.85321,8,38,70
110,2,3.87273,8,39,71
111,2,3.89189,8,40,72
112,2,3.91071,8,41,73
113,2,3.87611,8,41,73
114,2,3.84211,8,41,73
115,2,3.8087,8,41,73
116,2,3.82759,8,42,74
117,2,3.79487,8,42,74
118,2,3.76271,8,42,74
119,2,3.73109,8,42,74
120,2,3.8,8,44,76
121,2,3.7686,8,44,76
122,2,3.93443,8,48,80
123,2,3.95122,8,49,81
124,2,3.91935,8,49,81
125,2,3.888,8,49,81
126,2,3.85714,8,49,81
127,2,3.87402,8,50,82
128,2,4.03125,8,54,86
129,2,4,8,54,86
130,2,3.96923,8,54,86
131,2,3.98473,8,55,87
132,2,3.95455,8,55,87
133,2,3.92481,8,55,87
134,2,3.9403,8,56,88
135,2,3.91111,8,56,88
136,2,3.92647,8,57,89
137,2,3.89781,8,57,89
138,2,3.91304,8,58,90
139,2,3.88489,8,58,90
140,2,3.9,8,59,91
141,2,4.04255,8,63,95
142,2,4.01408,8,63,95
143,2,4.15385,8,67,99
144,2,4.16667,8,68,100
145,2,4.17931,8,69,101
146,2,4.19178,8,70,102
147,2,4.20408,8,71,103
148,2,4.21622,8,72,104
149,2,4.18792,8,72,104
150,2,4.2,8,73,105
151,2,4.17219,8,73,105
152,2,4.18421,8,74,106
153,2,4.15686,8,74,106
154,2,4.12987,8,74,106
155,2,4.25806,8,78,110
156,2,4.23077,8,78,110
157,2,4.20382,8,78,110
158,2,4.17722,8,78,110
159,2,4.18868,8,79,111
160,2,4.3125,8,83,115
161,2,4.32298,8,84,116
162,2,4.2963,8,84,116
163,2,4.30675,8,85,117
164,2,4.31707,8,86,118
165,2,4.29091,8,86,118
166,2,4.26506,8,86,118
167,2,4.31138,8,88,120
168,2,4.32143,8,89,121
169,2,4.33136,8,90,122
170,2,4.37647,8,92,124
171,2,4.49123,8,96,128
172,2,4.5,8,97,129
173,2,4.47399,8,97,129
174,2,4.44828,8,97,129
175,2,4.45714,8,98,130
176,2,4.46591,8,99,131
177,2,4.47458,8,100,132
178,2,4.48315,8,101,133
179,2,4.52514,8,103,135
180,2,4.53333,8,104,136
181,2,4.54144,8,105,137
182,2,4.54945,8,106,138
183,2,4.55738,8,107,139
184,2,4.56522,8,108,140
185,2,4.57297,8,109,141
186,2,4.58065,8,110,142
187,2,4.55615,8,110,142
188,3,4.56383,8,111,143
189,3,4.57143,8,112,144
190,3,4.64211,8,115,147
191,3,4.64921,8,116,148
192,3,4.65625,8,117,149
193,3,4.63212,8,117,149
194,3,4.60825,8,117,149
195,3,4.58462,8,117,149
196,3,4.56122,8,117,149
197,3,4.6599,8,121,153
198,3,4.63636,8,121,153
199,3,4.61307,8,121,153
200,3,4.65,8,123,155
201,3,4.65672,8,124,156
202,3,4.63366,8,124,156
203,4,4.64039,8,125,157
204,4,4.64706,8,126,158
205,4,4.65366,8,127,159
206,4,4.63107,7,0,159
207,4,4.6087,7,0,159
208,4,4.70192,7,4,163
209,4,4.67943,7,4,163
210,4,4.68571,7,5,164
211,4,4.69194,7,6,165
212,4,4.66981,7,6,165
213,4,4.76056,7,10,169
214,4,4.76636,7,11,170
215,4,4.77209,7,12,171
216,4,4.77778,7,13,172
217,4,4.78341,7,14,173
218,4,4.76147,7,14,173
219,4,4.84932,7,18,177
220,4,4.85455,7,19,178
221,4,4.94118,7,23,182
222,4,5.08108,7,29,188
223,4,5.0583,7,29,188
224,4,5.03571,6,0,188
225,4,5.01333,6,0,188
226,4,4.99115,6,0,188
227,4,4.99559,6,1,189
228,4,4.97368,6,1,189
229,4,4.95197,6,1,189
230,4,4.93043,6,1,189
231,4,4.96104,6,3,191
232,4,4.99138,6,5,193
233,4,4.99571,6,6,194
234,4,4.97436,6,6,194
235,4,4.95319,6,6,194
236,4,4.9322,6,6,194
237,4,4.93671,6,7,195
238,4,5.01681,6,11,199
239,4,5.04603,6,13,201
240,4,5.025,6,13,201
241,4,5.00415,5,0,201
242,4,5.00826,5,1,202
243,4,4.98765,4,0,202
244,4,4.9918,4,1,203
245,4,4.97143,4,1,203
246,4,4.97561,4,2,204
247,4,4.97976,4,3,205
248,4,5.05645,4,7,209
249,4,5.03614,4,7,209
250,4,5.016,4,7,209
251,4,5.04382,4,9,211
252,4,5.02381,3,0,211
253,4,5.02767,3,1,212
254,4,5.00787,3,1,212
255,4,4.98824,3,1,212
256,4,4.99219,3,2,213
257,4,5.01946,3,4,215
258,4,5,3,4,215
259,4,5.02703,3,6,217
260,4,5.00769,3,6,217
261,4,5.01149,3,7,218
262,4,4.99237,3,7,218
263,4,4.9962,3,8,219
264,4,4.97727,3,8,219
265,4,4.98113,3,9,220
266,4,4.96241,3,9,220
267,4,4.96629,3,10,221
268,4,4.97015,3,11,222
269,4,4.95167,3,11,222
270,4,4.95556,3,12,223
271,4,4.95941,3,13,224
272,4,4.96324,3,14,225
273,4,4.96703,3,15,226
274,4,4.9927,3,17,228
275,4,4.97455,3,17,228
276,4,5.04348,3,21,232
277,4,5.02527,3,21,232
278,4,5.02878,3,22,233
279,4,5.03226,3,23,234
280,5,5.03571,3,24,235
281,5,5.03915,3,25,236
282,5,5.04255,3,26,237
283,6,5.04594,3,27,238
284,6,5.0493,3,28,239
285,6,5.07368,3,30,241
286,6,5.07692,3,31,242
287,6,5.08014,3,32,243
288,7,5.08333,3,33,244
289,7,5.08651,3,34,245
290,7,5.06897,2,0,245
291,8,5.07216,2,1,246
292,8,5.07534,2,2,247
293,8,5.0785,2,3,248
294,8,5.06122,2,3,248
295,8,5.12542,2,7,252
296,8,5.12838,2,8,253
297,8,5.15152,2,10,255
298,9,5.15436,2,11,256
299,9,5.21739,2,15,260
300,9,5.22,2,16,261
301,9,5.22259,2,17,262
302,9,5.3245,2,23,268
303,9,5.38614,2,27,272
304,9,5.38816,2,28,273
305,9,5.48852,2,34,279