1,0,0,10,0,0
2,0,0,10,0,0
3,0,0,10,0,0
4,0,3,10,2,2
5,0,3.6,10,3,3
6,0,3,10,3,3
7,0,2.57143,10,3,3
8,0,2.25,10,3,3
9,0,2,10,3,3
10,0,1.8,10,3,3
11,0,1.63636,10,3,3
12,0,1.5,10,3,3
13,0,1.38462,10,3,3
14,0,1.28571,10,3,3
15,0,1.2,10,3,3
16,0,1.125,10,3,3
17,0,1.05882,10,3,3
18,0,2.33333,10,7,7
19,0,2.21053,10,7,7
20,0,2.1,10,7,7
21,0,2,10,7,7
22,1,2.18182,10,8,8
23,1,2.08696,10,8,8
24,1,2,10,8,8
25,1,1.92,10,8,8
26,1,2.30769,10,10,10
27,1,2.22222,10,10,10
28,1,2.14286,10,10,10
29,1,2.89655,10,14,14
30,1,3,10,15,15
31,1,2.90323,10,15,15
32,1,2.8125,10,15,15
33,1,3.45455,10,19,19
34,1,3.35294,10,19,19
35,1,3.25714,10,19,19
36,1,3.16667,10,19,19
37,1,3.08108,10,19,19
38,1,3.63158,10,23,23
39,1,3.53846,10,23,23
40,1,3.45,10,23,23
41,1,3.95122,10,27,27
42,1,3.85714,10,27,27
43,1,3.90698,10,28,28
44,1,3.81818,10,28,28
45,1,4,10,30,30
46,1,3.91304,10,30,30
47,1,3.82979,10,30,30
48,1,4.25,10,34,34
49,1,4.16327,10,34,34
50,1,4.2,10,35,35
51,1,4.11765,10,35,35
52,1,4.15385,10,36,36
53,1,4.41509,10,39,39
54,1,4.33333,10,39,39
55,1,4.36364,10,40,40
56,1,4.39286,10,41,41
57,1,4.73684,10,45,45
58,1,4.86207,10,47,47
59,1,4.88136,10,48,48
60,1,4.9,10,49,49
61,1,4.91803,10,50,50
62,1,4.93548,10,51,51
63,1,4.85714,10,51,51
64,2,4.875,10,52,52
65,2,4.89231,10,53,53
66,2,4.90909,10,54,54
67,2,4.83582,10,54,54
68,2,4.76471,10,54,54
69,2,5.04348,10,58,58
70,2,4.97143,10,58,58
71,2,4.98592,10,59,59
72,2,5.25,10,63,63
73,2,5.17808,10,63,63
74,2,5.10811,10,63,63
75,2,5.12,10,64,64
76,2,5.13158,10,65,65
77,2,5.14286,10,66,66
78,2,5.38462,10,70,70
79,3,5.39241,10,71,71
80,3,5.325,10,71,71
81,3,5.25926,10,71,71
82,3,5.19512,10,71,71
83,3,5.20482,10,72,72
84,3,5.14286,9,0,72
85,3,5.15294,9,1,73
86,3,5.23256,9,3,75
87,3,5.24138,9,4,76
88,3,5.18182,9,4,76
89,3,5.19101,9,5,77
90,3,5.2,9,6,78
91,3,5.20879,9,7,79
92,3,5.15217,9,7,79
93,3,5.16129,9,8,80
94,3,5.10638,9,8,80
95,3,5.11579,9,9,81
96,3,5.125,9,10,82
97,3,5.07216,9,10,82
98,4,5.08163,9,11,83
99,4,5.0303,8,0,83
100,4,4.98,8,0,83
101,4,4.9901,8,1,84
102,4,4.94118,8,1,84
103,4,4.8932,8,1,84
104,4,4.84615,8,1,84
105,4,4.85714,8,2,85
106,4,4.86792,8,3,86
107,4,4.82243,8,3,86
108,4,4.77778,8,3,86
109,4,4.78899,8,4,87
110,4,4.90909,8,7,90
111,4,4.91892,8,8,91
112,5,4.92857,8,9,92
113,5,4.93805,8,10,93
114,5,4.89474,8,10,93
115,5,5.06087,8,14,97
116,5,5.06897,8,15,98
117,5,5.02564,8,15,98
118,5,5.0339,8,16,99
119,5,5.04202,8,17,100
120,5,5.05,8,18,101
121,5,5.05785,8,19,102
122,5,5.01639,8,19,102
123,6,5.02439,8,20,103
124,6,4.98387,8,20,103
125,6,4.992,8,21,104
126,6,4.95238,8,21,104
127,6,4.91339,8,21,104
128,6,4.96875,8,23,106
129,6,4.97674,8,24,107
130,6,4.98462,8,25,108
131,6,4.99237,8,26,109
132,6,5.13636,8,30,113
133,6,5.09774,8,30,113
134,6,5.14925,8,32,115
135,6,5.24444,8,35,118
136,6,5.25,8,36,119
137,6,5.25547,8,37,120
138,6,5.26087,8,38,121
139,6,5.30935,8,40,123
140,6,5.31429,8,41,124
141,6,5.2766,8,41,124
142,6,5.28169,8,42,125
143,6,5.28671,8,43,126
144,6,5.25,8,43,126
145,6,5.29655,8,45,128
146,6,5.30137,8,46,129
147,6,5.30612,8,47,130
148,6,5.31081,8,48,131
149,6,5.31544,8,49,132
150,6,5.28,8,49,132
151,6,5.24503,8,49,132
152,6,5.21053,8,49,132
153,6,5.17647,8,49,132
154,6,5.18182,8,50,133
155,6,5.14839,8,50,133
156,6,5.11538,8,50,133
157,6,5.12102,8,51,134
158,6,5.20253,8,54,137
159,6,5.16981,8,54,137
160,6,5.175,8,55,138
161,6,5.14286,8,55,138
162,6,5.14815,8,56,139
163,6,5.11656,8,56,139
164,6,5.08537,8,56,139
165,6,5.09091,8,57,140
166,6,5.09639,8,58,141
167,6,5.1018,8,59,142
168,6,5.10714,8,60,143
169,6,5.07692,8,60,143
170,6,5.08235,8,61,144
171,6,5.08772,8,62,145
172,6,5.09302,8,63,146
173,6,5.09827,8,64,147
174,6,5.10345,8,65,148
175,6,5.10857,8,66,149
176,7,5.11364,8,67,150
177,7,5.08475,8,67,150
178,7,5.08989,8,68,151
179,7,5.09497,8,69,152
180,7,5.1,8,70,153
181,7,5.13812,8,72,155
182,7,5.17582,8,74,157
183,7,5.14754,8,74,157
184,7,5.25,8,78,161
185,7,5.28649,8,80,163
186,7,5.25806,8,80,163
187,7,5.35829,8,84,167
188,7,5.32979,8,84,167
189,7,5.42857,8,88,171
190,7,5.43158,8,89,172
191,7,5.43455,8,90,173
192,7,5.4375,8,91,174
193,7,5.40933,8,91,174
194,7,5.38144,8,91,174
195,7,5.38462,8,92,175
196,7,5.35714,8,92,175
197,7,5.36041,8,93,176
198,7,5.33333,8,93,176
199,7,5.33668,8,94,177
200,7,5.34,8,95,178
201,7,5.43284,8,99,182
202,7,5.52475,8,103,186
203,8,5.52709,8,104,187
204,8,5.52941,8,105,188
205,8,5.53171,8,106,189
206,8,5.56311,8,108,191
207,8,5.56522,8,109,192
208,8,5.53846,8,109,192
209,8,5.54067,8,110,193
210,8,5.51429,8,110,193
211,8,5.48815,8,110,193
212,8,5.49057,8,111,194
213,8,5.49296,8,112,195
214,8,5.46729,8,112,195
215,8,5.46977,8,113,196
216,8,5.47222,8,114,197
217,8,5.47465,8,115,198
218,8,5.44954,8,115,198
219,8,5.53425,8,119,202
220,8,5.53636,8,120,203
221,8,5.51131,8,120,203
222,8,5.48649,8,120,203
223,8,5.46188,7,0,203
224,9,5.46429,7,1,204
225,9,5.44,7,1,204
226,9,5.44248,7,2,205
227,9,5.4185,7,2,205
228,9,5.39474,7,2,205
229,9,5.37118,7,2,205
230,12,5.42609,7,5,208
231,12,5.4026,7,5,208
232,12,5.40517,7,6,209
233,12,5.38197,7,6,209
234,12,5.38462,7,7,210
235,12,5.38723,7,8,211
236,12,5.36441,7,8,211
237,12,5.34177,7,8,211
238,12,5.31933,7,8,211
239,12,5.29707,7,8,211
240,12,5.275,7,8,211
241,12,5.3527,7,12,215
242,12,5.42975,7,16,219
243,12,5.4321,7,17,220
244,12,5.5082,7,21,224
245,12,5.58367,7,25,228
246,12,5.65854,7,29,232
247,12,5.63563,7,29,232
248,12,5.6371,7,30,233
249,12,5.63855,7,31,234
250,12,5.616,7,31,234
251,12,5.59363,7,31,234
252,12,5.59524,7,32,235
253,12,5.59684,7,33,236
254,12,5.5748,7,33,236
255,12,5.57647,7,34,237
256,12,5.60156,7,36,239
257,12,5.60311,7,37,240
258,12,5.60465,7,38,241
259,12,5.60618,7,39,242
260,12,5.58462,7,39,242
261,12,5.58621,7,40,243
262,12,5.61069,7,42,245
263,12,5.58935,7,42,245
264,12,5.56818,7,42,245
265,12,5.59245,7,44,247
266,12,5.59398,7,45,248
267,12,5.57303,7,45,248
268,12,5.55224,7,45,248
269,12,5.5539,7,46,249
270,12,5.55556,7,47,250
271,12,5.5572,7,48,251
272,12,5.55882,7,49,252
273,12,5.53846,7,49,252
274,12,5.54015,7,50,253
275,12,5.60727,7,54,257
276,12,5.58696,7,54,257
277,12,5.56679,7,54,257
278,12,5.63309,7,58,261
279,12,5.63441,7,59,262
280,12,5.63571,7,60,263
281,12,5.61566,7,60,263
282,12,5.6383,7,62,265
283,12,5.61837,6,0,265
284,12,5.61972,6,1,266
285,12,5.6,6,1,266
286,12,5.58042,6,1,266
287,12,5.6446,6,5,270
288,12,5.64583,6,6,271
289,12,5.70934,6,10,275
290,12,5.75172,6,13,278
291,12,5.81443,6,17,282
292,12,5.81507,6,18,283
293,12,5.87713,6,22,287
294,12,5.87755,6,23,288
295,12,5.89831,6,25,290
296,12,6,6,31,296
297,12,6.10101,6,37,302
298,12,6.10067,6,38,303
299,12,6.08027,6,38,303
300,12,6.08,6,39,304
301,12,6.13953,6,43,308
302,12,6.19868,6,47,312
303,12,6.17822,6,47,312
304,12,6.17763,6,48,313
305,12,6.15738,6,48,313
306,12,6.17647,6,50,315