1,0,0,10,0,0
2,0,0,10,0,0
3,0,0,10,0,0
4,0,0,10,0,0
5,0,0,10,0,0
6,0,0,10,0,0
7,0,0,10,0,0
8,0,0,10,0,0
9,0,0,10,0,0
10,0,0,10,0,0
11,0,0,10,0,0
12,0,2,10,4,4
13,0,1.84615,10,4,4
14,0,1.71429,10,4,4
15,0,3.2,10,8,8
16,0,3,10,8,8
17,0,2.82353,10,8,8
18,0,2.66667,10,8,8
19,0,2.52632,10,8,8
20,0,3,10,10,10
21,0,3.14286,10,11,11
22,0,3,9,0,11
23,0,3.91304,9,4,15
24,0,3.75,9,4,15
25,0,3.6,9,4,15
26,0,3.46154,9,4,15
27,0,3.55556,9,5,16
28,0,3.64286,9,6,17
29,0,3.72414,9,7,18
30,0,3.6,9,7,18
31,0,3.48387,9,7,18
32,0,3.375,9,7,18
33,0,3.27273,9,7,18
34,0,3.17647,9,7,18
35,0,3.25714,9,8,19
36,0,3.16667,9,8,19
37,0,3.72973,9,12,23
38,0,3.63158,9,12,23
39,0,3.53846,9,12,23
40,0,3.45,9,12,23
41,0,3.5122,9,13,24
42,0,3.42857,9,13,24
43,0,3.90698,9,17,28
44,0,3.81818,9,17,28
45,0,3.73333,9,17,28
46,0,4.17391,9,21,32
47,0,4.08511,9,21,32
48,0,4,9,21,32
49,0,3.91837,9,21,32
50,0,3.84,9,21,32
51,0,3.76471,9,21,32
52,0,3.69231,9,21,32
53,0,3.62264,9,21,32
54,0,3.55556,9,21,32
55,0,3.49091,9,21,32
56,0,3.42857,9,21,32
57,0,3.36842,9,21,32
58,0,3.31034,9,21,32
59,0,3.35593,9,22,33
60,0,3.3,9,22,33
61,0,3.2459,9,22,33
62,0,3.19355,9,22,33
63,0,3.2381,9,23,34
64,0,3.1875,9,23,34
65,0,3.13846,9,23,34
66,0,3.18182,9,24,35
67,0,3.13433,9,24,35
68,0,3.26471,9,26,37
69,0,3.21739,9,26,37
70,0,3.17143,9,26,37
71,0,3.12676,9,26,37
72,0,3.08333,9,26,37
73,0,3.12329,9,27,38
74,0,3.16216,9,28,39
75,0,3.12,9,28,39
76,0,3.07895,9,28,39
77,0,3.19481,9,30,41
78,0,3.23077,9,31,42
79,0,3.64557,9,37,48
80,1,3.675,9,38,49
81,1,3.62963,9,38,49
82,1,3.58537,9,38,49
83,1,3.54217,9,38,49
84,1,3.5,9,38,49
85,1,3.45882,9,38,49
86,1,3.4186,9,38,49
87,1,3.44828,9,39,50
88,1,3.47727,9,40,51
89,1,3.50562,9,41,52
90,1,3.46667,9,41,52
91,1,3.42857,9,41,52
92,1,3.3913,9,41,52
93,1,3.41935,9,42,53
94,1,3.38298,9,42,53
95,1,3.34737,9,42,53
96,1,3.375,9,43,54
97,1,3.34021,9,43,54
98,1,3.30612,9,43,54
99,1,3.27273,9,43,54
100,1,3.3,9,44,55
101,1,3.32673,9,45,56
102,1,3.35294,9,46,57
103,1,3.37864,9,47,58
104,1,3.40385,9,48,59
105,1,3.42857,9,49,60
106,1,3.45283,9,50,61
107,1,3.42056,9,50,61
108,1,3.44444,9,51,62
109,1,3.46789,9,52,63
110,1,3.43636,9,52,63
111,1,3.40541,9,52,63
112,1,3.42857,9,53,64
113,1,3.39823,9,53,64
114,1,3.36842,9,53,64
115,1,3.3913,9,54,65
116,1,3.56897,9,58,69
117,1,3.53846,9,58,69
118,1,3.81356,9,64,75
119,1,3.78151,9,64,75
120,1,3.75,9,64,75
121,1,3.81818,9,66,77
122,1,3.78689,9,66,77
123,1,3.7561,9,66,77
124,1,3.72581,9,66,77
125,1,3.744,9,67,78
126,1,3.7619,9,68,79
127,1,3.73228,9,68,79
128,1,3.75,9,69,80
129,1,3.76744,9,70,81
130,1,3.78462,9,71,82
131,1,3.80153,9,72,83
132,1,3.81818,9,73,84
133,1,3.83459,9,74,85
134,1,3.80597,9,74,85
135,1,3.82222,9,75,86
136,1,3.83824,9,76,87
137,1,3.81022,9,76,87
138,1,3.82609,9,77,88
139,1,3.97122,9,81,92
140,1,3.98571,9,82,93
141,1,3.95745,9,82,93
142,1,3.97183,9,83,94
143,1,3.94406,9,83,94
144,1,3.95833,9,84,95
145,1,3.93103,8,0,95
146,1,3.94521,8,1,96
147,1,4.08163,8,5,100
148,1,4.05405,8,5,100
149,1,4.02685,8,5,100
150,1,4,8,5,100
151,1,4.01325,8,6,101
152,1,4.02632,8,7,102
153,1,4,8,7,102
154,1,3.97403,8,7,102
155,5,4.10323,8,11,106
156,5,4.11538,8,12,107
157,5,4.08917,8,12,107
158,5,4.10127,8,13,108
159,5,4.11321,8,14,109
160,5,4.125,8,15,110
161,5,4.09938,8,15,110
162,5,4.11111,8,16,111
163,5,4.08589,8,16,111
164,5,4.06098,8,16,111
165,5,4.07273,8,17,112
166,5,4.19277,8,21,116
167,5,4.20359,8,22,117
168,5,4.17857,8,22,117
169,5,4.15385,8,22,117
170,5,4.16471,8,23,118
171,5,4.17544,8,24,119
172,5,4.18605,8,25,120
173,5,4.16185,8,25,120
174,5,4.17241,8,26,121
175,5,4.14857,8,26,121
176,5,4.15909,8,27,122
177,5,4.16949,8,28,123
178,5,4.17978,8,29,124
179,5,4.2905,8,33,128
180,5,4.4,8,37,132
181,5,4.37569,8,37,132
182,5,4.48352,8,41,136
183,5,4.4918,8,42,137
184,5,4.46739,8,42,137
185,5,4.47568,8,43,138
186,5,4.48387,8,44,139
187,5,4.49198,8,45,140
188,5,4.5,8,46,141
189,5,4.47619,8,46,141
190,5,4.45263,8,46,141
191,6,4.46073,8,47,142
192,6,4.4375,8,47,142
193,6,4.4456,8,48,143
194,6,4.54639,8,52,147
195,6,4.55385,8,53,148
196,6,4.56122,8,54,149
197,6,4.53807,8,54,149
198,6,4.51515,8,54,149
199,6,4.49246,8,54,149
200,6,4.5,8,55,150
201,6,4.50746,8,56,151
202,6,4.51485,8,57,152
203,6,4.52217,8,58,153
204,6,4.55882,8,60,155
205,6,4.56585,8,61,156
206,6,4.57282,8,62,157
207,6,4.57971,8,63,158
208,6,4.58654,8,64,159
209,6,4.5933,8,65,160
210,6,4.6,8,66,161
211,6,4.60664,8,67,162
212,6,4.61321,8,68,163
213,6,4.61972,8,69,164
214,6,4.62617,8,70,165
215,6,4.60465,8,70,165
216,6,4.58333,8,70,165
217,6,4.58986,8,71,166
218,6,4.59633,8,72,167
219,6,4.57534,8,72,167
220,6,4.60909,8,74,169
221,6,4.58824,8,74,169
222,6,4.59459,8,75,170
223,6,4.6009,8,76,171
224,6,4.60714,8,77,172
225,6,4.58667,8,77,172
226,6,4.67257,8,81,176
227,6,4.67841,8,82,177
228,6,4.65789,8,82,177
229,6,4.63755,8,82,177
230,6,4.72174,8,86,181
231,6,4.7013,8,86,181
232,6,4.68103,8,86,181
233,6,4.71245,8,88,183
234,6,4.71795,8,89,184
235,6,4.69787,7,0,184
236,6,4.67797,7,0,184
237,6,4.68354,7,1,185
238,6,4.66387,7,1,185
239,6,4.66946,7,2,186
240,6,4.75,7,6,190
241,6,4.73029,7,6,190
242,6,4.71074,7,6,190
243,6,4.69136,6,0,190
244,6,4.67213,6,0,190
245,6,4.65306,6,0,190
246,6,4.63415,6,0,190
247,6,4.66397,6,2,192
248,6,4.66935,6,3,193
249,6,4.6747,6,4,194
250,7,4.68,6,5,195
251,7,4.70916,6,7,197
252,7,4.71429,6,8,198
253,7,4.71937,6,9,199
254,7,4.72441,6,10,200
255,7,4.84706,6,16,206
256,7,4.85156,6,17,207
257,7,4.85603,6,18,208
258,7,4.86047,6,19,209
259,7,4.86486,6,20,210
260,7,4.86923,6,21,211
261,7,4.89655,6,23,213
262,7,4.90076,6,24,214
263,7,5.01901,6,30,220
264,7,5,5,0,220
265,7,4.98113,5,0,220
266,7,4.96241,5,0,220
267,7,4.94382,5,0,220
268,7,4.94776,5,1,221
269,7,4.92937,5,1,221
270,7,4.93333,5,2,222
271,7,4.91513,4,0,222
272,7,4.89706,4,0,222
273,7,4.87912,4,0,222
274,7,4.88321,4,1,223
275,7,4.88727,4,2,224
276,7,4.86957,4,2,224
277,7,4.93863,4,6,228
278,7,4.92086,4,6,228
279,7,4.90323,4,6,228
280,7,4.88571,3,0,228
281,7,4.88968,3,1,229
282,7,4.87234,3,1,229
283,7,4.85512,3,1,229
284,8,4.85915,3,2,230
285,8,4.92632,3,6,234
286,8,4.90909,3,6,234
287,8,4.91289,3,7,235
288,8,4.91667,3,8,236
289,8,4.92042,3,9,237
290,8,4.92414,3,10,238
291,9,5.01031,3,15,243
292,9,5.07534,3,19,247
293,9,5.05802,2,0,247
294,9,5.06122,2,1,248
295,9,5.04407,2,1,248
296,9,5.02703,1,0,248
297,9,5.0303,1,1,249
298,10,5.03356,1,2,250
299,10,5.01672,1,2,250
300,10,5,1,2,250
301,10,5.06312,1,6,254
302,10,5.12583,1,10,258
303,10,5.10891,0,0,258