1,0,0,10,0,0
2,0,0,10,0,0
3,0,0,10,0,0
4,0,1.5,10,1,1
5,0,1.2,10,1,1
6,0,1,10,1,1
7,0,0.857143,10,1,1
8,0,0.75,10,1,1
9,0,0.666667,10,1,1
10,0,0.6,10,1,1
11,0,2.18182,10,4,4
12,0,2,10,4,4
13,0,1.84615,10,4,4
14,0,1.71429,10,4,4
15,0,1.6,10,4,4
16,0,1.5,10,4,4
17,0,2.82353,10,8,8
18,0,2.66667,10,8,8
19,0,2.52632,10,8,8
20,0,2.4,10,8,8
21,0,3.42857,10,12,12
22,0,3.54545,10,13,13
23,0,3.3913,10,13,13
24,0,3.5,10,14,14
25,0,3.36,10,14,14
26,0,3.23077,10,14,14
27,0,3.33333,10,15,15
28,0,4.07143,10,19,19
29,0,3.93103,10,19,19
30,0,3.8,10,19,19
31,0,3.87097,10,20,20
32,0,4.125,10,22,22
33,0,4.72727,10,26,26
34,0,4.76471,10,27,27
35,0,4.8,10,28,28
36,0,4.83333,10,29,29
37,0,4.86486,10,30,30
38,0,4.89474,10,31,31
39,0,5.38462,10,35,35
40,0,5.55,10,37,37
41,0,5.41463,9,0,37
42,0,5.28571,9,0,37
43,0,5.30233,9,1,38
44,0,5.18182,9,1,38
45,0,5.33333,9,3,40
46,0,5.21739,9,3,40
47,0,5.10638,9,3,40
48,0,5,9,3,40
49,0,5.14286,9,5,42
50,0,5.04,9,5,42
51,0,4.94118,9,5,42
52,0,4.84615,9,5,42
53,0,4.75472,9,5,42
54,0,5.11111,9,9,46
55,0,5.01818,9,9,46
56,0,4.92857,9,9,46
57,0,4.84211,9,9,46
58,0,4.75862,9,9,46
59,0,4.77966,9,10,47
60,0,4.7,9,10,47
61,0,4.81967,9,12,49
62,0,4.93548,9,14,51
63,0,4.85714,9,14,51
64,0,5.15625,9,18,55
65,0,5.07692,9,18,55
66,0,5.36364,9,22,59
67,0,5.28358,9,22,59
68,0,5.20588,9,22,59
69,0,5.13043,9,22,59
70,0,5.05714,9,22,59
71,0,4.98592,9,22,59
72,0,5,9,23,60
73,0,5.0137,9,24,61
74,0,4.94595,9,24,61
75,0,4.96,9,25,62
76,0,4.89474,9,25,62
77,0,4.83117,9,25,62
78,0,4.84615,9,26,63
79,0,4.86076,9,27,64
80,0,4.875,9,28,65
81,0,4.88889,9,29,66
82,0,4.90244,9,30,67
83,0,4.91566,9,31,68
84,0,4.92857,9,32,69
85,0,4.87059,9,32,69
86,0,4.81395,9,32,69
87,0,4.82759,9,33,70
88,0,4.77273,9,33,70
89,0,4.78652,9,34,71
90,0,4.73333,9,34,71
91,1,4.74725,9,35,72
92,1,4.69565,9,35,72
93,1,4.70968,9,36,73
94,1,4.65957,9,36,73
95,1,4.61053,9,36,73
96,1,4.625,9,37,74
97,1,4.63918,9,38,75
98,1,4.59184,9,38,75
99,1,4.60606,9,39,76
100,1,4.56,9,39,76
101,1,4.51485,9,39,76
102,1,4.47059,9,39,76
103,1,4.42718,9,39,76
104,1,4.38462,9,39,76
105,1,4.34286,9,39,76
106,1,4.30189,9,39,76
107,1,4.26168,9,39,76
108,1,4.22222,9,39,76
109,1,4.18349,9,39,76
110,1,4.2,9,40,77
111,1,4.21622,9,41,78
112,1,4.23214,9,42,79
113,1,4.24779,9,43,80
114,1,4.26316,9,44,81
115,1,4.22609,9,44,81
116,1,4.18966,9,44,81
117,1,4.20513,9,45,82
118,1,4.22034,9,46,83
119,1,4.23529,9,47,84
120,1,4.25,9,48,85
121,1,4.26446,9,49,86
122,1,4.22951,9,49,86
123,1,4.2439,9,50,87
124,1,4.20968,9,50,87
125,1,4.176,9,50,87
126,1,4.19048,9,51,88
127,1,4.15748,9,51,88
128,1,4.125,9,51,88
129,1,4.09302,9,51,88
130,1,4.24615,9,55,92
131,1,4.21374,9,55,92
132,1,4.31818,9,58,95
133,1,4.28571,9,58,95
134,1,4.25373,9,58,95
135,1,4.22222,9,58,95
136,1,4.19118,9,58,95
137,1,4.20438,9,59,96
138,1,4.17391,9,59,96
139,1,4.18705,9,60,97
140,1,4.15714,9,60,97
141,1,4.21277,9,62,99
142,2,4.22535,9,63,100
143,2,4.23776,9,64,101
144,2,4.25,9,65,102
145,2,4.26207,9,66,103
146,2,4.23288,9,66,103
147,2,4.20408,9,66,103
148,2,4.25676,9,68,105
149,2,4.22819,9,68,105
150,2,4.2,9,68,105
151,2,4.21192,9,69,106
152,2,4.18421,9,69,106
153,2,4.19608,9,70,107
154,2,4.4026,9,76,113
155,2,4.37419,9,76,113
156,2,4.34615,9,76,113
157,2,4.35669,9,77,114
158,2,4.36709,9,78,115
159,2,4.33962,9,78,115
160,2,4.3125,9,78,115
161,2,4.32298,9,79,116
162,2,4.33333,9,80,117
163,2,4.34356,9,81,118
164,2,4.35366,9,82,119
165,2,4.36364,9,83,120
166,2,4.33735,9,83,120
167,2,4.34731,9,84,121
168,2,4.32143,9,84,121
169,2,4.29586,9,84,121
170,2,4.30588,9,85,122
171,3,4.31579,9,86,123
172,3,4.32558,9,87,124
173,3,4.33526,9,88,125
174,3,4.31034,9,88,125
175,3,4.32,9,89,126
176,3,4.32955,9,90,127
177,3,4.30508,9,90,127
178,3,4.31461,9,91,128
179,3,4.2905,9,91,128
180,3,4.3,9,92,129
181,3,4.30939,9,93,130
182,3,4.28571,9,93,130
183,3,4.32787,9,95,132
184,3,4.30435,9,95,132
185,3,4.28108,9,95,132
186,3,4.29032,9,96,133
187,3,4.29947,9,97,134
188,3,4.30851,9,98,135
189,3,4.28571,9,98,135
190,3,4.32632,9,100,137
191,3,4.33508,9,101,138
192,3,4.34375,9,102,139
193,3,4.35233,9,103,140
194,3,4.36082,9,104,141
195,3,4.36923,9,105,142
196,3,4.34694,9,105,142
197,3,4.35533,9,106,143
198,3,4.51515,9,112,149
199,3,4.52261,9,113,150
200,3,4.5,9,113,150
201,3,4.50746,9,114,151
202,3,4.60396,9,118,155
203,3,4.64039,9,120,157
204,3,4.64706,9,121,158
205,3,4.62439,9,121,158
206,3,4.63107,9,122,159
207,3,4.6087,9,122,159
208,3,4.61538,9,123,160
209,3,4.76555,9,129,166
210,3,4.77143,9,130,167
211,3,4.77725,9,131,168
212,3,4.75472,8,0,168
213,3,4.76056,8,1,169
214,3,4.76636,8,2,170
215,3,4.77209,8,3,171
216,3,4.75,8,3,171
217,3,4.72811,8,3,171
218,3,4.73394,8,4,172
219,3,4.71233,8,4,172
220,3,4.69091,7,0,172
221,3,4.66968,7,0,172
222,3,4.67568,7,1,173
223,3,4.68161,7,2,174
224,3,4.6875,7,3,175
225,3,4.72,7,5,177
226,3,4.72566,7,6,178
227,3,4.70485,7,6,178
228,3,4.71053,7,7,179
229,3,4.74236,7,9,181
230,3,4.72174,6,0,181
231,3,4.72727,6,1,182
232,3,4.73276,6,2,183
233,3,4.7382,6,3,184
234,3,4.71795,6,3,184
235,3,4.69787,6,3,184
236,3,4.70339,6,4,185
237,3,4.68354,6,4,185
238,3,4.68908,6,5,186
239,3,4.66946,6,5,186
240,3,4.675,6,6,187
241,3,4.6556,6,6,187
242,3,4.63636,6,6,187
243,3,4.64198,6,7,188
244,3,4.64754,6,8,189
245,3,4.62857,6,8,189
246,3,4.63415,6,9,190
247,3,4.63968,6,10,191
248,3,4.62097,6,10,191
249,3,4.60241,6,10,191
250,3,4.608,6,11,192
251,3,4.68526,6,15,196
252,3,4.69048,6,16,197
253,3,4.71937,6,18,199
254,3,4.72441,6,19,200
255,3,4.72941,6,20,201
256,3,4.73438,6,21,202
257,3,4.7393,6,22,203
258,3,4.74419,6,23,204
259,3,4.74903,6,24,205
260,3,4.75385,6,25,206
261,3,4.73563,6,25,206
262,3,4.74046,6,26,207
263,3,4.72243,6,26,207
264,3,4.72727,6,27,208
265,3,4.75472,6,29,210
266,3,4.73684,5,0,210
267,3,4.74157,5,1,211
268,3,4.74627,5,2,212
269,3,4.72862,5,2,212
270,3,4.75556,5,4,214
271,3,4.76015,5,5,215
272,3,4.76471,5,6,216
273,3,4.74725,5,6,216
274,3,4.81752,5,10,220
275,3,4.82182,5,11,221
276,3,4.84783,5,13,223
277,3,4.85199,5,14,224
278,4,4.85612,5,15,225
279,4,4.96774,5,21,231
280,4,5.07857,5,27,237
281,4,5.1032,5,29,239
282,4,5.08511,5,29,239
283,4,5.08834,5,30,240
284,4,5.09155,5,31,241
285,5,5.09474,5,32,242
286,5,5.0979,5,33,243
287,6,5.10105,5,34,244
288,7,5.10417,5,35,245
289,7,5.16955,5,39,249
290,7,5.15172,5,39,249
291,7,5.15464,5,40,250
292,7,5.21918,5,44,254
293,7,5.32423,5,50,260
294,7,5.32653,5,51,261
295,8,5.34915,5,53,263
296,8,5.33108,5,53,263
297,8,5.31313,4,0,263
298,8,5.41611,4,6,269
299,8,5.39799,3,0,269
300,8,5.4,3,1,270
301,8,5.40199,3,2,271
302,8,5.38411,2,0,271
303,8,5.38614,2,1,272