1,0,0,10,0,0
2,0,0,10,0,0
3,0,0,10,0,0
4,0,1.5,10,1,1
5,0,1.2,10,1,1
6,0,1,10,1,1
7,1,1.71429,10,2,2
8,1,1.5,10,2,2
9,2,2,10,3,3
10,2,1.8,10,3,3
11,2,1.63636,10,3,3
12,2,2,10,4,4
13,2,3.69231,10,8,8
14,2,3.42857,10,8,8
15,2,3.6,10,9,9
16,2,4.875,10,13,13
17,2,4.58824,10,13,13
18,2,5,10,15,15
19,2,4.73684,10,15,15
20,2,4.5,10,15,15
21,2,4.28571,10,15,15
22,2,4.09091,10,15,15
23,2,3.91304,10,15,15
24,2,4,10,16,16
25,2,3.84,10,16,16
26,2,3.69231,10,16,16
27,2,3.55556,9,0,16
28,2,3.42857,9,0,16
29,2,3.31034,9,0,16
30,2,3.2,9,0,16
31,2,3.87097,9,4,20
32,2,3.75,9,4,20
33,2,3.63636,9,4,20
34,2,3.52941,9,4,20
35,2,3.42857,9,4,20
36,2,3.33333,9,4,20
37,3,3.40541,9,5,21
38,3,3.31579,9,5,21
39,3,3.23077,9,5,21
40,3,3.15,9,5,21
41,3,3.5122,9,8,24
42,3,3.42857,9,8,24
43,4,3.48837,9,9,25
44,4,3.40909,9,9,25
45,4,3.33333,9,9,25
46,4,3.26087,8,0,25
47,4,3.19149,8,0,25
48,4,3.125,8,0,25
49,4,3.06122,8,0,25
50,4,3,8,0,25
51,4,2.94118,8,0,25
52,4,2.88462,8,0,25
53,4,2.9434,8,1,26
54,4,2.88889,8,1,26
55,4,3.27273,8,5,30
56,4,3.21429,8,5,30
57,5,3.26316,8,6,31
58,5,3.2069,8,6,31
59,5,3.15254,8,6,31
60,5,3.1,8,6,31
61,5,3.2459,8,8,33
62,5,3.77419,8,14,39
63,5,3.71429,8,14,39
64,5,3.65625,8,14,39
65,5,3.96923,8,18,43
66,5,3.90909,8,18,43
67,5,3.85075,8,18,43
68,5,3.79412,8,18,43
69,5,4.08696,8,22,47
70,5,4.11429,8,23,48
71,5,4.05634,8,23,48
72,5,4,8,23,48
73,5,3.94521,8,23,48
74,5,3.89189,8,23,48
75,5,4.16,8,27,52
76,5,4.42105,8,31,56
77,5,4.36364,8,31,56
78,5,4.30769,8,31,56
79,5,4.25316,7,0,56
80,5,4.2,7,0,56
81,5,4.14815,7,0,56
82,5,4.09756,6,0,56
83,5,4.33735,6,4,60
84,5,4.28571,6,4,60
85,5,4.23529,6,4,60
86,6,4.25581,6,5,61
87,6,4.27586,6,6,62
88,6,4.22727,6,6,62
89,6,4.17978,6,6,62
90,6,4.13333,6,6,62
91,6,4.08791,6,6,62
92,6,4.1087,6,7,63
93,6,4.06452,6,7,63
94,6,4.02128,6,7,63
95,6,4.04211,6,8,64
96,6,4,6,8,64
97,6,4.08247,6,10,66
98,6,4.10204,6,11,67
99,6,4.06061,6,11,67
100,6,4.02,6,11,67
101,6,3.9802,6,11,67
102,6,3.94118,6,11,67
103,6,3.96117,6,12,68
104,6,3.92308,6,12,68
105,6,3.94286,6,13,69
106,6,3.90566,6,13,69
107,6,3.92523,6,14,70
108,6,3.88889,6,14,70
109,6,3.85321,6,14,70
110,6,3.81818,6,14,70
111,6,3.78378,6,14,70
112,6,3.80357,6,15,71
113,6,3.76991,6,15,71
114,6,3.89474,6,18,74
115,6,3.86087,6,18,74
116,6,3.87931,6,19,75
117,6,3.84615,6,19,75
118,6,3.81356,6,19,75
119,6,3.83193,6,20,76
120,6,3.85,6,21,77
121,6,3.86777,6,22,78
122,6,3.93443,6,24,80
123,7,3.95122,6,25,81
124,7,3.91935,6,25,81
125,7,3.888,6,25,81
126,7,3.85714,6,25,81
127,7,3.87402,6,26,82
128,7,3.84375,6,26,82
129,7,3.81395,6,26,82
130,7,3.83077,6,27,83
131,7,3.80153,6,27,83
132,7,3.81818,6,28,84
133,7,3.78947,6,28,84
134,7,3.76119,6,28,84
135,7,3.77778,6,29,85
136,7,3.79412,6,30,86
137,7,3.81022,6,31,87
138,7,3.82609,6,32,88
139,11,3.97122,6,36,92
140,11,3.94286,6,36,92
141,11,3.95745,6,37,93
142,11,3.92958,6,37,93
143,11,3.9021,5,0,93
144,11,4.04167,5,4,97
145,11,4.01379,5,4,97
146,11,4.0274,5,5,98
147,11,4,4,0,98
148,11,3.97297,4,0,98
149,11,3.94631,4,0,98
150,11,3.92,4,0,98
151,11,3.93377,4,1,99
152,11,3.90789,4,1,99
153,11,3.88235,4,1,99
154,11,3.85714,4,1,99
155,11,3.83226,4,1,99
156,11,3.80769,4,1,99
157,11,3.78344,4,1,99
158,11,3.75949,4,1,99
159,12,3.77358,4,2,100
160,12,3.7875,4,3,101
161,12,3.76398,4,3,101
162,12,3.74074,4,3,101
163,12,3.71779,4,3,101
164,12,3.69512,4,3,101
165,12,3.67273,4,3,101
166,12,3.79518,4,7,105
167,12,3.80838,4,8,106
168,12,3.78571,4,8,106
169,12,3.76331,4,8,106
170,12,3.77647,4,9,107
171,12,3.75439,4,9,107
172,12,3.73256,4,9,107
173,12,3.71098,4,9,107
174,12,3.82759,4,13,111
175,12,3.87429,4,15,113
176,12,3.85227,4,15,113
177,12,3.83051,4,15,113
178,12,3.8427,4,16,114
179,12,3.82123,4,16,114
180,12,3.83333,4,17,115
181,12,3.8453,4,18,116
182,12,3.82418,4,18,116
183,12,3.83607,4,19,117
184,12,3.81522,4,19,117
185,12,3.82703,4,20,118
186,12,3.80645,4,20,118
187,12,3.7861,4,20,118
188,12,3.76596,4,20,118
189,12,3.77778,4,21,119
190,12,3.78947,4,22,120
191,12,3.80105,4,23,121
192,12,3.84375,4,25,123
193,12,3.82383,4,25,123
194,12,3.80412,4,25,123
195,12,3.78462,4,25,123
196,12,3.79592,4,26,124
197,12,3.89848,4,30,128
198,12,3.87879,4,30,128
199,12,3.88945,4,31,129
200,12,3.9,4,32,130
201,12,3.91045,4,33,131
202,12,3.89109,4,33,131
203,12,3.87192,4,33,131
204,12,3.85294,4,33,131
205,12,3.83415,4,33,131
206,12,3.81553,4,33,131
207,13,3.82609,4,34,132
208,14,3.83654,4,35,133
209,14,3.8756,4,37,135
210,14,3.85714,4,37,135
211,14,3.8673,4,38,136
212,14,3.84906,4,38,136
213,14,3.85915,4,39,137
214,14,3.86916,4,40,138
215,14,3.85116,4,40,138
216,14,3.83333,4,40,138
217,14,3.84332,4,41,139
218,14,3.85321,4,42,140
219,14,3.94521,4,46,144
220,14,4.03636,4,50,148
221,14,4.04525,4,51,149
222,14,4.02703,4,51,149
223,14,4.11659,4,55,153
224,14,4.15179,4,57,155
225,14,4.16,4,58,156
226,14,4.14159,4,58,156
227,14,4.12335,4,58,156
228,14,4.13158,4,59,157
229,14,4.13974,4,60,158
230,14,4.12174,4,60,158
231,14,4.12987,4,61,159
232,14,4.11207,4,61,159
233,14,4.09442,4,61,159
234,14,4.07692,4,61,159
235,14,4.05957,4,61,159
236,14,4.04237,4,61,159
237,14,4.02532,4,61,159
238,14,4.08403,4,64,162
239,14,4.09205,4,65,163
240,14,4.1,4,66,164
241,14,4.10788,4,67,165
242,14,4.09091,4,67,165
243,14,4.09877,4,68,166
244,14,4.10656,4,69,167
245,14,4.11429,4,70,168
246,14,4.09756,4,70,168
247,14,4.17814,4,74,172
248,14,4.18548,4,75,173
249,14,4.19277,4,76,174
250,14,4.176,4,76,174
251,14,4.18327,4,77,175
252,14,4.19048,4,78,176
253,14,4.17391,4,78,176
254,14,4.15748,4,78,176
255,14,4.16471,4,79,177
256,14,4.17188,4,80,178
257,14,4.17899,4,81,179
258,14,4.25581,4,85,183
259,14,4.23938,4,85,183
260,14,4.24615,4,86,184
261,14,4.25287,4,87,185
262,14,4.32824,4,91,189
263,14,4.31179,4,91,189
264,14,4.34091,4,93,191
265,14,4.34717,4,94,192
266,14,4.35338,4,95,193
267,14,4.35955,4,96,194
268,14,4.34328,4,96,194
269,15,4.34944,4,97,195
270,15,4.35556,4,98,196
271,15,4.36162,4,99,197
272,15,4.34559,4,99,197
273,15,4.35165,4,100,198
274,15,4.33577,3,0,198
275,15,4.34182,3,1,199
276,16,4.34783,3,2,200
277,16,4.33213,3,2,200
278,16,4.35971,3,4,202
279,16,4.34409,3,4,202
280,16,4.41429,3,8,206
281,16,4.48399,3,12,210
282,16,4.48936,3,13,211
283,16,4.4735,3,13,211
284,16,4.47887,3,14,212
285,16,4.48421,3,15,213
286,16,4.48951,3,16,214
287,16,4.49477,3,17,215
288,16,4.5,3,18,216
289,16,4.48443,3,18,216
290,16,4.51034,3,20,218
291,16,4.51546,3,21,219
292,16,4.52055,3,22,220
293,16,4.54608,3,24,222
294,16,4.55102,3,25,223
295,16,4.61695,3,29,227
296,16,4.60135,3,29,227
297,16,4.60606,3,30,228
298,19,4.65101,3,33,231
299,19,4.65552,3,34,232
300,19,4.66,3,35,233
301,19,4.66445,3,36,234
302,19,4.66887,3,37,235
303,19,4.77228,3,43,241
304,19,4.77632,3,44,242
305,19,4.83934,3,48,246
306,19,4.94118,3,54,252
307,19,4.96417,3,56,254
308,19,5.06494,3,62,260
309,19,5.16505,3,68,266