1,0,0,10,0,0
2,0,0,10,0,0
3,0,0,10,0,0
4,0,0,10,0,0
5,0,0,10,0,0
6,0,2,10,2,2
7,1,2.57143,10,3,3
8,1,2.25,10,3,3
9,1,2.66667,10,4,4
10,1,2.4,10,4,4
11,1,2.18182,10,4,4
12,1,2,9,0,4
13,1,1.84615,9,0,4
14,1,1.71429,9,0,4
15,1,2,9,1,5
16,1,1.875,9,1,5
17,1,2.11765,9,2,6
18,1,2,9,2,6
19,1,1.89474,9,2,6
20,1,1.8,9,2,6
21,1,1.71429,9,2,6
22,1,2.18182,9,4,8
23,1,2.08696,9,4,8
24,1,2.25,9,5,9
25,1,2.16,9,5,9
26,1,2.07692,9,5,9
27,1,2,9,5,9
28,1,2.14286,9,6,10
29,1,2.06897,9,6,10
30,1,2,9,6,10
31,1,1.93548,9,6,10
32,1,1.875,9,6,10
33,1,1.81818,9,6,10
34,1,1.76471,9,6,10
35,1,1.71429,9,6,10
36,1,1.66667,9,6,10
37,1,1.94595,9,8,12
38,1,1.89474,9,8,12
39,1,1.84615,9,8,12
40,1,1.95,9,9,13
41,1,1.90244,9,9,13
42,1,1.85714,9,9,13
43,1,1.81395,9,9,13
44,1,2.31818,9,13,17
45,1,2.26667,9,13,17
46,1,2.21739,9,13,17
47,1,2.29787,9,14,18
48,1,2.25,8,0,18
49,1,2.20408,8,0,18
50,1,2.16,8,0,18
51,1,2.11765,8,0,18
52,1,2.07692,8,0,18
53,1,2.03774,8,0,18
54,1,2,8,0,18
55,1,1.96364,8,0,18
56,1,1.92857,8,0,18
57,1,1.89474,8,0,18
58,1,1.86207,8,0,18
59,1,1.83051,8,0,18
60,1,1.8,8,0,18
61,1,1.77049,8,0,18
62,1,1.74194,8,0,18
63,1,1.80952,8,1,19
64,1,1.78125,8,1,19
65,1,1.84615,8,2,20
66,6,2.27273,8,7,25
67,6,2.32836,8,8,26
68,6,2.38235,8,9,27
69,6,2.34783,8,9,27
70,6,2.31429,8,9,27
71,6,2.28169,8,9,27
72,6,2.25,8,9,27
73,6,2.21918,8,9,27
74,6,2.18919,8,9,27
75,6,2.16,8,9,27
76,6,2.13158,8,9,27
77,6,2.18182,8,10,28
78,6,2.23077,8,11,29
79,7,2.27848,8,12,30
80,7,2.25,8,12,30
81,7,2.22222,8,12,30
82,7,2.19512,8,12,30
83,8,2.24096,8,13,31
84,8,2.5,8,17,35
85,8,2.47059,8,17,35
86,8,2.44186,8,17,35
87,8,2.41379,8,17,35
88,8,2.38636,8,17,35
89,8,2.35955,8,17,35
90,8,2.33333,8,17,35
91,8,2.30769,8,17,35
92,8,2.34783,8,18,36
93,8,2.32258,8,18,36
94,8,2.3617,8,19,37
95,8,2.33684,8,19,37
96,8,2.3125,8,19,37
97,9,2.35052,8,20,38
98,9,2.44898,8,22,40
99,9,2.42424,8,22,40
100,9,2.4,8,22,40
101,9,2.37624,8,22,40
102,9,2.41176,8,23,41
103,9,2.4466,8,24,42
104,9,2.65385,8,28,46
105,9,2.68571,8,29,47
106,9,2.66038,8,29,47
107,9,2.69159,8,30,48
108,9,2.66667,7,0,48
109,9,2.6422,7,0,48
110,9,2.61818,7,0,48
111,9,2.59459,7,0,48
112,9,2.57143,7,0,48
113,9,2.54867,7,0,48
114,9,2.52632,7,0,48
115,9,2.55652,7,1,49
116,9,2.53448,7,1,49
117,9,2.51282,7,1,49
118,9,2.54237,7,2,50
119,9,2.52101,7,2,50
120,9,2.55,7,3,51
121,9,2.52893,7,3,51
122,9,2.55738,7,4,52
123,9,2.53659,7,4,52
124,9,2.56452,7,5,53
125,9,2.544,7,5,53
126,9,2.57143,7,6,54
127,9,2.55118,7,6,54
128,9,2.53125,7,6,54
129,9,2.55814,7,7,55
130,9,2.72308,7,11,59
131,9,2.70229,7,11,59
132,9,2.68182,7,11,59
133,9,2.66165,7,11,59
134,9,2.68657,7,12,60
135,9,2.75556,7,14,62
136,9,2.77941,7,15,63
137,9,2.75912,7,15,63
138,9,2.73913,7,15,63
139,9,2.76259,7,16,64
140,9,2.78571,7,17,65
141,9,2.80851,7,18,66
142,9,2.78873,7,18,66
143,9,2.76923,7,18,66
144,9,2.79167,7,19,67
145,9,2.77241,7,19,67
146,9,2.79452,7,20,68
147,9,2.93878,7,24,72
148,9,2.91892,7,24,72
149,9,2.9396,7,25,73
150,9,2.92,7,25,73
151,9,2.9404,7,26,74
152,9,2.92105,7,26,74
153,9,2.94118,7,27,75
154,9,2.96104,7,28,76
155,9,2.98065,7,29,77
156,9,3,7,30,78
157,9,3.05732,7,32,80
158,9,3.07595,7,33,81
159,9,3.0566,7,33,81
160,9,3.0375,7,33,81
161,9,3.01863,7,33,81
162,9,3,7,33,81
163,9,2.9816,7,33,81
164,9,3,7,34,82
165,10,3.01818,7,35,83
166,10,3.03614,7,36,84
167,10,3.08982,7,38,86
168,10,3.07143,6,0,86
169,10,3.05325,6,0,86
170,10,3.03529,6,0,86
171,10,3.01754,6,0,86
172,10,3,6,0,86
173,10,3.01734,6,1,87
174,10,3.10345,6,4,90
175,10,3.08571,6,4,90
176,10,3.06818,6,4,90
177,10,3.05085,6,4,90
178,10,3.06742,6,5,91
179,10,3.0838,6,6,92
180,10,3.06667,6,6,92
181,10,3.04972,6,6,92
182,10,3.03297,6,6,92
183,10,3.04918,6,7,93
184,10,3.03261,6,7,93
185,10,3.01622,6,7,93
186,10,3.03226,6,8,94
187,10,3.01604,6,8,94
188,10,3,6,8,94
189,10,2.98413,6,8,94
190,10,3,6,9,95
191,10,3.01571,6,10,96
192,10,3,6,10,96
193,10,2.98446,6,10,96
194,10,3,6,11,97
195,10,2.98462,6,11,97
196,10,3,6,12,98
197,10,3.04569,6,14,100
198,10,3.0303,6,14,100
199,10,3.01508,6,14,100
200,10,3,6,14,100
201,10,3.01493,6,15,101
202,10,3.0297,6,16,102
203,10,3.04433,6,17,103
204,10,3.08824,6,19,105
205,10,3.07317,6,19,105
206,10,3.08738,6,20,106
207,10,3.07246,6,20,106
208,10,3.05769,6,20,106
209,10,3.04306,6,20,106
210,10,3.02857,6,20,106
211,10,3.01422,6,20,106
212,10,3.0283,6,21,107
213,10,3.04225,6,22,108
214,10,3.02804,6,22,108
215,10,3.01395,6,22,108
216,14,3.11111,6,26,112
217,14,3.09677,6,26,112
218,14,3.11009,6,27,113
219,14,3.09589,6,27,113
220,14,3.19091,6,31,117
221,14,3.20362,6,32,118
222,14,3.18919,6,32,118
223,14,3.17489,6,32,118
224,14,3.21429,6,34,120
225,14,3.22667,6,35,121
226,14,3.21239,6,35,121
227,14,3.19824,6,35,121
228,14,3.21053,6,36,122
229,14,3.30131,6,40,126
230,14,3.28696,6,40,126
231,14,3.2987,6,41,127
232,14,3.31034,6,42,128
233,14,3.32189,6,43,129
234,14,3.30769,5,0,129
235,14,3.39574,5,4,133
236,14,3.40678,5,5,134
237,14,3.39241,5,5,134
238,14,3.37815,4,0,134
239,14,3.51464,4,6,140
240,14,3.5,4,6,140
241,14,3.51037,4,7,141
242,14,3.49587,4,7,141
243,14,3.48148,4,7,141
244,14,3.46721,4,7,141
245,14,3.47755,4,8,142
246,14,3.46341,4,8,142
247,14,3.49798,4,10,144
248,15,3.50806,4,11,145
249,15,3.49398,4,11,145
250,15,3.528,4,13,147
251,15,3.51394,4,13,147
252,15,3.52381,4,14,148
253,15,3.50988,3,0,148
254,15,3.49606,3,0,148
255,15,3.48235,3,0,148
256,15,3.5625,3,4,152
257,15,3.64202,3,8,156
258,15,3.72093,3,12,160
259,15,3.7529,3,14,162
260,15,3.73846,2,0,162
261,15,3.72414,2,0,162
262,15,3.73282,2,1,163
263,15,3.76426,2,3,165
264,15,3.75,2,3,165
265,15,3.75849,2,4,166
266,15,3.76692,2,5,167
267,15,3.75281,2,5,167
268,15,3.73881,2,5,167
269,15,3.72491,1,0,167
270,15,3.71111,1,0,167
271,15,3.69742,1,0,167
272,15,3.68382,1,0,167
273,15,3.67033,1,0,167
274,15,3.65693,0,0,167
