1,0,0,10,0,0
2,0,0,10,0,0
3,0,0,10,0,0
4,0,1.5,10,1,1
5,0,6,10,5,5
6,0,5,10,5,5
7,0,4.28571,10,5,5
8,0,3.75,10,5,5
9,0,3.33333,10,5,5
10,0,5.4,10,9,9
11,0,5.45455,10,10,10
12,0,5,10,10,10
13,0,4.61538,10,10,10
14,0,4.28571,9,0,10
15,0,4.8,9,2,12
16,0,4.5,9,2,12
17,0,4.23529,9,2,12
18,0,4.33333,9,3,13
19,0,4.10526,9,3,13
20,0,3.9,9,3,13
21,0,4,9,4,14
22,0,4.90909,9,8,18
23,0,4.69565,9,8,18
24,0,4.75,9,9,19
25,0,4.56,9,9,19
26,0,4.38462,9,9,19
27,1,4.44444,9,10,20
28,1,4.28571,9,10,20
29,1,4.96552,9,14,24
30,2,5,9,15,25
31,2,4.83871,9,15,25
32,2,5.0625,9,17,27
33,2,4.90909,9,17,27
34,2,4.76471,9,17,27
35,2,4.8,9,18,28
36,2,4.66667,9,18,28
37,2,4.54054,9,18,28
38,2,4.57895,9,19,29
39,2,4.46154,9,19,29
40,2,4.5,9,20,30
41,2,4.39024,9,20,30
42,2,4.28571,9,20,30
43,2,4.18605,9,20,30
44,2,4.09091,9,20,30
45,2,4.13333,9,21,31
46,2,4.56522,9,25,35
47,2,4.97872,9,29,39
48,2,4.875,9,29,39
49,2,4.77551,9,29,39
50,2,4.68,9,29,39
51,2,4.58824,9,29,39
52,2,4.61538,9,30,40
53,2,4.64151,9,31,41
54,2,4.55556,9,31,41
55,2,4.90909,9,35,45
56,2,4.82143,9,35,45
57,2,5.05263,9,38,48
58,2,4.96552,9,38,48
59,2,4.88136,9,38,48
60,2,4.8,9,38,48
61,2,4.72131,9,38,48
62,2,4.64516,9,38,48
63,2,4.85714,9,41,51
64,2,4.875,9,42,52
65,2,4.89231,9,43,53
66,2,4.90909,9,44,54
67,2,4.83582,9,44,54
68,2,4.94118,9,46,56
69,2,4.95652,9,47,57
70,2,4.88571,9,47,57
71,2,4.8169,9,47,57
72,2,4.75,9,47,57
73,2,4.76712,9,48,58
74,2,4.7027,9,48,58
75,2,4.72,9,49,59
76,2,4.65789,9,49,59
77,2,4.75325,9,51,61
78,2,4.69231,9,51,61
79,2,4.70886,9,52,62
80,2,4.725,9,53,63
81,2,4.81481,9,55,65
82,2,4.82927,9,56,66
83,2,4.84337,9,57,67
84,2,4.78571,9,57,67
85,2,5.01176,9,61,71
86,2,5.37209,9,67,77
87,2,5.37931,9,68,78
88,2,5.59091,9,72,82
89,2,5.59551,9,73,83
90,2,5.6,9,74,84
91,2,5.67033,9,76,86
92,2,5.67391,9,77,87
93,2,5.6129,9,77,87
94,3,5.61702,9,78,88
95,3,5.55789,9,78,88
96,3,5.5625,9,79,89
97,3,5.56701,9,80,90
98,3,5.57143,9,81,91
99,3,5.51515,9,81,91
100,3,5.46,9,81,91
101,3,5.46535,9,82,92
102,3,5.41176,9,82,92
103,3,5.41748,9,83,93
104,3,5.36538,9,83,93
105,3,5.37143,9,84,94
106,3,5.32075,9,84,94
107,3,5.3271,9,85,95
108,3,5.27778,9,85,95
109,3,5.22936,9,85,95
110,3,5.23636,9,86,96
111,3,5.24324,9,87,97
112,3,5.19643,9,87,97
113,3,5.15044,9,87,97
114,3,5.10526,9,87,97
115,3,5.06087,9,87,97
116,3,5.01724,9,87,97
117,3,4.97436,9,87,97
118,3,4.98305,9,88,98
119,3,4.94118,9,88,98
120,3,4.95,9,89,99
121,3,4.90909,9,89,99
122,3,4.91803,9,90,100
123,3,4.87805,9,90,100
124,3,4.8871,9,91,101
125,3,4.896,9,92,102
126,3,4.85714,8,0,102
127,3,4.8189,8,0,102
128,3,4.82812,8,1,103
129,3,4.7907,8,1,103
130,3,4.75385,8,1,103
131,3,4.71756,8,1,103
132,3,4.68182,8,1,103
133,3,4.64662,8,1,103
134,3,4.61194,8,1,103
135,3,4.62222,8,2,104
136,3,4.58824,8,2,104
137,3,4.59854,8,3,105
138,3,4.73913,8,7,109
139,3,4.7482,8,8,110
140,4,4.75714,8,9,111
141,4,4.76596,8,10,112
142,4,4.73239,8,10,112
143,4,4.74126,8,11,113
144,4,4.75,8,12,114
145,4,4.75862,8,13,115
146,4,4.76712,8,14,116
147,4,4.77551,8,15,117
148,4,4.74324,8,15,117
149,4,4.75168,8,16,118
150,4,4.72,8,16,118
151,4,4.68874,8,16,118
152,4,4.69737,8,17,119
153,4,4.66667,8,17,119
154,4,4.79221,8,21,123
155,4,4.76129,8,21,123
156,4,4.80769,8,23,125
157,4,4.77707,8,23,125
158,4,4.74684,8,23,125
159,4,4.71698,8,23,125
160,4,4.6875,8,23,125
161,4,4.69565,8,24,126
162,4,4.66667,8,24,126
163,4,4.63804,8,24,126
164,4,4.68293,8,26,128
165,4,4.65455,8,26,128
166,4,4.84337,8,32,134
167,4,4.8503,8,33,135
168,5,4.85714,8,34,136
169,5,4.86391,8,35,137
170,5,4.83529,8,35,137
171,5,4.80702,8,35,137
172,5,4.77907,8,35,137
173,5,4.75145,8,35,137
174,5,4.75862,8,36,138
175,5,4.76571,8,37,139
176,5,4.73864,8,37,139
177,5,4.71186,8,37,139
178,5,4.82022,8,41,143
179,5,4.82682,8,42,144
180,5,4.8,8,42,144
181,5,4.80663,8,43,145
182,5,4.91209,8,47,149
183,5,4.91803,8,48,150
184,5,4.8913,8,48,150
185,5,4.96216,8,51,153
186,5,4.93548,8,51,153
187,5,4.94118,8,52,154
188,5,4.91489,8,52,154
189,5,4.92063,8,53,155
190,5,5.02105,8,57,159
191,5,5.05759,8,59,161
192,5,5.0625,8,60,162
193,5,5.03627,8,60,162
194,5,5.07216,8,62,164
195,5,5.10769,8,64,166
196,5,5.11224,8,65,167
197,5,5.11675,8,66,168
198,5,5.12121,8,67,169
199,5,5.12563,8,68,170
200,5,5.13,8,69,171
201,5,5.13433,8,70,172
202,5,5.22772,8,74,176
203,5,5.23153,8,75,177
204,5,5.23529,8,76,178
205,5,5.20976,8,76,178
206,5,5.21359,8,77,179
207,5,5.21739,8,78,180
208,5,5.22115,8,79,181
209,5,5.25359,8,81,183
210,5,5.25714,8,82,184
211,5,5.26066,8,83,185
212,5,5.26415,8,84,186
213,5,5.26761,8,85,187
214,5,5.24299,8,85,187
215,5,5.2186,7,0,187
216,5,5.22222,7,1,188
217,5,5.19816,7,1,188
218,5,5.17431,7,1,188
219,6,5.17808,7,2,189
220,6,5.15455,7,2,189
221,6,5.15837,7,3,190
222,6,5.24324,7,7,194
223,7,5.24664,7,8,195
224,7,5.25,7,9,196
225,7,5.25333,7,10,197
226,7,5.25664,7,11,198
227,7,5.25991,7,12,199
228,7,5.28947,7,14,201
229,7,5.29258,7,15,202
230,7,5.26957,7,15,202
231,7,5.27273,7,16,203
232,7,5.27586,7,17,204
233,7,5.25322,7,17,204
234,7,5.25641,7,18,205
235,7,5.23404,7,18,205
236,7,5.21186,7,18,205
237,7,5.24051,7,20,207
238,8,5.2437,7,21,208
239,8,5.24686,7,22,209
240,8,5.25,7,23,210
241,8,5.25311,7,24,211
242,8,5.2562,7,25,212
243,8,5.25926,7,26,213
244,8,5.2377,7,26,213
245,8,5.24082,7,27,214
246,8,5.31707,7,31,218
247,8,5.39271,7,35,222
248,8,5.39516,7,36,223
249,8,5.39759,7,37,224
250,8,5.376,7,37,224
251,8,5.4502,7,41,228
252,8,5.45238,7,42,229
253,8,5.45455,7,43,230
254,8,5.45669,7,44,231
255,8,5.45882,7,45,232
256,8,5.4375,7,45,232
257,8,5.43969,7,46,233
258,12,5.51163,7,50,237
259,12,5.53668,7,52,239
260,12,5.53846,7,53,240
261,12,5.65517,7,59,246
262,12,5.77099,7,65,252
263,12,5.77186,7,66,253
264,12,5.75,7,66,253
265,12,5.86415,7,72,259
266,12,5.93233,7,76,263
267,12,6,7,80,267
268,12,6,7,81,268
269,12,5.9777,7,81,268
270,12,5.97778,7,82,269
271,12,6.04428,7,86,273
272,12,6.02206,7,86,273
273,12,6.02198,7,87,274
274,12,6,7,87,274
275,12,5.97818,7,87,274
276,12,5.97826,7,88,275
277,12,6,7,90,277
278,12,6,7,91,278
279,12,6,7,92,279
280,13,6,7,93,280
281,13,6,7,94,281
282,13,6.02128,7,96,283
283,13,6.08481,7,100,287
284,13,6.08451,7,101,288
285,13,6.06316,7,101,288
286,13,6.04196,7,101,288
287,13,6.06272,7,103,290
288,13,6.08333,7,105,292
289,13,6.08304,7,106,293
290,13,6.14483,7,110,297
