1,0,0,10,0,0
2,1,3,10,1,1
3,1,2,10,1,1
4,1,1.5,10,1,1
5,2,2.4,10,2,2
6,2,2,10,2,2
7,2,1.71429,10,2,2
8,2,1.5,10,2,2
9,2,1.33333,10,2,2
10,2,1.2,10,2,2
11,2,1.09091,10,2,2
12,2,1,10,2,2
13,2,1.84615,10,4,4
14,3,2.14286,10,5,5
15,3,2,10,5,5
16,3,3.375,10,9,9
17,3,3.88235,10,11,11
18,3,3.66667,10,11,11
19,3,3.47368,10,11,11
20,3,3.3,10,11,11
21,3,3.42857,10,12,12
22,3,3.27273,10,12,12
23,3,3.91304,10,15,15
24,3,4.75,10,19,19
25,3,4.56,10,19,19
26,3,4.61538,10,20,20
27,3,4.44444,10,20,20
28,3,4.28571,10,20,20
29,4,4.34483,10,21,21
30,4,5,10,25,25
31,4,4.83871,10,25,25
32,4,5.0625,10,27,27
33,4,5.09091,10,28,28
34,4,5.29412,10,30,30
35,4,5.48571,10,32,32
36,4,5.33333,10,32,32
37,4,5.18919,10,32,32
38,4,5.05263,10,32,32
39,4,4.92308,10,32,32
40,4,4.95,10,33,33
41,4,4.82927,10,33,33
42,4,4.85714,10,34,34
43,4,4.88372,10,35,35
44,4,5.04545,10,37,37
45,4,5.06667,10,38,38
46,4,5.21739,10,40,40
47,4,5.23404,10,41,41
48,4,5.25,10,42,42
49,4,5.14286,10,42,42
50,4,5.76,10,48,48
51,4,5.64706,10,48,48
52,4,5.65385,10,49,49
53,4,5.54717,10,49,49
54,5,5.55556,10,50,50
55,5,5.56364,10,51,51
56,5,5.46429,10,51,51
57,5,5.47368,10,52,52
58,5,5.48276,10,53,53
59,5,5.49153,10,54,54
60,5,5.5,10,55,55
61,5,5.5082,10,56,56
62,5,5.51613,10,57,57
63,5,5.52381,10,58,58
64,5,5.53125,10,59,59
65,6,5.53846,10,60,60
66,6,5.81818,10,64,64
67,6,5.91045,10,66,66
68,6,5.82353,10,66,66
69,6,5.73913,10,66,66
70,6,5.74286,10,67,67
71,6,5.74648,10,68,68
72,6,5.66667,10,68,68
73,6,6.08219,10,74,74
74,6,6,10,74,74
75,6,6,10,75,75
76,6,6,10,76,76
77,6,6.23377,10,80,80
78,6,6.15385,9,0,80
79,6,6.1519,9,1,81
80,6,6.15,9,2,82
81,6,6.07407,9,2,82
82,6,6.07317,9,3,83
83,6,6,9,3,83
84,6,5.92857,9,3,83
85,6,5.85882,9,3,83
86,6,5.93023,9,5,85
87,6,5.93103,9,6,86
88,6,6.13636,9,10,90
89,6,6.13483,9,11,91
90,6,6.2,9,13,93
91,6,6.3956,9,17,97
92,6,6.32609,9,17,97
93,6,6.25806,9,17,97
94,6,6.44681,9,21,101
95,6,6.44211,9,22,102
96,6,6.4375,9,23,103
97,6,6.43299,9,24,104
98,6,6.42857,9,25,105
99,6,6.48485,9,27,107
100,6,6.48,9,28,108
101,6,6.47525,9,29,109
102,6,6.41176,9,29,109
103,6,6.40777,9,30,110
104,6,6.34615,9,30,110
105,6,6.4,9,32,112
106,6,6.67925,9,38,118
107,6,6.84112,9,42,122
108,6,6.83333,9,43,123
109,6,6.82569,9,44,124
110,6,6.76364,8,0,124
111,6,6.75676,8,1,125
112,6,6.69643,8,1,125
113,6,6.69027,8,2,126
114,6,6.68421,8,3,127
115,6,6.67826,8,4,128
116,6,6.62069,8,4,128
117,6,6.5641,7,0,128
118,6,6.50847,7,0,128
119,6,6.65546,7,4,132
120,6,6.65,7,5,133
121,7,6.64463,7,6,134
122,7,6.63934,7,7,135
123,7,6.68293,7,9,137
124,8,6.67742,7,10,138
125,8,6.672,7,11,139
126,8,6.61905,7,11,139
127,8,6.56693,7,11,139
128,8,6.5625,7,12,140
129,8,6.55814,7,13,141
130,8,6.64615,7,16,144
131,8,6.64122,7,17,145
132,8,6.59091,7,17,145
133,8,6.7218,7,21,149
134,8,6.71642,7,22,150
135,8,6.71111,7,23,151
136,8,6.66176,7,23,151
137,8,6.70073,7,25,153
138,8,6.65217,7,25,153
139,8,6.60432,7,25,153
140,8,6.55714,6,0,153
141,8,6.59574,6,2,155
142,8,6.5493,6,2,155
143,8,6.5035,6,2,155
144,8,6.5,6,3,156
145,8,6.49655,6,4,157
146,9,6.49315,6,5,158
147,9,6.4898,6,6,159
148,9,6.44595,6,6,159
149,9,6.44295,6,7,160
150,9,6.4,6,7,160
151,9,6.35762,6,7,160
152,10,6.35526,6,8,161
153,10,6.35294,6,9,162
154,10,6.35065,6,10,163
155,12,6.3871,6,12,165
156,12,6.38462,6,13,166
157,12,6.34395,6,13,166
158,12,6.34177,6,14,167
159,12,6.33962,6,15,168
160,12,6.45,6,19,172
161,12,6.40994,6,19,172
162,12,6.59259,6,25,178
163,12,6.55215,6,25,178
164,12,6.58537,6,27,180
165,12,6.58182,6,28,181
166,12,6.61446,6,30,183
167,12,6.61078,6,31,184
168,12,6.78571,6,37,190
169,13,6.78107,6,38,191
170,13,6.77647,6,39,192
171,13,6.87719,6,43,196
172,13,6.83721,6,43,196
173,13,6.83237,6,44,197
174,13,6.7931,6,44,197
175,13,6.75429,6,44,197
176,13,6.71591,6,44,197
177,13,6.71186,6,45,198
178,13,6.67416,6,45,198
179,13,6.63687,6,45,198
180,13,6.66667,6,47,200
181,13,6.82873,6,53,206
182,13,6.82418,6,54,207
183,13,6.85246,6,56,209
184,13,7.01087,6,62,215
185,13,7.00541,6,63,216
186,13,6.96774,6,63,216
187,13,7.05882,6,67,220
188,13,7.05319,6,68,221
189,13,7.01587,5,0,221
190,13,7.16842,5,6,227
191,14,7.1623,5,7,228
192,14,7.125,5,7,228
193,14,7.11917,5,8,229
194,14,7.08247,4,0,229
195,15,7.07692,4,1,230