1,0,0,10,0,0
2,0,0,10,0,0
3,0,0,10,0,0
4,0,0,10,0,0
5,0,0,10,0,0
6,0,0,10,0,0
7,0,3.42857,10,4,4
8,0,3,10,4,4
9,0,2.66667,10,4,4
10,0,2.4,10,4,4
11,0,4.36364,10,8,8
12,0,4,10,8,8
13,0,3.69231,10,8,8
14,0,3.42857,10,8,8
15,0,3.2,10,8,8
16,0,3.375,10,9,9
17,0,3.17647,10,9,9
18,0,3,10,9,9
19,0,2.84211,10,9,9
20,0,2.7,10,9,9
21,0,2.57143,10,9,9
22,0,2.72727,10,10,10
23,0,2.6087,10,10,10
24,0,2.5,10,10,10
25,4,3.36,10,14,14
26,4,3.23077,10,14,14
27,4,3.33333,10,15,15
28,4,3.42857,10,16,16
29,4,3.31034,10,16,16
30,4,3.4,10,17,17
31,4,3.29032,10,17,17
32,4,3.9375,10,21,21
33,4,4.90909,10,27,27
34,4,4.76471,10,27,27
35,4,4.97143,10,29,29
36,4,4.83333,9,0,29
37,4,4.86486,9,1,30
38,4,4.73684,9,1,30
39,4,4.61538,9,1,30
40,4,4.5,9,1,30
41,4,4.39024,9,1,30
42,4,4.28571,9,1,30
43,4,4.32558,9,2,31
44,4,4.22727,9,2,31
45,4,4.26667,9,3,32
46,4,4.17391,9,3,32
47,4,4.21277,9,4,33
48,4,4.375,9,6,35
49,4,4.28571,9,6,35
50,4,4.2,9,6,35
51,4,4.23529,9,7,36
52,4,4.15385,9,7,36
53,4,4.07547,9,7,36
54,4,4,9,7,36
55,4,4.03636,9,8,37
56,4,4.07143,9,9,38
57,4,4,9,9,38
58,4,3.93103,9,9,38
59,5,3.9661,9,10,39
60,5,3.9,9,10,39
61,5,3.83607,9,10,39
62,5,4.16129,9,14,43
63,5,4.09524,9,14,43
64,5,4.21875,9,16,45
65,6,4.24615,9,17,46
66,6,4.27273,9,18,47
67,6,4.20896,9,18,47
68,6,4.23529,9,19,48
69,6,4.17391,9,19,48
70,6,4.11429,9,19,48
71,6,4.05634,9,19,48
72,6,4,9,19,48
73,6,3.94521,9,19,48
74,6,3.89189,9,19,48
75,6,3.84,9,19,48
76,6,3.78947,9,19,48
77,6,3.74026,9,19,48
78,6,3.69231,9,19,48
79,6,3.72152,9,20,49
80,6,3.75,9,21,50
81,6,3.77778,9,22,51
82,6,4.02439,9,26,55
83,6,3.9759,9,26,55
84,6,3.92857,9,26,55
85,6,3.95294,9,27,56
86,6,3.90698,9,27,56
87,6,3.93103,9,28,57
88,6,3.95455,9,29,58
89,6,3.91011,9,29,58
90,6,3.86667,9,29,58
91,6,3.82418,9,29,58
92,6,3.84783,9,30,59
93,6,3.80645,9,30,59
94,6,3.76596,9,30,59
95,6,3.72632,9,30,59
96,6,3.6875,9,30,59
97,6,3.71134,9,31,60
98,6,3.91837,9,35,64
99,6,3.87879,9,35,64
100,6,3.84,9,35,64
101,6,3.92079,9,37,66
102,6,4.11765,9,41,70
103,6,4.13592,9,42,71
104,6,4.09615,8,0,71
105,6,4.28571,8,4,75
106,6,4.24528,8,4,75
107,6,4.20561,8,4,75
108,6,4.16667,8,4,75
109,6,4.12844,8,4,75
110,6,4.09091,7,0,75
111,6,4.05405,7,0,75
112,6,4.01786,7,0,75
113,6,3.9823,7,0,75
114,6,3.94737,7,0,75
115,6,3.91304,7,0,75
116,6,3.87931,7,0,75
117,6,3.84615,7,0,75
118,6,3.81356,6,0,75
119,6,3.78151,6,0,75
120,6,3.75,6,0,75
121,6,3.71901,6,0,75
122,6,3.68852,6,0,75
123,6,3.65854,6,0,75
124,6,3.67742,6,1,76
125,6,3.648,6,1,76
126,6,3.61905,6,1,76
127,6,3.59055,6,1,76
128,6,3.5625,6,1,76
129,6,3.53488,6,1,76
130,6,3.50769,6,1,76
131,6,3.48092,6,1,76
132,6,3.45455,6,1,76
133,6,3.42857,6,1,76
134,6,3.44776,6,2,77
135,6,3.46667,6,3,78
136,6,3.44118,6,3,78
137,6,3.41606,6,3,78
138,6,3.3913,6,3,78
139,6,3.41007,6,4,79
140,6,3.38571,6,4,79
141,6,3.3617,6,4,79
142,6,3.33803,5,0,79
143,7,3.35664,5,1,80
144,7,3.33333,5,1,80
145,7,3.31034,5,1,80
146,7,3.28767,5,1,80
147,7,3.30612,5,2,81
148,7,3.28378,5,2,81
149,7,3.26174,5,2,81
150,7,3.24,5,2,81
151,7,3.21854,5,2,81
152,7,3.19737,5,2,81
153,8,3.21569,5,3,82
154,8,3.19481,5,3,82
155,8,3.17419,5,3,82
156,8,3.15385,5,3,82
157,8,3.13376,5,3,82
158,8,3.11392,5,3,82
159,8,3.09434,5,3,82
160,8,3.075,5,3,82
161,8,3.0559,5,3,82
162,8,3.03704,5,3,82
163,8,3.0184,5,3,82
164,8,3,5,3,82
165,8,3.01818,5,4,83
166,8,3,5,4,83
167,8,2.98204,5,4,83
168,9,3,5,5,84
169,9,2.98225,5,5,84
170,9,2.96471,5,5,84
171,9,2.98246,5,6,85
172,10,3,5,7,86
173,10,3.01734,5,8,87
174,10,3,5,8,87
175,10,3.01714,5,9,88
176,10,3,5,9,88
177,10,2.98305,5,9,88
178,10,2.96629,5,9,88
179,10,2.94972,5,9,88
180,10,2.96667,5,10,89
181,10,2.98343,5,11,90
182,10,3,5,12,91
183,10,3.11475,5,16,95
184,11,3.13043,5,17,96
185,11,3.11351,5,17,96
186,11,3.12903,5,18,97
187,11,3.14439,5,19,98
188,11,3.12766,5,19,98
189,11,3.14286,5,20,99
190,11,3.12632,5,20,99
191,11,3.10995,5,20,99
192,11,3.09375,5,20,99
193,11,3.10881,5,21,100
194,11,3.12371,5,22,101
195,11,3.13846,5,23,102
196,11,3.12245,4,0,102
197,11,3.1066,4,0,102
198,11,3.09091,4,0,102
199,11,3.07538,4,0,102
200,11,3.06,4,0,102
201,11,3.04478,4,0,102
202,11,3.0297,4,0,102
203,11,3.01478,4,0,102
204,11,3,4,0,102
205,11,2.98537,4,0,102
206,11,2.97087,4,0,102
207,11,2.95652,4,0,102
208,11,2.94231,4,0,102
209,11,2.95694,4,1,103
210,11,2.94286,4,1,103
211,11,2.92891,4,1,103
212,11,2.9434,4,2,104
213,11,2.95775,4,3,105
214,11,2.94393,4,3,105
215,11,2.93023,4,3,105
216,11,2.94444,4,4,106
217,11,2.93088,4,4,106
218,11,2.94495,4,5,107
219,11,2.9589,4,6,108
220,11,2.94545,4,6,108
221,11,2.93213,4,6,108
222,11,2.94595,4,7,109
223,11,2.93274,4,7,109
224,11,2.91964,4,7,109
225,11,2.93333,4,8,110
226,11,2.92035,4,8,110
227,11,3.01322,4,12,114
228,11,3.05263,4,14,116
229,11,3.0393,4,14,116
230,11,3.05217,4,15,117
231,11,3.14286,4,19,121
232,11,3.12931,4,19,121
233,11,3.11588,4,19,121
234,11,3.12821,4,20,122
235,11,3.11489,4,20,122
236,11,3.10169,4,20,122
237,11,3.11392,4,21,123
238,11,3.10084,4,21,123
239,11,3.08787,4,21,123
240,11,3.075,4,21,123
241,11,3.08714,4,22,124
242,11,3.17355,4,26,128
243,11,3.16049,4,26,128
244,11,3.17213,4,27,129
245,11,3.18367,4,28,130
246,11,3.17073,4,28,130
247,12,3.18219,4,29,131
248,12,3.16935,4,29,131
249,12,3.15663,4,29,131
250,12,3.168,4,30,132
251,12,3.15538,4,30,132
252,12,3.2381,4,34,136
253,12,3.2253,4,34,136
254,12,3.23622,4,35,137
255,12,3.22353,4,35,137
256,12,3.21094,4,35,137
257,12,3.22179,4,36,138
258,12,3.23256,4,37,139
259,12,3.22008,4,37,139
260,12,3.20769,4,37,139
261,12,3.28736,4,41,143
262,12,3.29771,4,42,144
263,12,3.30798,4,43,145
264,12,3.29545,3,0,145
265,12,3.28302,3,0,145
266,12,3.40602,3,6,151
267,12,3.41573,3,7,152
268,12,3.42537,3,8,153
269,13,3.43494,3,9,154
270,13,3.44444,3,10,155
271,13,3.43173,2,0,155
272,13,3.44118,2,1,156
273,13,3.45055,2,2,157
274,13,3.45985,2,3,158
275,13,3.46909,2,4,159
276,13,3.47826,2,5,160
277,13,3.48736,2,6,161
278,13,3.56115,2,10,165
279,13,3.54839,2,10,165
280,13,3.57857,2,12,167
281,13,3.58719,2,13,168
282,13,3.57447,2,13,168
283,13,3.60424,2,15,170
284,13,3.61268,2,16,171
285,13,3.68421,2,20,175
286,13,3.67133,1,0,175
287,13,3.67944,1,1,176
288,13,3.66667,1,1,176
289,13,3.65398,1,1,176
290,13,3.64138,1,1,176
291,14,3.64948,1,2,177
292,14,3.65753,1,3,178
293,17,3.70648,1,6,181
294,17,3.7551,1,9,184
295,17,3.76271,1,10,185
296,17,3.75,1,10,185
297,17,3.73737,1,10,185
298,17,3.72483,1,10,185
299,17,3.75251,1,12,187
300,17,3.74,1,12,187
301,17,3.84718,1,18,193
302,17,3.83444,1,18,193
303,17,3.90099,1,22,197
304,17,3.90789,1,23,198
305,18,3.91475,1,24,199
306,18,3.98039,1,28,203
307,19,3.98697,1,29,204
308,19,4.01299,1,31,206
309,19,4,1,31,206
310,19,3.9871,1,31,206
311,19,4.05145,1,35,210
312,19,4.05769,1,36,211