1,0,0,10,0,0
2,0,0,10,0,0
3,0,4,10,2,2
4,0,4.5,10,3,3
5,0,3.6,10,3,3
6,0,3,10,3,3
7,0,2.57143,10,3,3
8,0,2.25,10,3,3
9,0,2,10,3,3
10,0,1.8,10,3,3
11,0,1.63636,10,3,3
12,0,1.5,10,3,3
13,0,1.38462,9,0,3
14,0,1.28571,9,0,3
15,0,1.2,9,0,3
16,1,1.5,9,1,4
17,1,1.41176,9,1,4
18,1,2.66667,9,5,8
19,1,2.52632,9,5,8
20,1,2.4,9,5,8
21,1,2.28571,9,5,8
22,1,2.18182,9,5,8
23,1,2.08696,9,5,8
24,1,2,9,5,8
25,1,1.92,9,5,8
26,1,1.84615,9,5,8
27,1,1.77778,9,5,8
28,1,1.71429,9,5,8
29,1,1.86207,9,6,9
30,1,1.8,9,6,9
31,1,1.74194,9,6,9
32,1,1.875,9,7,10
33,1,1.81818,9,7,10
34,1,1.76471,9,7,10
35,1,1.71429,9,7,10
36,1,2.33333,9,11,14
37,1,2.27027,9,11,14
38,1,2.21053,9,11,14
39,1,2.15385,9,11,14
40,1,2.1,9,11,14
41,1,2.04878,9,11,14
42,1,2,8,0,14
43,1,1.95349,8,0,14
44,1,1.90909,8,0,14
45,1,1.86667,8,0,14
46,1,1.82609,8,0,14
47,1,1.78723,8,0,14
48,1,1.75,8,0,14
49,1,1.71429,8,0,14
50,1,1.68,8,0,14
51,1,1.64706,8,0,14
52,1,1.61538,8,0,14
53,1,1.69811,8,1,15
54,1,1.66667,8,1,15
55,1,1.63636,8,1,15
56,1,1.60714,8,1,15
57,1,1.68421,8,2,16
58,1,1.65517,8,2,16
59,1,2.0339,8,6,20
60,1,2.2,8,8,22
61,1,2.16393,8,8,22
62,1,2.12903,8,8,22
63,1,2.09524,8,8,22
64,1,2.0625,8,8,22
65,1,2.03077,8,8,22
66,1,2,8,8,22
67,1,1.97015,8,8,22
68,1,1.94118,8,8,22
69,1,2,8,9,23
70,1,1.97143,8,9,23
71,1,1.94366,8,9,23
72,1,2,8,10,24
73,1,1.9726,8,10,24
74,1,1.94595,8,10,24
75,1,2.24,8,14,28
76,1,2.21053,8,14,28
77,1,2.18182,8,14,28
78,1,2.15385,8,14,28
79,1,2.12658,8,14,28
80,1,2.175,8,15,29
81,1,2.14815,8,15,29
82,1,2.12195,8,15,29
83,1,2.09639,8,15,29
84,1,2.07143,8,15,29
85,1,2.04706,8,15,29
86,1,2.16279,8,17,31
87,1,2.2069,8,18,32
88,1,2.18182,8,18,32
89,1,2.22472,8,19,33
90,1,2.2,8,19,33
91,1,2.43956,8,23,37
92,1,2.67391,8,27,41
93,1,2.64516,8,27,41
94,1,2.68085,8,28,42
95,1,2.65263,8,28,42
96,1,2.625,8,28,42
97,1,2.65979,8,29,43
98,1,2.69388,8,30,44
99,1,2.66667,8,30,44
100,1,2.64,8,30,44
101,1,2.61386,8,30,44
102,1,2.82353,8,34,48
103,1,2.79612,8,34,48
104,1,2.76923,8,34,48
105,1,2.8,8,35,49
106,1,2.77358,8,35,49
107,1,2.80374,8,36,50
108,1,2.77778,8,36,50
109,1,2.80734,8,37,51
110,1,2.78182,8,37,51
111,1,2.75676,8,37,51
112,1,2.73214,8,37,51
113,1,2.70796,8,37,51
114,1,2.89474,8,41,55
115,1,2.86957,8,41,55
116,1,2.89655,8,42,56
117,1,2.87179,8,42,56
118,1,2.84746,8,42,56
119,1,2.82353,8,42,56
120,1,2.8,8,42,56
121,1,2.77686,8,42,56
122,1,2.80328,8,43,57
123,1,2.97561,8,47,61
124,1,2.95161,7,0,61
125,6,3.168,7,5,66
126,6,3.19048,7,6,67
127,6,3.2126,7,7,68
128,6,3.1875,7,7,68
129,6,3.34884,7,11,72
130,6,3.32308,7,11,72
131,6,3.29771,7,11,72
132,6,3.27273,7,11,72
133,6,3.24812,7,11,72
134,6,3.22388,7,11,72
135,6,3.2,7,11,72
136,6,3.17647,7,11,72
137,6,3.15328,7,11,72
138,6,3.13043,7,11,72
139,6,3.15108,7,12,73
140,6,3.17143,7,13,74
141,6,3.14894,7,13,74
142,6,3.16901,7,14,75
143,6,3.14685,7,14,75
144,6,3.125,7,14,75
145,6,3.14483,7,15,76
146,6,3.12329,7,15,76
147,6,3.10204,7,15,76
148,6,3.12162,7,16,77
149,6,3.14094,7,17,78
150,6,3.16,7,18,79
151,11,3.33775,7,23,84
152,11,3.35526,7,24,85
153,11,3.33333,7,24,85
154,11,3.31169,7,24,85
155,11,3.32903,7,25,86
156,11,3.30769,7,25,86
157,11,3.32484,7,26,87
158,11,3.3038,7,26,87
159,11,3.28302,7,26,87
160,11,3.2625,7,26,87
161,11,3.24224,7,26,87
162,11,3.25926,7,27,88
163,11,3.23926,7,27,88
164,11,3.21951,7,27,88
165,12,3.23636,7,28,89
166,12,3.25301,7,29,90
167,12,3.23353,7,29,90
168,12,3.21429,7,29,90
169,12,3.23077,7,30,91
170,12,3.21176,7,30,91
171,12,3.19298,7,30,91
172,12,3.31395,7,34,95
173,12,3.2948,7,34,95
174,12,3.31034,7,35,96
175,12,3.29143,7,35,96
176,12,3.27273,7,35,96
177,12,3.25424,7,35,96
178,12,3.23596,7,35,96
179,12,3.21788,7,35,96
180,12,3.2,7,35,96
181,12,3.21547,7,36,97
182,12,3.1978,7,36,97
183,12,3.18033,7,36,97
184,12,3.16304,7,36,97
185,12,3.17838,7,37,98
186,12,3.19355,7,38,99
187,12,3.20856,7,39,100
188,12,3.25532,7,41,102
189,12,3.2381,7,41,102
190,12,3.22105,7,41,102
191,12,3.20419,7,41,102
192,12,3.1875,7,41,102
193,12,3.17098,7,41,102
194,12,3.15464,7,41,102
195,12,3.13846,7,41,102
196,12,3.12245,7,41,102
197,12,3.22843,7,45,106
198,12,3.21212,7,45,106
199,12,3.19598,7,45,106
200,12,3.3,7,49,110
201,12,3.28358,7,49,110
202,12,3.26733,7,49,110
203,12,3.25123,7,49,110
204,12,3.23529,7,49,110
205,12,3.27805,7,51,112
206,12,3.29126,7,52,113
207,12,3.27536,7,52,113
208,12,3.25962,7,52,113
209,12,3.24402,6,0,113
210,12,3.22857,6,0,113
211,12,3.21327,6,0,113
212,12,3.19811,6,0,113
213,12,3.1831,6,0,113
214,12,3.16822,6,0,113
215,12,3.1814,6,1,114
216,12,3.16667,6,1,114
217,12,3.15207,6,1,114
218,12,3.13761,6,1,114
219,12,3.12329,6,1,114
220,12,3.13636,6,2,115
221,12,3.23077,6,6,119
222,12,3.21622,6,6,119
223,12,3.20179,5,0,119
224,12,3.1875,5,0,119
225,12,3.2,5,1,120
226,12,3.18584,5,1,120
227,12,3.17181,5,1,120
228,12,3.15789,5,1,120
229,12,3.17031,5,2,121
230,12,3.15652,5,2,121
231,12,3.19481,5,4,123
232,12,3.18103,5,4,123
233,12,3.16738,5,4,123
234,12,3.15385,5,4,123
235,12,3.16596,5,5,124
236,12,3.15254,5,5,124
237,12,3.13924,5,5,124
238,12,3.12605,5,5,124
239,12,3.13808,5,6,125
240,12,3.125,4,0,125
241,12,3.11203,4,0,125
242,12,3.09917,4,0,125
243,12,3.08642,4,0,125
244,12,3.07377,4,0,125
245,12,3.08571,4,1,126
246,12,3.07317,4,1,126
247,12,3.06073,4,1,126
248,12,3.04839,4,1,126
249,12,3.13253,4,5,130
250,12,3.12,4,5,130
251,12,3.13147,4,6,131
252,12,3.14286,4,7,132
253,12,3.15415,4,8,133
254,12,3.16535,4,9,134
255,12,3.15294,4,9,134
256,12,3.14062,4,9,134
257,12,3.1284,4,9,134
258,12,3.11628,4,9,134
259,12,3.10425,4,9,134
260,12,3.18462,4,13,138
261,12,3.17241,4,13,138
262,12,3.16031,4,13,138
263,12,3.1711,4,14,139
264,12,3.15909,4,14,139
265,12,3.16981,4,15,140
266,12,3.18045,4,16,141
267,12,3.16854,4,16,141
268,12,3.15672,4,16,141
269,12,3.14498,4,16,141
270,12,3.17778,4,18,143
271,12,3.16605,4,18,143
272,12,3.15441,4,18,143
273,12,3.14286,4,18,143
274,12,3.13139,4,18,143
275,12,3.12,4,18,143
276,12,3.1087,4,18,143
277,12,3.09747,4,18,143
278,12,3.08633,4,18,143
279,13,3.09677,4,19,144
280,13,3.08571,4,19,144
281,13,3.07473,4,19,144
282,13,3.06383,3,0,144
283,13,3.053,3,0,144
284,13,3.06338,3,1,145
285,13,3.05263,3,1,145
286,13,3.04196,3,1,145
287,13,3.03136,3,1,145
288,13,3.02083,2,0,145
289,13,3.01038,1,0,145
290,13,3,1,0,145
291,13,2.98969,1,0,145
292,13,2.97945,1,0,145
293,13,2.96928,1,0,145
294,14,2.97959,1,1,146
295,14,3.05085,1,5,150
296,14,3.08108,1,7,152
297,14,3.15152,1,11,156
298,15,3.16107,1,12,157
299,15,3.1505,0,0,157
