1,0,0,9,0,0
2,4,12,9,4,4
3,4,8,9,4,4
4,4,6,9,4,4
5,4,4.8,9,4,4
6,4,4,9,4,4
7,4,3.42857,9,4,4
8,4,3.75,9,5,5
9,4,3.33333,9,5,5
10,4,3,9,5,5
11,4,2.72727,9,5,5
12,4,2.5,9,5,5
13,4,2.30769,9,5,5
14,4,2.14286,9,5,5
15,4,2,9,5,5
16,4,1.875,9,5,5
17,4,1.76471,9,5,5
18,4,1.66667,9,5,5
19,4,1.57895,9,5,5
20,4,1.5,9,5,5
21,4,1.42857,9,5,5
22,4,1.36364,9,5,5
23,4,1.30435,9,5,5
24,4,1.5,9,6,6
25,4,1.44,9,6,6
26,4,1.38462,9,6,6
27,4,1.33333,9,6,6
28,4,1.28571,9,6,6
29,4,1.24138,9,6,6
30,4,1.6,9,8,8
31,4,1.54839,9,8,8
32,4,1.5,9,8,8
33,4,1.45455,9,8,8
34,4,1.94118,9,11,11
35,4,2.05714,9,12,12
36,4,2,9,12,12
37,4,1.94595,9,12,12
38,4,1.89474,9,12,12
39,4,1.84615,9,12,12
40,4,1.95,9,13,13
41,4,1.90244,9,13,13
42,4,1.85714,9,13,13
43,4,2.09302,9,15,15
44,4,2.04545,9,15,15
45,4,2,9,15,15
46,4,1.95652,9,15,15
47,4,1.91489,9,15,15
48,4,1.875,9,15,15
49,4,1.83673,9,15,15
50,4,1.8,9,15,15
51,4,1.76471,9,15,15
52,4,1.73077,9,15,15
53,4,1.92453,9,17,17
54,4,1.88889,9,17,17
55,4,1.85455,9,17,17
56,4,1.92857,9,18,18
57,4,2,9,19,19
58,5,2.06897,9,20,20
59,5,2.0339,9,20,20
60,5,2.1,9,21,21
61,5,2.06557,9,21,21
62,5,2.03226,9,21,21
63,5,2,8,0,21
64,5,1.96875,8,0,21
65,5,1.93846,8,0,21
66,5,1.90909,8,0,21
67,5,1.8806,8,0,21
68,5,1.94118,8,1,22
69,5,1.91304,8,1,22
70,5,1.88571,8,1,22
71,5,1.85915,8,1,22
72,5,2.16667,8,5,26
73,5,2.30137,8,7,28
74,5,2.27027,8,7,28
75,5,2.24,8,7,28
76,5,2.36842,8,9,30
77,5,2.33766,8,9,30
78,5,2.30769,8,9,30
79,5,2.58228,8,13,34
80,5,2.55,8,13,34
81,5,2.74074,8,16,37
82,5,2.70732,8,16,37
83,5,2.74699,8,17,38
84,5,2.85714,8,19,40
85,5,2.82353,8,19,40
86,5,3.06977,8,23,44
87,5,3.10345,8,24,45
88,5,3.13636,8,25,46
89,5,3.16854,8,26,47
90,5,3.26667,8,28,49
91,5,3.23077,8,28,49
92,5,3.26087,8,29,50
93,5,3.22581,8,29,50
94,5,3.31915,8,31,52
95,5,3.28421,8,31,52
96,5,3.25,8,31,52
97,5,3.21649,8,31,52
98,5,3.18367,8,31,52
99,5,3.15152,8,31,52
100,5,3.18,8,32,53
101,5,3.20792,8,33,54
102,5,3.23529,8,34,55
103,5,3.32039,8,36,57
104,5,3.28846,8,36,57
105,5,3.25714,8,36,57
106,5,3.28302,8,37,58
107,5,3.25234,8,37,58
108,5,3.27778,8,38,59
109,5,3.30275,8,39,60
110,5,3.27273,8,39,60
111,5,3.35135,8,41,62
112,5,3.375,8,42,63
113,5,3.39823,8,43,64
114,5,3.42105,8,44,65
115,5,3.44348,8,45,66
116,5,3.46552,8,46,67
117,5,3.4359,8,46,67
118,5,3.45763,8,47,68
119,5,3.47899,8,48,69
120,5,3.45,8,48,69
121,5,3.42149,8,48,69
122,5,3.39344,8,48,69
123,5,3.41463,8,49,70
124,5,3.3871,8,49,70
125,5,3.408,8,50,71
126,5,3.42857,8,51,72
127,5,3.40157,8,51,72
128,5,3.46875,8,53,74
129,5,3.44186,8,53,74
130,5,3.41538,8,53,74
131,5,3.43511,8,54,75
132,5,3.40909,8,54,75
133,5,3.42857,8,55,76
134,5,3.40299,8,55,76
135,5,3.37778,8,55,76
136,5,3.39706,8,56,77
137,5,3.41606,8,57,78
138,5,3.56522,8,61,82
139,5,3.58273,8,62,83
140,5,3.55714,8,62,83
141,5,3.53191,8,62,83
142,5,3.5493,8,63,84
143,5,3.56643,8,64,85
144,5,3.54167,8,64,85
145,5,3.6,8,66,87
146,5,3.61644,8,67,88
147,5,3.63265,8,68,89
148,5,3.60811,8,68,89
149,5,3.74497,8,72,93
150,5,3.88,8,76,97
151,5,3.93377,8,78,99
152,5,3.90789,8,78,99
153,5,3.92157,8,79,100
154,5,3.8961,8,79,100
155,5,3.90968,8,80,101
156,5,3.88462,8,80,101
157,5,3.85987,8,80,101
158,5,3.83544,8,80,101
159,5,3.84906,8,81,102
160,5,3.975,8,85,106
161,5,3.98758,8,86,107
162,5,4,8,87,108
163,5,3.97546,8,87,108
164,5,3.9878,8,88,109
165,5,4,8,89,110
166,5,3.9759,8,89,110
167,5,3.98802,8,90,111
168,5,3.96429,8,90,111
169,5,3.94083,8,90,111
170,5,3.95294,8,91,112
171,5,3.96491,8,92,113
172,5,4.15116,8,98,119
173,5,4.16185,8,99,120
174,5,4.34483,8,105,126
175,5,4.32,8,105,126
176,5,4.32955,8,106,127
177,5,4.37288,8,108,129
178,5,4.38202,8,109,130
179,5,4.39106,8,110,131
180,5,4.4,8,111,132
181,5,4.40884,8,112,133
182,5,4.38462,8,112,133
183,5,4.36066,8,112,133
184,5,4.33696,7,0,133
185,5,4.34595,7,1,134
186,6,4.35484,7,2,135
187,6,4.45989,7,6,139
188,6,4.46809,7,7,140
189,6,4.47619,7,8,141
190,6,4.57895,7,12,145
191,6,4.58639,7,13,146
192,6,4.59375,7,14,147
193,6,4.56995,7,14,147
194,6,4.54639,7,14,147
195,6,4.52308,7,14,147
196,6,4.53061,7,15,148
197,6,4.53807,7,16,149
198,6,4.51515,7,16,149
199,6,4.52261,7,17,150
200,6,4.56,7,19,152
201,6,4.56716,7,20,153
202,6,4.54455,7,20,153
203,6,4.52217,7,20,153
204,6,4.52941,7,21,154
205,6,4.50732,7,21,154
206,6,4.51456,7,22,155
207,6,4.52174,7,23,156
208,6,4.52885,7,24,157
209,6,4.53589,7,25,158
210,6,4.54286,7,26,159
211,6,4.52133,7,26,159
212,6,4.5283,7,27,160
213,6,4.53521,7,28,161
214,6,4.54206,7,29,162
215,6,4.57674,7,31,164
216,6,4.58333,7,32,165
217,6,4.56221,7,32,165
218,6,4.54128,7,32,165
219,6,4.54795,7,33,166
220,6,4.52727,7,33,166
221,6,4.50679,7,33,166
222,6,4.48649,7,33,166
223,6,4.46637,7,33,166
224,6,4.5,7,35,168
225,6,4.50667,7,36,169
226,6,4.51327,7,37,170
227,6,4.49339,7,37,170
228,6,4.5,7,38,171
229,6,4.48035,7,38,171
230,6,4.46087,7,38,171
231,6,4.46753,7,39,172
232,6,4.44828,6,0,172
233,6,4.42918,6,0,172
234,6,4.41026,6,0,172
235,6,4.39149,6,0,172
236,6,4.37288,6,0,172
237,6,4.35443,6,0,172
238,6,4.36134,6,1,173
239,6,4.3431,6,1,173
240,6,4.325,6,1,173
241,6,4.30705,6,1,173
242,6,4.28926,6,1,173
243,6,4.32099,6,3,175
244,6,4.32787,6,4,176
245,6,4.33469,6,5,177
246,6,4.34146,6,6,178
247,6,4.37247,6,8,180
248,6,4.37903,6,9,181
249,6,4.38554,6,10,182
250,6,4.392,6,11,183
251,6,4.39841,6,12,184
252,6,4.40476,6,13,185
253,6,4.43478,6,15,187
254,7,4.44094,6,16,188
255,7,4.44706,6,17,189
256,7,4.52344,6,21,193
257,7,4.52918,6,22,194
258,8,4.53488,6,23,195
259,8,4.54054,6,24,196
260,8,4.52308,6,24,196
261,8,4.50575,6,24,196
262,8,4.51145,6,25,197
263,8,4.51711,6,26,198
264,8,4.5,6,26,198
265,8,4.48302,6,26,198
266,8,4.48872,6,27,199
267,8,4.49438,6,28,200
268,8,4.52239,6,30,202
269,8,4.52788,6,31,203
270,8,4.53333,6,32,204
271,8,4.53875,6,33,205
272,8,4.54412,6,34,206
273,8,4.61538,6,38,210
274,8,4.59854,6,38,210
275,8,4.58182,6,38,210
276,8,4.56522,6,38,210
277,8,4.59206,6,40,212
278,8,4.59712,6,41,213
279,8,4.62366,6,43,215
280,8,4.60714,6,43,215
281,10,4.63345,6,45,217
282,10,4.6383,6,46,218
283,10,4.66431,6,48,220
284,10,4.66901,6,49,221
285,10,4.65263,6,49,221
286,10,4.63636,6,49,221
287,10,4.62021,6,49,221
288,10,4.625,6,50,222
289,10,4.609,6,50,222
290,10,4.5931,6,50,222
291,10,4.59794,6,51,223
292,10,4.60274,6,52,224
293,10,4.66894,6,56,228
