1,0,0,10,0,0
2,0,0,10,0,0
3,0,0,10,0,0
4,1,1.5,10,1,1
5,1,1.2,10,1,1
6,1,1,10,1,1
7,1,0.857143,9,0,1
8,1,1.5,9,1,2
9,1,5.33333,9,7,8
10,1,4.8,9,7,8
11,1,4.90909,9,8,9
12,1,5.5,9,10,11
13,1,6.92308,9,14,15
14,1,6.42857,9,14,15
15,1,7.2,9,17,18
16,1,6.75,9,17,18
17,1,6.35294,9,17,18
18,1,6.33333,9,18,19
19,2,6.31579,9,19,20
20,2,6.3,9,20,21
21,2,6.28571,9,21,22
22,2,6,9,21,22
23,2,5.73913,9,21,22
24,2,5.5,9,21,22
25,2,5.28,9,21,22
26,2,5.30769,9,22,23
27,2,5.33333,9,23,24
28,2,5.14286,9,23,24
29,2,4.96552,9,23,24
30,3,5,9,24,25
31,3,4.83871,9,24,25
32,3,4.6875,9,24,25
33,3,4.54545,9,24,25
34,3,4.41176,9,24,25
35,4,4.45714,9,25,26
36,4,4.33333,9,25,26
37,4,4.21622,8,0,26
38,4,4.10526,8,0,26
39,4,4,8,0,26
40,4,4.05,8,1,27
41,4,3.95122,8,1,27
42,4,3.85714,8,1,27
43,4,3.76744,8,1,27
44,4,3.68182,8,1,27
45,4,3.6,8,1,27
46,4,3.52174,8,1,27
47,5,3.57447,8,2,28
48,5,3.5,8,2,28
49,5,3.42857,8,2,28
50,5,3.6,8,4,30
51,5,3.52941,8,4,30
52,5,3.46154,8,4,30
53,5,3.39623,8,4,30
54,5,3.33333,8,4,30
55,5,3.27273,8,4,30
56,5,3.21429,8,4,30
57,5,3.26316,8,5,31
58,5,3.2069,8,5,31
59,5,3.15254,8,5,31
60,6,3.2,8,6,32
61,6,3.14754,8,6,32
62,6,3.09677,8,6,32
63,6,3.14286,8,7,33
64,6,3.09375,8,7,33
65,6,3.04615,8,7,33
66,6,3,8,7,33
67,6,2.95522,8,7,33
68,6,3,8,8,34
69,6,2.95652,8,8,34
70,6,2.91429,8,8,34
71,6,2.87324,8,8,34
72,6,2.83333,8,8,34
73,6,2.79452,8,8,34
74,6,2.75676,8,8,34
75,6,2.72,8,8,34
76,6,2.68421,8,8,34
77,6,2.64935,8,8,34
78,6,2.69231,8,9,35
79,6,2.73418,8,10,36
80,6,2.7,8,10,36
81,6,2.66667,8,10,36
82,6,3,8,15,41
83,6,3.25301,8,19,45
84,6,3.21429,8,19,45
85,6,3.17647,8,19,45
86,6,3.13953,8,19,45
87,6,3.10345,8,19,45
88,6,3.13636,8,20,46
89,6,3.10112,8,20,46
90,6,3.33333,8,24,50
91,6,3.36264,8,25,51
92,6,3.32609,8,25,51
93,6,3.35484,8,26,52
94,6,3.31915,8,26,52
95,6,3.28421,8,26,52
96,6,3.25,8,26,52
97,6,3.21649,8,26,52
98,6,3.18367,8,26,52
99,6,3.15152,8,26,52
100,6,3.12,8,26,52
101,6,3.14851,8,27,53
102,6,3.11765,8,27,53
103,6,3.08738,8,27,53
104,6,3.05769,8,27,53
105,6,3.08571,8,28,54
106,6,3.0566,8,28,54
107,6,3.02804,8,28,54
108,6,3.05556,8,29,55
109,6,3.02752,8,29,55
110,6,3,8,29,55
111,6,2.97297,8,29,55
112,6,2.94643,8,29,55
113,6,2.97345,8,30,56
114,7,3,8,31,57
115,7,2.97391,8,31,57
116,7,2.94828,8,31,57
117,7,2.92308,8,31,57
118,7,2.89831,8,31,57
119,7,2.87395,8,31,57
120,7,2.85,8,31,57
121,7,2.87603,8,32,58
122,7,2.85246,8,32,58
123,7,2.82927,8,32,58
124,7,2.80645,8,32,58
125,7,2.784,8,32,58
126,7,2.7619,8,32,58
127,7,2.74016,8,32,58
128,7,2.90625,8,36,62
129,7,2.88372,8,36,62
130,7,2.86154,8,36,62
131,7,2.83969,8,36,62
132,7,2.86364,8,37,63
133,7,2.84211,7,0,63
134,7,2.8209,7,0,63
135,7,2.8,7,0,63
136,7,2.77941,7,0,63
137,7,2.80292,7,1,64
138,7,2.78261,7,1,64
139,7,2.76259,7,1,64
140,7,2.74286,7,1,64
141,7,2.7234,7,1,64
142,7,2.70423,7,1,64
143,7,2.68531,7,1,64
144,7,2.83333,7,5,68
145,7,2.81379,7,5,68
146,7,2.79452,7,5,68
147,7,2.81633,7,6,69
148,7,2.83784,7,7,70
149,7,2.81879,7,7,70
150,7,2.8,7,7,70
151,7,2.82119,7,8,71
152,7,2.84211,7,9,72
153,7,2.82353,7,9,72
154,7,2.80519,7,9,72
155,7,2.82581,7,10,73
156,7,2.80769,7,10,73
157,7,2.82803,7,11,74
158,7,2.8481,7,12,75
159,7,2.83019,7,12,75
160,7,2.8125,7,12,75
161,7,2.86957,7,14,77
162,7,2.85185,7,14,77
163,7,2.83436,7,14,77
164,7,3.03659,7,20,83
165,7,3.05455,7,21,84
166,7,3.03614,7,21,84
167,7,3.01796,7,21,84
168,7,3.03571,7,22,85
169,7,3.01775,7,22,85
170,7,3,7,22,85
171,7,2.98246,7,22,85
172,7,2.96512,7,22,85
173,7,3.15607,7,28,91
174,7,3.17241,7,29,92
175,7,3.22286,7,31,94
176,7,3.20455,7,31,94
177,7,3.18644,7,31,94
178,7,3.30337,7,35,98
179,7,3.28492,7,35,98
180,7,3.26667,7,35,98
181,7,3.31492,7,37,100
182,7,3.2967,7,37,100
183,7,3.27869,7,37,100
184,7,3.26087,7,37,100
185,7,3.27568,7,38,101
186,8,3.29032,7,39,102
187,8,3.27273,7,39,102
188,8,3.28723,7,40,103
189,8,3.33333,7,42,105
190,8,3.34737,7,43,106
191,8,3.36126,7,44,107
192,8,3.46875,7,48,111
193,8,3.45078,7,48,111
194,8,3.43299,7,48,111
195,8,3.41538,7,48,111
196,8,3.52041,7,52,115
197,8,3.50254,7,52,115
198,8,3.48485,7,52,115
199,8,3.46734,7,52,115
200,8,3.45,7,52,115
201,8,3.43284,7,52,115
202,8,3.44554,7,53,116
203,8,3.42857,7,53,116
204,8,3.52941,7,57,120
205,8,3.57073,7,59,122
206,8,3.61165,7,61,124
207,8,3.5942,7,61,124
208,8,3.60577,7,62,125
209,8,3.58852,7,62,125
210,8,3.57143,7,62,125
211,8,3.58294,7,63,126
212,8,3.56604,7,63,126
213,8,3.5493,7,63,126
214,8,3.53271,7,63,126
215,8,3.57209,7,65,128
216,8,3.55556,7,65,128
217,8,3.53917,7,65,128
218,8,3.52294,7,65,128
219,9,3.53425,7,66,129
220,9,3.54545,7,67,130
221,9,3.58371,7,69,132
222,9,3.56757,6,0,132
223,9,3.57848,6,1,133
224,9,3.5625,6,1,133
225,9,3.54667,6,1,133
226,9,3.55752,6,2,134
227,9,3.56828,6,3,135
228,9,3.57895,6,4,136
229,9,3.56332,6,4,136
230,9,3.54783,6,4,136
231,9,3.55844,6,5,137
232,9,3.5431,6,5,137
233,9,3.5279,6,5,137
234,9,3.53846,6,6,138
235,9,3.62553,6,10,142
236,9,3.63559,6,11,143
237,9,3.62025,6,11,143
238,9,3.65546,6,13,145
239,9,3.66527,6,14,146
240,9,3.75,6,18,150
241,9,3.73444,6,18,150
242,9,3.71901,6,18,150
243,9,3.7037,6,18,150
244,9,3.71311,6,19,151
245,9,3.74694,6,21,153
246,9,3.73171,6,21,153
247,9,3.7166,6,21,153
248,9,3.70161,6,21,153
249,9,3.68675,6,21,153
250,9,3.696,6,22,154
251,9,3.70518,6,23,155
252,9,3.69048,6,23,155
253,9,3.67589,6,23,155
254,9,3.68504,6,24,156
255,9,3.76471,6,28,160
256,9,3.84375,6,32,164
257,9,3.82879,6,32,164
258,9,3.90698,6,36,168
259,9,3.89189,6,36,168
260,9,3.9,6,37,169
261,9,3.90805,6,38,170
262,9,3.91603,6,39,171
263,9,3.92395,6,40,172
264,9,3.90909,6,40,172
265,9,3.89434,6,40,172
266,9,3.8797,6,40,172
267,9,3.95506,6,44,176
268,9,3.96269,6,45,177
269,9,3.94796,6,45,177
270,9,3.95556,6,46,178
271,9,3.9631,6,47,179
272,9,3.94853,6,47,179
273,9,4.02198,6,51,183
274,9,4.0292,6,52,184
275,9,4.03636,6,53,185
276,9,4.04348,6,54,186
277,9,4.05054,6,55,187
278,9,4.1223,6,59,191
279,9,4.10753,6,59,191
280,10,4.11429,6,60,192
281,12,4.14235,6,62,194
282,13,4.14894,6,63,195
283,16,4.19788,6,66,198
284,17,4.20423,6,67,199
285,17,4.21053,6,68,200
286,18,4.21678,6,69,201
287,20,4.2439,6,71,203
288,20,4.3125,6,75,207
289,20,4.29758,6,75,207
290,20,4.28276,6,75,207
291,20,4.35052,6,79,211
292,20,4.35616,6,80,212
293,20,4.36177,6,81,213
294,20,4.42857,6,85,217
295,20,4.41356,6,85,217
296,20,4.41892,6,86,218
297,21,4.42424,6,87,219
298,21,4.48993,6,91,223
299,21,4.47492,5,0,223
300,22,4.48,5,1,224
301,23,4.48505,5,2,225
302,23,4.4702,4,0,225
303,23,4.45545,4,0,225
304,23,4.48026,4,2,227
305,23,4.46557,3,0,227
306,23,4.45098,3,0,227
307,23,4.43648,3,0,227
308,23,4.42208,3,0,227
309,23,4.40777,2,0,227