1,0,0,10,0,0
2,0,0,10,0,0
3,0,0,10,0,0
4,0,0,10,0,0
5,0,0,10,0,0
6,0,1,10,1,1
7,0,0.857143,10,1,1
8,0,0.75,10,1,1
9,0,2,10,3,3
10,0,1.8,10,3,3
11,0,1.63636,10,3,3
12,0,1.5,10,3,3
13,1,1.84615,10,4,4
14,1,2.57143,10,6,6
15,1,2.4,10,6,6
16,1,2.25,10,6,6
17,1,2.11765,10,6,6
18,1,2,10,6,6
19,1,1.89474,10,6,6
20,1,1.8,10,6,6
21,1,1.71429,10,6,6
22,1,1.90909,10,7,7
23,1,1.82609,10,7,7
24,1,2,10,8,8
25,1,1.92,10,8,8
26,1,1.84615,10,8,8
27,1,1.77778,10,8,8
28,1,2.57143,10,12,12
29,1,2.48276,10,12,12
30,1,2.6,10,13,13
31,1,3.09677,10,16,16
32,1,3,10,16,16
33,1,2.90909,10,16,16
34,1,2.82353,10,16,16
35,1,2.74286,10,16,16
36,1,2.66667,10,16,16
37,1,2.91892,10,18,18
38,1,2.84211,10,18,18
39,1,2.76923,10,18,18
40,1,2.7,10,18,18
41,1,3.5122,10,24,24
42,1,3.42857,10,24,24
43,1,3.48837,10,25,25
44,1,3.95455,10,29,29
45,1,4.13333,10,31,31
46,1,4.04348,10,31,31
47,1,4.46809,10,35,35
48,1,4.5,10,36,36
49,1,4.40816,10,36,36
50,1,4.32,9,0,36
51,1,4.23529,9,0,36
52,1,4.15385,9,0,36
53,1,4.07547,9,0,36
54,1,4,9,0,36
55,1,4.14545,9,2,38
56,1,4.07143,9,2,38
57,1,4.10526,9,3,39
58,1,4.34483,9,6,42
59,1,4.27119,9,6,42
60,1,4.6,9,10,46
61,1,4.62295,9,11,47
62,1,4.54839,9,11,47
63,1,4.47619,9,11,47
64,1,4.59375,9,13,49
65,1,4.52308,9,13,49
66,1,4.45455,9,13,49
67,1,4.38806,9,13,49
68,1,4.41176,9,14,50
69,1,4.43478,9,15,51
70,1,4.37143,9,15,51
71,1,4.30986,9,15,51
72,1,4.25,9,15,51
73,1,4.19178,9,15,51
74,1,4.21622,9,16,52
75,1,4.16,9,16,52
76,2,4.18421,9,17,53
77,2,4.12987,9,17,53
78,2,4.15385,9,18,54
79,2,4.17722,9,19,55
80,2,4.2,9,20,56
81,2,4.22222,9,21,57
82,2,4.17073,9,21,57
83,2,4.19277,9,22,58
84,2,4.21429,9,23,59
85,2,4.16471,9,23,59
86,2,4.11628,9,23,59
87,2,4.06897,9,23,59
88,2,4.02273,9,23,59
89,2,4.04494,9,24,60
90,2,4,9,24,60
91,2,3.95604,9,24,60
92,2,3.91304,9,24,60
93,2,3.87097,9,24,60
94,2,3.82979,9,24,60
95,2,3.85263,9,25,61
96,2,3.8125,9,25,61
97,2,3.83505,9,26,62
98,2,3.85714,9,27,63
99,2,3.87879,9,28,64
100,2,3.84,9,28,64
101,2,3.80198,9,28,64
102,2,4,9,32,68
103,2,3.96117,9,32,68
104,2,4.03846,9,34,70
105,2,4,9,34,70
106,2,3.96226,9,34,70
107,2,3.92523,9,34,70
108,2,3.88889,9,34,70
109,2,3.90826,9,35,71
110,2,3.87273,9,35,71
111,2,3.83784,9,35,71
112,2,3.85714,9,36,72
113,3,3.87611,9,37,73
114,3,3.84211,9,37,73
115,3,3.8087,9,37,73
116,3,3.77586,9,37,73
117,3,3.79487,9,38,74
118,3,3.76271,9,38,74
119,3,3.73109,9,38,74
120,3,3.75,9,39,75
121,3,3.71901,9,39,75
122,3,3.68852,9,39,75
123,3,3.70732,9,40,76
124,3,3.87097,9,44,80
125,3,3.84,9,44,80
126,3,3.80952,9,44,80
127,3,3.77953,9,44,80
128,3,3.75,9,44,80
129,3,3.76744,9,45,81
130,3,3.73846,9,45,81
131,3,3.70992,9,45,81
132,3,3.72727,9,46,82
133,3,3.69925,9,46,82
134,3,3.71642,9,47,83
135,3,3.68889,9,47,83
136,3,3.66176,9,47,83
137,3,3.63504,9,47,83
138,4,3.65217,9,48,84
139,4,3.66906,9,49,85
140,4,3.81429,9,53,89
141,4,3.78723,9,53,89
142,4,3.80282,9,54,90
143,4,3.81818,9,55,91
144,4,3.875,9,57,93
145,4,3.88966,9,58,94
146,4,3.90411,9,59,95
147,4,3.91837,9,60,96
148,4,3.89189,9,60,96
149,4,3.86577,9,60,96
150,4,3.88,9,61,97
151,4,4.05298,9,66,102
152,4,4.02632,9,66,102
153,4,4.03922,9,67,103
154,4,4.16883,9,71,107
155,4,4.18065,9,72,108
156,4,4.15385,9,72,108
157,4,4.16561,9,73,109
158,4,4.17722,9,74,110
159,4,4.15094,9,74,110
160,4,4.125,9,74,110
161,4,4.09938,9,74,110
162,4,4.07407,9,74,110
163,4,4.04908,9,74,110
164,4,4.02439,9,74,110
165,4,4.03636,9,75,111
166,5,4.04819,9,76,112
167,5,4.09581,9,78,114
168,5,4.21429,9,82,118
169,5,4.22485,9,83,119
170,5,4.23529,9,84,120
171,5,4.24561,9,85,121
172,5,4.22093,9,85,121
173,5,4.23121,9,86,122
174,5,4.24138,9,87,123
175,5,4.21714,9,87,123
176,5,4.32955,9,91,127
177,5,4.30508,9,91,127
178,5,4.2809,9,91,127
179,6,4.2905,9,92,128
180,6,4.26667,9,92,128
181,6,4.27624,9,93,129
182,6,4.25275,9,93,129
183,6,4.2623,9,94,130
184,6,4.23913,9,94,130
185,6,4.24865,9,95,131
186,6,4.22581,9,95,131
187,6,4.20321,8,0,131
188,6,4.18085,8,0,131
189,6,4.15873,8,0,131
190,6,4.13684,8,0,131
191,6,4.11518,8,0,131
192,6,4.125,8,1,132
193,6,4.10363,8,1,132
194,6,4.1134,8,2,133
195,6,4.09231,8,2,133
196,6,4.10204,8,3,134
197,6,4.11168,8,4,135
198,6,4.09091,8,4,135
199,6,4.1005,8,5,136
200,6,4.14,8,7,138
201,6,4.14925,8,8,139
202,6,4.24752,8,12,143
203,6,4.25616,8,13,144
204,6,4.26471,8,14,145
205,6,4.2439,8,14,145
206,6,4.33981,8,18,149
207,6,4.31884,8,18,149
208,6,4.29808,8,18,149
209,6,4.30622,8,19,150
210,6,4.28571,8,19,150
211,6,4.2654,8,19,150
212,6,4.27358,8,20,151
213,6,4.33803,8,23,154
214,6,4.31776,8,23,154
215,6,4.32558,8,24,155
216,6,4.38889,8,27,158
217,6,4.36866,8,27,158
218,6,4.34862,8,27,158
219,6,4.32877,8,27,158
220,6,4.36364,8,29,160
221,6,4.34389,8,29,160
222,6,4.32432,8,29,160
223,7,4.33184,8,30,161
224,7,4.3125,8,30,161
225,7,4.32,8,31,162
226,7,4.30088,8,31,162
227,7,4.38767,8,35,166
228,7,4.39474,8,36,167
229,7,4.37555,7,0,167
230,7,4.38261,7,1,168
231,7,4.36364,7,1,168
232,7,4.37069,7,2,169
233,7,4.35193,7,2,169
234,7,4.33333,7,2,169
235,7,4.34043,7,3,170
236,7,4.34746,7,4,171
237,7,4.32911,7,4,171
238,7,4.31092,7,4,171
239,7,4.31799,7,5,172
240,7,4.325,7,6,173
241,7,4.33195,7,7,174
242,7,4.31405,7,7,174
243,7,4.32099,7,8,175
244,7,4.32787,7,9,176
245,7,4.40816,7,13,180
246,7,4.4878,7,17,184
247,8,4.49393,7,18,185
248,8,4.47581,6,0,185
249,8,4.45783,6,0,185
250,8,4.464,6,1,186
251,8,4.47012,6,2,187
252,8,4.47619,6,3,188
253,8,4.48221,6,4,189
254,8,4.46457,6,4,189
255,8,4.44706,6,4,189
256,8,4.42969,6,4,189
257,8,4.41245,6,4,189
258,8,4.4186,6,5,190
259,8,4.44788,6,7,192
260,8,4.43077,6,7,192
261,8,4.45977,6,9,194
262,8,4.53435,6,13,198
263,8,4.53992,6,14,199
264,8,4.52273,6,14,199
265,8,4.57358,6,17,202
266,8,4.64662,6,21,206
267,8,4.62921,6,21,206
268,8,4.63433,6,22,207
269,8,4.6171,6,22,207
270,8,4.62222,6,23,208
271,9,4.62731,6,24,209
272,10,4.63235,6,25,210
273,10,4.63736,6,26,211
274,11,4.64234,6,27,212
275,11,4.64727,6,28,213
276,11,4.63043,6,28,213
277,11,4.61372,6,28,213
278,11,4.59712,6,28,213
279,11,4.58065,6,28,213
280,11,4.58571,6,29,214
281,11,4.5694,6,29,214
282,11,4.55319,6,29,214
283,11,4.5371,6,29,214
284,11,4.56338,6,31,216
285,11,4.56842,6,32,217
286,11,4.59441,6,34,219
287,11,4.5784,6,34,219
288,12,4.58333,6,35,220
289,12,4.56747,6,35,220
290,12,4.55172,6,35,220
291,12,4.53608,6,35,220
292,12,4.52055,6,35,220
293,12,4.5256,6,36,221
294,12,4.5102,6,36,221
295,12,4.55593,6,39,224
296,12,4.54054,6,39,224
297,12,4.60606,6,43,228
