1,0,0,10,0,0
2,0,0,10,0,0
3,0,0,10,0,0
4,0,0,10,0,0
5,0,0,10,0,0
6,0,0,10,0,0
7,0,0,10,0,0
8,0,0.75,10,1,1
9,0,0.666667,10,1,1
10,0,0.6,10,1,1
11,0,1.63636,10,3,3
12,0,1.5,10,3,3
13,0,1.38462,10,3,3
14,0,1.28571,10,3,3
15,0,2,10,5,5
16,0,1.875,10,5,5
17,0,1.76471,10,5,5
18,0,1.66667,10,5,5
19,0,1.57895,10,5,5
20,0,1.5,10,5,5
21,0,1.42857,10,5,5
22,0,1.36364,10,5,5
23,0,1.56522,10,6,6
24,0,1.75,10,7,7
25,0,1.92,10,8,8
26,0,1.84615,10,8,8
27,0,1.77778,10,8,8
28,0,1.92857,10,9,9
29,0,2.06897,10,10,10
30,0,2,10,10,10
31,0,1.93548,10,10,10
32,0,2.0625,10,11,11
33,0,2.18182,10,12,12
34,0,2.11765,10,12,12
35,0,2.57143,10,15,15
36,0,2.5,10,15,15
37,0,2.43243,10,15,15
38,0,2.36842,10,15,15
39,0,2.30769,10,15,15
40,0,2.25,10,15,15
41,0,2.19512,10,15,15
42,0,2.14286,10,15,15
43,1,2.23256,10,16,16
44,1,2.18182,10,16,16
45,1,2.26667,10,17,17
46,1,2.34783,10,18,18
47,1,2.29787,10,18,18
48,1,2.5,10,20,20
49,1,2.69388,10,22,22
50,1,2.76,10,23,23
51,1,2.70588,10,23,23
52,1,2.65385,10,23,23
53,1,2.60377,10,23,23
54,1,2.55556,10,23,23
55,1,2.50909,9,0,23
56,1,2.46429,9,0,23
57,1,2.42105,9,0,23
58,1,2.37931,9,0,23
59,1,2.33898,9,0,23
60,1,2.3,9,0,23
61,1,2.2623,9,0,23
62,1,2.32258,9,1,24
63,1,2.28571,9,1,24
64,1,2.625,9,5,28
65,1,2.67692,9,6,29
66,1,2.63636,9,6,29
67,1,2.59701,9,6,29
68,1,2.64706,9,7,30
69,1,2.6087,9,7,30
70,1,2.57143,9,7,30
71,1,2.53521,9,7,30
72,1,2.5,9,7,30
73,1,2.46575,9,7,30
74,1,2.43243,9,7,30
75,1,2.4,8,0,30
76,1,2.36842,8,0,30
77,1,2.33766,8,0,30
78,1,2.30769,8,0,30
79,1,2.27848,8,0,30
80,1,2.25,8,0,30
81,1,2.22222,8,0,30
82,1,2.19512,8,0,30
83,2,2.24096,8,1,31
84,2,2.21429,8,1,31
85,2,2.47059,8,5,35
86,2,2.72093,8,9,39
87,2,2.68966,8,9,39
88,2,2.65909,8,9,39
89,2,2.69663,8,10,40
90,2,2.73333,8,11,41
91,2,2.76923,8,12,42
92,2,2.80435,8,13,43
93,2,2.77419,8,13,43
94,2,3,8,17,47
95,2,3.03158,8,18,48
96,2,3,8,18,48
97,2,2.96907,8,18,48
98,2,3.18367,8,22,52
99,2,3.15152,8,22,52
100,2,3.48,8,28,58
101,2,3.44554,8,28,58
102,2,3.47059,8,29,59
103,2,3.43689,8,29,59
104,2,3.46154,8,30,60
105,2,3.42857,8,30,60
106,2,3.39623,8,30,60
107,2,3.36449,8,30,60
108,2,3.38889,8,31,61
109,2,3.41284,8,32,62
110,2,3.49091,8,34,64
111,2,3.45946,8,34,64
112,2,3.42857,8,34,64
113,2,3.45133,8,35,65
114,3,3.47368,8,36,66
115,3,3.44348,8,36,66
116,3,3.41379,8,36,66
117,3,3.4359,8,37,67
118,3,3.61017,8,41,71
119,3,3.68067,8,43,73
120,3,3.65,8,43,73
121,3,3.81818,8,47,77
122,3,3.83607,8,48,78
123,3,4.09756,8,54,84
124,3,4.06452,8,54,84
125,3,4.032,8,54,84
126,3,4.04762,8,55,85
127,3,4.01575,8,55,85
128,3,3.98438,7,0,85
129,3,4.23256,7,6,91
130,3,4.2,7,6,91
131,3,4.21374,7,7,92
132,3,4.22727,7,8,93
133,3,4.2406,7,9,94
134,3,4.25373,7,10,95
135,3,4.22222,7,10,95
136,3,4.19118,7,10,95
137,3,4.20438,7,11,96
138,3,4.17391,7,11,96
139,3,4.18705,7,12,97
140,3,4.2,7,13,98
141,3,4.17021,7,13,98
142,3,4.1831,7,14,99
143,3,4.1958,7,15,100
144,3,4.20833,7,16,101
145,3,4.17931,7,16,101
146,3,4.19178,7,17,102
147,3,4.2449,7,19,104
148,3,4.21622,6,0,104
149,3,4.18792,6,0,104
150,3,4.16,6,0,104
151,3,4.13245,6,0,104
152,3,4.14474,6,1,105
153,3,4.11765,6,1,105
154,3,4.12987,6,2,106
155,3,4.10323,6,2,106
156,3,4.11538,6,3,107
157,3,4.08917,6,3,107
158,3,4.06329,6,3,107
159,3,4.03774,6,3,107
160,3,4.0125,6,3,107
161,3,4.02484,6,4,108
162,3,4,6,4,108
163,3,3.97546,6,4,108
164,3,3.9878,6,5,109
165,3,4,6,6,110
166,3,3.9759,6,6,110
167,3,3.9521,6,6,110
168,3,4.07143,6,10,114
169,3,4.04734,6,10,114
170,3,4.02353,6,10,114
171,3,4.03509,6,11,115
172,3,4.01163,6,11,115
173,3,4.0578,6,13,117
174,3,4.03448,6,13,117
175,3,4.04571,6,14,118
176,3,4.05682,6,15,119
177,5,4.10169,6,17,121
178,5,4.07865,6,17,121
179,5,4.05587,6,17,121
180,5,4.03333,6,17,121
181,5,4.0442,6,18,122
182,5,4.05495,6,19,123
183,5,4.06557,6,20,124
184,5,4.04348,6,20,124
185,5,4.02162,6,20,124
186,5,4,6,20,124
187,5,4.10695,6,24,128
188,5,4.08511,5,0,128
189,5,4.09524,5,1,129
190,5,4.07368,5,1,129
191,5,4.05236,5,1,129
192,5,4.03125,5,1,129
193,5,4.04145,5,2,130
194,5,4.08247,5,4,132
195,5,4.06154,5,4,132
196,5,4.04082,5,4,132
197,5,4.0203,5,4,132
198,5,4,5,4,132
199,5,3.9799,5,4,132
200,5,3.96,5,4,132
201,5,3.97015,5,5,133
202,5,3.9505,5,5,133
203,5,3.96059,5,6,134
204,5,3.94118,5,6,134
205,5,3.92195,5,6,134
206,5,3.90291,5,6,134
207,5,3.88406,5,6,134
208,5,3.86538,5,6,134
209,5,3.84689,5,6,134
210,5,3.82857,5,6,134
211,5,3.83886,5,7,135
212,5,3.84906,5,8,136
213,5,3.85915,5,9,137
214,5,3.84112,5,9,137
215,5,3.82326,5,9,137
216,5,3.80556,5,9,137
217,5,3.78802,5,9,137
218,5,3.77064,5,9,137
219,5,3.75342,5,9,137
220,5,3.76364,5,10,138
221,5,3.77376,5,11,139
222,5,3.75676,4,0,139
223,5,3.73991,4,0,139
224,5,3.75,4,1,140
225,5,3.73333,4,1,140
226,5,3.74336,4,2,141
227,5,3.72687,4,2,141
228,5,3.73684,4,3,142
229,5,3.74672,4,4,143
230,5,3.73043,4,4,143
231,5,3.74026,4,5,144
232,5,3.72414,4,5,144
233,5,3.70815,4,5,144
234,5,3.69231,4,5,144
235,5,3.72766,4,7,146
236,5,3.71186,4,7,146
237,5,3.6962,4,7,146
238,5,3.68067,4,7,146
239,5,3.66527,4,7,146
240,5,3.75,4,11,150
241,5,3.88382,4,17,156
242,5,3.86777,4,17,156
243,5,3.85185,4,17,156
244,6,3.86066,4,18,157
245,6,3.8449,4,18,157
246,6,3.82927,4,18,157
247,6,3.81377,4,18,157
248,6,3.79839,3,0,157
249,6,3.78313,3,0,157
250,6,3.768,3,0,157
251,7,3.77689,3,1,158
252,7,3.78571,3,2,159
253,8,3.79447,3,3,160
254,8,3.77953,2,0,160
255,8,3.76471,2,0,160
256,8,3.75,2,0,160
257,8,3.73541,2,0,160
258,8,3.81395,2,4,164
259,8,3.82239,2,5,165
260,9,3.83077,2,6,166
261,9,3.81609,2,6,166
262,9,3.84733,2,8,168
263,9,3.8327,2,8,168
264,9,3.86364,2,10,170
265,9,3.84906,2,10,170
266,9,3.85714,2,11,171
267,9,3.8427,2,11,171
268,9,3.82836,2,11,171
269,9,3.85874,2,13,173
270,9,3.86667,2,14,174
271,9,3.8524,2,14,174
272,9,3.83824,2,14,174
273,10,3.84615,2,15,175
274,10,3.83212,2,15,175
275,10,3.81818,2,15,175
276,10,3.82609,2,16,176
277,11,3.83394,2,17,177
278,11,3.82014,2,17,177
279,11,3.80645,2,17,177
280,11,3.79286,2,17,177
281,11,3.77936,2,17,177
282,11,3.78723,2,18,178
283,11,3.79505,2,19,179
284,11,3.8662,2,23,183
285,11,3.85263,2,23,183
286,11,3.83916,2,23,183
287,11,3.84669,2,24,184
288,11,3.83333,2,24,184
289,11,3.82007,2,24,184
290,11,3.88966,2,28,188
291,11,4,2,34,194
292,11,4.00685,2,35,195
293,11,3.99317,2,35,195
294,11,4,2,36,196
295,11,4.00678,2,37,197
296,12,4.01351,2,38,198
297,12,4,2,38,198
298,12,4.02685,2,40,200
299,13,4.03344,2,41,201
300,13,4.02,1,0,201
301,13,4.02658,1,1,202
302,13,4.03311,1,2,203
303,13,4.0396,1,3,204
304,13,4.02632,1,3,204
305,13,4.01311,1,3,204
306,13,4.01961,1,4,205
307,13,4.00651,1,4,205
308,13,4.11039,1,10,211