1,0,0,10,0,0
2,0,0,10,0,0
3,0,2,10,1,1
4,0,1.5,10,1,1
5,0,2.4,10,2,2
6,0,2,10,2,2
7,0,2.57143,10,3,3
8,0,3,10,4,4
9,0,2.66667,10,4,4
10,0,4.8,10,8,8
11,1,4.90909,10,9,9
12,1,4.5,10,9,9
13,1,4.61538,10,10,10
14,1,4.71429,10,11,11
15,1,4.8,10,12,12
16,1,4.5,10,12,12
17,1,4.23529,10,12,12
18,1,4.33333,10,13,13
19,1,5.36842,10,17,17
20,1,5.1,10,17,17
21,1,4.85714,10,17,17
22,1,4.63636,10,17,17
23,1,4.69565,10,18,18
24,1,4.5,10,18,18
25,1,4.32,10,18,18
26,1,4.15385,10,18,18
27,1,4,10,18,18
28,1,3.85714,10,18,18
29,1,3.72414,10,18,18
30,1,3.6,10,18,18
31,1,3.48387,10,18,18
32,1,3.5625,10,19,19
33,1,3.45455,10,19,19
34,1,3.35294,10,19,19
35,1,3.42857,10,20,20
36,1,3.33333,10,20,20
37,1,3.24324,10,20,20
38,1,3.47368,10,22,22
39,1,3.53846,10,23,23
40,1,3.75,10,25,25
41,1,3.80488,10,26,26
42,1,3.71429,10,26,26
43,1,3.62791,10,26,26
44,1,3.68182,10,27,27
45,1,3.6,10,27,27
46,1,4.04348,10,31,31
47,1,3.95745,10,31,31
48,1,3.875,10,31,31
49,1,3.79592,10,31,31
50,1,3.72,10,31,31
51,1,3.64706,10,31,31
52,1,3.80769,10,33,33
53,1,4.18868,10,37,37
54,1,4.55556,10,41,41
55,1,4.47273,10,41,41
56,1,4.39286,10,41,41
57,1,4.31579,10,41,41
58,1,4.24138,10,41,41
59,1,4.16949,10,41,41
60,2,4.2,10,42,42
61,2,4.13115,10,42,42
62,2,4.06452,10,42,42
63,2,4,10,42,42
64,2,3.9375,10,42,42
65,2,3.96923,10,43,43
66,2,4,10,44,44
67,2,3.9403,10,44,44
68,2,3.97059,10,45,45
69,2,4,10,46,46
70,2,3.94286,10,46,46
71,2,3.88732,9,0,46
72,2,3.91667,9,1,47
73,2,3.86301,9,1,47
74,2,3.81081,9,1,47
75,2,3.76,9,1,47
76,2,3.71053,9,1,47
77,2,3.66234,9,1,47
78,2,3.61538,9,1,47
79,2,3.56962,9,1,47
80,2,3.525,9,1,47
81,2,3.55556,9,2,48
82,2,3.5122,9,2,48
83,2,3.46988,9,2,48
84,2,3.57143,9,4,50
85,2,3.52941,9,4,50
86,2,3.48837,9,4,50
87,2,3.51724,9,5,51
88,2,3.47727,9,5,51
89,2,3.4382,9,5,51
90,2,3.46667,9,6,52
91,2,3.49451,9,7,53
92,2,3.45652,9,7,53
93,2,3.48387,9,8,54
94,2,3.44681,9,8,54
95,2,3.47368,9,9,55
96,2,3.4375,9,9,55
97,2,3.40206,9,9,55
98,2,3.36735,9,9,55
99,2,3.33333,9,9,55
100,2,3.3,9,9,55
101,2,3.32673,9,10,56
102,2,3.29412,9,10,56
103,2,3.49515,9,14,60
104,2,3.51923,9,15,61
105,2,3.54286,9,16,62
106,2,3.73585,9,20,66
107,2,3.70093,9,20,66
108,2,3.77778,9,22,68
109,2,3.74312,9,22,68
110,2,3.76364,9,23,69
111,2,3.94595,9,27,73
112,2,3.91071,9,27,73
113,2,3.87611,9,27,73
114,2,3.84211,9,27,73
115,2,3.8087,9,27,73
116,2,3.77586,9,27,73
117,2,3.84615,9,29,75
118,3,3.86441,9,30,76
119,3,3.83193,9,30,76
120,3,3.85,9,31,77
121,3,3.81818,9,31,77
122,3,3.78689,9,31,77
123,3,3.7561,9,31,77
124,3,3.91935,9,35,81
125,3,3.888,9,35,81
126,3,3.85714,9,35,81
127,3,3.82677,9,35,81
128,3,3.79688,9,35,81
129,3,3.76744,9,35,81
130,4,3.78462,9,36,82
131,4,3.80153,9,37,83
132,4,3.77273,9,37,83
133,4,3.74436,9,37,83
134,4,3.71642,8,0,83
135,4,3.68889,8,0,83
136,4,3.70588,8,1,84
137,4,3.72263,8,2,85
138,4,3.69565,8,2,85
139,4,3.71223,8,3,86
140,4,3.68571,8,3,86
141,4,3.65957,8,3,86
142,4,3.6338,8,3,86
143,4,3.65035,8,4,87
144,4,3.625,8,4,87
145,4,3.68276,8,6,89
146,4,3.73973,8,8,91
147,4,3.71429,8,8,91
148,4,3.72973,8,9,92
149,4,3.7047,8,9,92
150,4,3.68,8,9,92
151,4,3.81457,8,13,96
152,4,3.82895,8,14,97
153,4,3.84314,8,15,98
154,4,3.85714,8,16,99
155,4,3.87097,8,17,100
156,4,3.84615,8,17,100
157,4,3.82166,8,17,100
158,4,3.83544,8,18,101
159,4,3.81132,8,18,101
160,4,3.825,8,19,102
161,4,3.83851,8,20,103
162,4,3.88889,8,22,105
163,4,4.01227,8,26,109
164,4,3.9878,8,26,109
165,4,4,8,27,110
166,4,4.01205,8,28,111
167,4,4.02395,8,29,112
168,4,4,8,29,112
169,4,4.01183,8,30,113
170,4,3.98824,8,30,113
171,4,4,8,31,114
172,4,3.97674,8,31,114
173,4,3.95376,8,31,114
174,4,3.96552,8,32,115
175,4,3.97714,8,33,116
176,4,3.95455,8,33,116
177,4,3.9661,8,34,117
178,4,3.97753,8,35,118
179,4,3.95531,8,35,118
180,4,3.93333,8,35,118
181,4,3.94475,8,36,119
182,4,3.92308,8,36,119
183,4,3.90164,8,36,119
184,4,3.88043,8,36,119
185,4,3.85946,8,36,119
186,4,3.83871,8,36,119
187,4,3.81818,8,36,119
188,4,3.79787,8,36,119
189,4,3.80952,8,37,120
190,4,3.78947,7,0,120
191,4,3.76963,7,0,120
192,4,3.78125,6,0,121
193,4,3.76166,6,0,121
194,4,3.74227,6,0,121
195,4,3.72308,6,0,121
196,4,3.82653,6,4,125
197,4,3.83756,6,5,126
198,4,3.87879,6,7,128
199,4,3.8593,6,7,128
200,6,3.9,6,9,130
201,6,3.91045,6,10,131
202,6,3.89109,6,10,131
203,6,4.04926,6,16,137
204,6,4.02941,6,16,137
205,6,4.00976,6,16,137
206,6,3.99029,6,16,137
207,6,4,6,17,138
208,6,3.98077,6,17,138
209,6,3.96172,6,17,138
210,6,3.97143,6,18,139
211,6,3.98104,6,19,140
212,6,3.99057,6,20,141
213,6,4.02817,6,22,143
214,6,4.03738,6,23,144
215,6,4.04651,6,24,145
216,6,4.05556,6,25,146
217,6,4.06452,6,26,147
218,6,4.07339,6,27,148
219,6,4.08219,6,28,149
220,6,4.06364,6,28,149
221,6,4.0724,6,29,150
222,6,4.08108,6,30,151
223,6,4.06278,6,30,151
224,6,4.09821,6,32,153
225,6,4.10667,6,33,154
226,6,4.11504,6,34,155
227,6,4.14978,6,36,157
228,6,4.23684,6,40,161
229,6,4.21834,6,40,161
230,6,4.22609,6,41,162
231,6,4.23377,6,42,163
232,6,4.24138,6,43,164
233,6,4.24893,6,44,165
234,7,4.25641,6,45,166
235,7,4.26383,6,46,167
236,7,4.24576,5,0,167
237,7,4.25316,5,1,168
238,7,4.23529,5,1,168
239,7,4.21757,5,1,168
240,7,4.2,5,1,168
241,7,4.18257,5,1,168
242,7,4.19008,5,2,169
243,7,4.22222,5,4,171
244,7,4.20492,5,4,171
245,7,4.18776,5,4,171
246,7,4.26829,5,8,175
247,7,4.2753,5,9,176
248,7,4.25806,5,9,176
249,7,4.26506,5,10,177
250,7,4.272,5,11,178
251,7,4.25498,5,11,178
252,7,4.2619,5,12,179
253,7,4.26877,5,13,180
254,7,4.27559,5,14,181
255,7,4.28235,5,15,182
256,7,4.3125,5,17,184
257,7,4.29572,5,17,184
258,7,4.27907,5,17,184
259,7,4.28571,5,18,185
260,7,4.29231,5,19,186
261,7,4.34483,5,22,189
262,7,4.35115,5,23,190
263,7,4.3346,5,23,190
264,7,4.34091,5,24,191
265,7,4.34717,5,25,192
266,7,4.35338,5,26,193
267,7,4.38202,5,28,195
268,7,4.38806,5,29,196
269,7,4.37175,5,29,196
270,7,4.35556,5,29,196
271,7,4.36162,5,30,197
272,7,4.34559,5,30,197
273,11,4.41758,5,34,201
274,11,4.42336,5,35,202
275,12,4.42909,5,36,203
276,12,4.43478,5,37,204
277,12,4.41877,5,37,204
278,12,4.42446,5,38,205
279,12,4.43011,5,39,206
280,12,4.5,5,43,210
281,12,4.48399,5,43,210
282,12,4.46809,5,43,210
283,12,4.4735,5,44,211
284,12,4.54225,5,48,215
