1,0,0,10,0,0
2,0,0,10,0,0
3,0,2,10,1,1
4,0,1.5,10,1,1
5,0,1.2,10,1,1
6,0,1,10,1,1
7,0,0.857143,10,1,1
8,0,1.5,10,2,2
9,0,2,10,3,3
10,0,4.2,10,7,7
11,0,3.81818,10,7,7
12,0,3.5,10,7,7
13,0,3.23077,10,7,7
14,0,4.71429,10,11,11
15,0,4.4,10,11,11
16,0,4.125,10,11,11
17,0,3.88235,10,11,11
18,0,3.66667,10,11,11
19,0,3.47368,10,11,11
20,0,3.3,10,11,11
21,0,4.85714,10,17,17
22,0,4.63636,10,17,17
23,0,4.43478,10,17,17
24,0,4.25,10,17,17
25,0,4.08,10,17,17
26,0,3.92308,10,17,17
27,0,4,10,18,18
28,0,3.85714,9,0,18
29,4,4.55172,9,4,22
30,4,4.4,9,4,22
31,4,4.25806,9,4,22
32,4,4.125,9,4,22
33,4,4,8,0,22
34,4,3.88235,8,0,22
35,4,3.77143,8,0,22
36,4,3.66667,8,0,22
37,4,3.72973,8,1,23
38,4,3.63158,8,1,23
39,4,3.53846,8,1,23
40,4,3.45,8,1,23
41,4,3.36585,8,1,23
42,4,3.28571,8,1,23
43,4,3.34884,8,2,24
44,4,3.27273,8,2,24
45,4,3.2,8,2,24
46,4,3.65217,8,6,28
47,4,3.57447,8,6,28
48,4,3.5,8,6,28
49,4,3.42857,8,6,28
50,4,3.6,8,8,30
51,4,3.52941,8,8,30
52,4,3.46154,8,8,30
53,4,3.39623,8,8,30
54,4,3.33333,8,8,30
55,4,3.38182,8,9,31
56,4,3.32143,7,0,31
57,4,3.26316,7,0,31
58,4,3.2069,7,0,31
59,4,3.25424,7,1,32
60,4,3.2,7,1,32
61,4,3.14754,7,1,32
62,4,3.09677,7,1,32
63,4,3.2381,7,3,34
64,4,3.1875,7,3,34
65,4,3.13846,6,0,34
66,4,3.09091,6,0,34
67,4,3.04478,6,0,34
68,4,3.35294,6,4,38
69,4,3.65217,6,8,42
70,4,3.6,6,8,42
71,4,3.5493,6,8,42
72,4,3.75,6,11,45
73,4,3.69863,6,11,45
74,4,3.64865,6,11,45
75,4,3.6,6,11,45
76,4,3.55263,6,11,45
77,4,3.58442,6,12,46
78,4,3.53846,6,12,46
79,4,3.49367,6,12,46
80,5,3.525,6,13,47
81,5,3.62963,6,15,49
82,5,3.58537,6,15,49
83,5,3.54217,6,15,49
84,5,3.5,6,15,49
85,5,3.45882,6,15,49
86,5,3.4186,6,15,49
87,5,3.37931,6,15,49
88,5,3.34091,6,15,49
89,5,3.30337,6,15,49
90,5,3.26667,6,15,49
91,5,3.23077,6,15,49
92,5,3.26087,6,16,50
93,5,3.29032,6,17,51
94,5,3.25532,6,17,51
95,5,3.28421,6,18,52
96,5,3.3125,6,19,53
97,5,3.27835,6,19,53
98,5,3.30612,6,20,54
99,5,3.33333,6,21,55
100,5,3.3,6,21,55
101,5,3.32673,6,22,56
102,5,3.29412,6,22,56
103,5,3.26214,6,22,56
104,5,3.46154,6,26,60
105,5,3.42857,6,26,60
106,5,3.39623,6,26,60
107,5,3.36449,6,26,60
108,5,3.55556,6,30,64
109,5,3.52294,6,30,64
110,6,3.54545,6,31,65
111,6,3.51351,6,31,65
112,6,3.53571,6,32,66
113,7,3.55752,6,33,67
114,7,3.52632,6,33,67
115,7,3.54783,6,34,68
116,7,3.51724,6,34,68
117,7,3.64103,6,37,71
118,7,3.61017,6,37,71
119,7,3.63025,6,38,72
120,7,3.65,6,39,73
121,7,3.61983,6,39,73
122,7,3.59016,6,39,73
123,7,3.56098,6,39,73
124,7,3.58065,6,40,74
125,7,3.6,6,41,75
126,7,3.57143,6,41,75
127,7,3.59055,6,42,76
128,7,3.5625,6,42,76
129,7,3.53488,6,42,76
130,9,3.6,6,44,78
131,9,3.57252,6,44,78
132,9,3.59091,6,45,79
133,9,3.83459,6,51,85
134,9,3.80597,6,51,85
135,9,3.82222,6,52,86
136,10,3.83824,6,53,87
137,10,3.85401,6,54,88
138,10,3.86957,6,55,89
139,10,3.84173,6,55,89
140,10,3.85714,6,56,90
141,10,3.82979,6,56,90
142,10,3.80282,6,56,90
143,10,3.77622,6,56,90
144,10,3.75,6,56,90
145,10,3.76552,6,57,91
146,10,3.78082,6,58,92
147,10,3.7551,5,0,92
148,10,3.72973,5,0,92
149,10,3.7047,5,0,92
150,10,3.68,5,0,92
151,10,3.81457,5,4,96
152,10,3.78947,5,4,96
153,10,3.80392,5,5,97
154,10,3.77922,5,5,97
155,10,3.79355,5,6,98
156,10,3.76923,5,6,98
157,10,3.78344,5,7,99
158,10,3.75949,5,7,99
159,11,3.77358,5,8,100
160,11,3.7875,5,9,101
161,11,3.80124,5,10,102
162,11,3.77778,5,10,102
163,11,3.7546,5,10,102
164,11,3.73171,5,10,102
165,11,3.70909,5,10,102
166,11,3.68675,5,10,102
167,11,3.66467,5,10,102
168,11,3.67857,5,11,103
169,11,3.69231,5,12,104
170,11,3.81176,5,16,108
171,11,3.82456,5,17,109
172,11,3.80233,5,17,109
173,11,3.78035,5,17,109
174,11,3.89655,5,21,113
175,11,3.87429,5,21,113
176,11,3.88636,5,22,114
177,11,3.86441,5,22,114
178,11,3.8764,5,23,115
179,11,3.85475,5,23,115
180,11,3.83333,5,23,115
181,11,3.81215,5,23,115
182,11,3.79121,4,0,115
183,11,3.77049,4,0,115
184,11,3.75,4,0,115
185,11,3.72973,4,0,115
186,12,3.74194,4,1,116
187,12,3.72193,4,1,116
188,12,3.70213,4,1,116
189,12,3.68254,4,1,116
190,12,3.66316,4,1,116
191,12,3.67539,4,2,117
192,12,3.65625,4,2,117
193,12,3.63731,4,2,117
194,12,3.61856,4,2,117
195,12,3.6,4,2,117
196,12,3.58163,4,2,117
197,12,3.56345,4,2,117
198,12,3.54545,4,2,117
199,12,3.55779,4,3,118
200,12,3.54,4,3,118
201,12,3.52239,4,3,118
202,13,3.53465,4,4,119
203,13,3.5468,4,5,120
204,13,3.55882,4,6,121
205,13,3.54146,4,6,121
206,13,3.52427,4,6,121
207,13,3.53623,4,7,122
208,13,3.54808,4,8,123
209,13,3.5311,4,8,123
210,13,3.51429,4,8,123
211,13,3.49763,4,8,123
212,13,3.48113,4,8,123
213,13,3.46479,4,8,123
214,13,3.4486,4,8,123
215,13,3.46047,4,9,124
216,13,3.44444,4,9,124
217,13,3.42857,4,9,124
218,13,3.41284,4,9,124
219,13,3.39726,4,9,124
220,13,3.38182,4,9,124
221,13,3.36652,4,9,124
222,13,3.35135,4,9,124
223,13,3.33632,4,9,124
224,14,3.375,4,11,126
225,15,3.44,4,14,129
226,15,3.45133,4,15,130
227,15,3.46256,4,16,131
228,16,3.47368,4,17,132
229,16,3.45852,4,17,132
230,16,3.44348,4,17,132
231,16,3.42857,4,17,132
232,16,3.41379,4,17,132
233,16,3.39914,4,17,132
234,16,3.38462,4,17,132
235,16,3.39574,4,18,133
236,16,3.38136,4,18,133
237,16,3.36709,4,18,133
238,16,3.35294,4,18,133
239,16,3.43933,4,22,137
240,16,3.525,4,26,141
241,16,3.51037,4,26,141
242,16,3.52066,4,27,142
243,16,3.50617,4,27,142
244,16,3.4918,4,27,142
245,16,3.57551,4,31,146
246,16,3.56098,4,31,146
247,16,3.54656,4,31,146
248,16,3.55645,4,32,147
249,16,3.56627,4,33,148
250,16,3.576,4,34,149
251,20,3.65737,4,38,153
252,20,3.64286,4,38,153
253,20,3.65217,4,39,154
254,21,3.66142,4,40,155
255,21,3.64706,4,40,155
256,21,3.65625,4,41,156
257,21,3.64202,3,0,156
258,21,3.65116,3,1,157
259,21,3.63707,3,1,157
260,21,3.62308,3,1,157
261,21,3.6092,3,1,157
262,21,3.59542,3,1,157
263,21,3.58175,3,1,157
264,21,3.59091,3,2,158
265,21,3.6,3,3,159
266,21,3.60902,3,4,160
267,21,3.59551,3,4,160
268,21,3.58209,3,4,160
269,21,3.56877,3,4,160
270,21,3.55556,3,4,160
271,21,3.54244,3,4,160
272,21,3.55147,3,5,161
273,21,3.53846,2,0,161
274,21,3.52555,2,0,161
275,21,3.51273,2,0,161
276,21,3.52174,2,1,162
277,21,3.50903,2,1,162
278,21,3.6259,2,7,168
279,21,3.6129,2,7,168
280,21,3.6,2,7,168
281,21,3.58719,2,7,168
282,21,3.57447,2,7,168
283,21,3.56184,2,7,168
284,21,3.5493,2,7,168
285,21,3.55789,2,8,169
286,21,3.54545,2,8,169
287,21,3.5331,2,8,169
288,21,3.52083,2,8,169
289,22,3.52941,2,9,170
290,22,3.53793,2,10,171
291,22,3.54639,2,11,172
292,22,3.53425,2,11,172
293,22,3.52218,2,11,172
294,22,3.5102,2,11,172
295,22,3.49831,2,11,172
296,22,3.50676,2,12,173
297,22,3.49495,2,12,173
298,22,3.50336,2,13,174
299,22,3.61204,2,19,180
300,22,3.6,2,19,180
301,22,3.58804,2,19,180
302,22,3.57616,2,19,180
303,22,3.58416,2,20,181
304,22,3.57237,2,20,181
305,22,3.56066,1,0,181
306,22,3.54902,1,0,181
307,22,3.53746,1,0,181
308,22,3.52597,1,0,181
309,22,3.51456,1,0,181
310,22,3.50323,1,0,181
311,22,3.49196,1,0,181
312,22,3.48077,1,0,181
