1,0,0,10,0,0
2,0,0,10,0,0
3,0,0,10,0,0
4,0,0,10,0,0
5,0,0,10,0,0
6,0,0,10,0,0
7,0,0,10,0,0
8,1,1.5,10,2,2
9,2,2,10,3,3
10,2,3.6,10,6,6
11,2,4.36364,10,8,8
12,2,4,10,8,8
13,2,5.53846,10,12,12
14,2,5.14286,10,12,12
15,2,4.8,10,12,12
16,2,4.5,10,12,12
17,2,4.23529,10,12,12
18,2,5,10,15,15
19,2,6,10,19,19
20,2,5.7,10,19,19
21,2,5.42857,10,19,19
22,2,5.18182,10,19,19
23,2,6.52174,10,25,25
24,2,6.25,10,25,25
25,2,6,10,25,25
26,2,5.76923,10,25,25
27,2,5.55556,10,25,25
28,2,5.35714,9,0,25
29,2,5.17241,9,0,25
30,2,5,9,0,25
31,2,4.83871,9,0,25
32,2,4.6875,9,0,25
33,3,4.72727,9,1,26
34,4,5.82353,9,8,33
35,4,5.82857,9,9,34
36,4,5.66667,9,9,34
37,4,5.51351,9,9,34
38,4,5.36842,9,9,34
39,4,5.23077,9,9,34
40,4,5.1,9,9,34
41,4,4.97561,9,9,34
42,4,4.85714,9,9,34
43,4,4.88372,9,10,35
44,4,4.77273,9,10,35
45,4,4.66667,9,10,35
46,4,4.56522,9,10,35
47,4,4.46809,9,10,35
48,4,4.375,9,10,35
49,4,4.28571,9,10,35
50,4,4.2,9,10,35
51,4,4.11765,9,10,35
52,4,4.03846,9,10,35
53,4,4.07547,9,11,36
54,4,4.22222,9,13,38
55,4,4.14545,9,13,38
56,4,4.07143,9,13,38
57,4,4.10526,9,14,39
58,4,4.03448,8,0,39
59,4,3.9661,8,0,39
60,4,3.9,8,0,39
61,4,3.83607,8,0,39
62,4,3.77419,8,0,39
63,4,3.71429,8,0,39
64,4,3.65625,8,0,39
65,4,3.6,8,0,39
66,4,3.54545,8,0,39
67,4,3.58209,8,1,40
68,4,3.52941,8,1,40
69,4,3.47826,8,1,40
70,4,3.42857,8,1,40
71,4,3.46479,8,2,41
72,4,3.5,8,3,42
73,4,3.45205,8,3,42
74,4,3.72973,8,7,46
75,4,3.76,8,8,47
76,4,3.78947,8,9,48
77,4,3.74026,8,9,48
78,4,3.76923,8,10,49
79,4,3.72152,8,10,49
80,4,3.675,8,10,49
81,4,3.62963,8,10,49
82,4,3.58537,8,10,49
83,4,3.83133,8,14,53
84,4,3.78571,8,14,53
85,4,3.74118,8,14,53
86,4,3.69767,8,14,53
87,4,3.65517,8,14,53
88,5,3.68182,8,15,54
89,5,3.70787,8,16,55
90,5,3.73333,8,17,56
91,5,3.69231,8,17,56
92,5,3.65217,8,17,56
93,6,3.67742,8,18,57
94,6,3.6383,8,18,57
95,6,3.6,8,18,57
96,6,3.5625,8,18,57
97,6,3.52577,8,18,57
98,6,3.4898,8,18,57
99,6,3.45455,8,18,57
100,6,3.42,8,18,57
101,6,3.38614,8,18,57
102,6,3.58824,8,22,61
103,6,3.61165,8,23,62
104,6,3.63462,8,24,63
105,7,3.65714,8,25,64
106,7,3.67925,8,26,65
107,8,3.70093,8,27,66
108,8,3.66667,8,27,66
109,8,3.68807,8,28,67
110,8,3.65455,8,28,67
111,8,3.83784,8,32,71
112,8,3.85714,8,33,72
113,8,3.87611,8,34,73
114,8,3.89474,8,35,74
115,8,3.91304,8,36,75
116,8,3.93103,8,37,76
117,8,3.89744,8,37,76
118,8,3.86441,8,37,76
119,8,3.88235,8,38,77
120,8,3.85,8,38,77
121,8,3.86777,8,39,78
122,8,3.83607,8,39,78
123,8,3.85366,8,40,79
124,8,3.87097,8,41,80
125,8,3.84,8,41,80
126,8,3.80952,8,41,80
127,9,3.82677,8,42,81
128,9,3.79688,8,42,81
129,9,3.76744,8,42,81
130,9,3.73846,8,42,81
131,9,3.70992,8,42,81
132,9,3.68182,8,42,81
133,9,3.69925,8,43,82
134,9,3.67164,8,43,82
135,9,3.64444,8,43,82
136,9,3.61765,8,43,82
137,9,3.59124,8,43,82
138,9,3.56522,8,43,82
139,9,3.53957,8,43,82
140,9,3.51429,8,43,82
141,9,3.65957,8,47,86
142,9,3.6338,8,47,86
143,9,3.60839,8,47,86
144,9,3.625,8,48,87
145,9,3.6,8,48,87
146,9,3.57534,8,48,87
147,9,3.55102,8,48,87
148,9,3.56757,8,49,88
149,9,3.58389,8,50,89
150,9,3.64,8,52,91
151,9,3.61589,8,52,91
152,9,3.59211,8,52,91
153,9,3.72549,8,56,95
154,9,3.74026,8,57,96
155,9,3.75484,8,58,97
156,9,3.73077,8,58,97
157,9,3.74522,8,59,98
158,9,3.72152,8,59,98
159,9,3.69811,7,0,98
160,9,3.675,7,0,98
161,9,3.65217,7,0,98
162,9,3.62963,7,0,98
163,9,3.64417,7,1,99
164,9,3.65854,7,2,100
165,9,3.67273,7,3,101
166,9,3.68675,7,4,102
167,9,3.66467,7,4,102
168,9,3.67857,7,5,103
169,9,3.6568,7,5,103
170,9,3.63529,7,5,103
171,9,3.61404,7,5,103
172,9,3.62791,7,6,104
173,9,3.60694,7,6,104
174,9,3.58621,7,6,104
175,9,3.63429,7,8,106
176,9,3.61364,7,8,106
177,9,3.59322,7,8,106
178,9,3.60674,7,9,107
179,9,3.62011,7,10,108
180,9,3.63333,7,11,109
181,9,3.67956,7,13,111
182,9,3.65934,7,13,111
183,9,3.63934,7,13,111
184,9,3.65217,7,14,112
185,9,3.66486,7,15,113
186,9,3.64516,7,15,113
187,9,3.75401,7,19,117
188,9,3.76596,7,20,118
189,9,3.87302,7,24,122
190,9,3.88421,7,25,123
191,9,3.89529,7,26,124
192,9,3.875,6,0,124
193,9,3.85492,6,0,124
194,9,3.83505,6,0,124
195,9,3.84615,6,1,125
196,9,3.82653,6,1,125
197,9,3.80711,6,1,125
198,9,3.78788,6,1,125
199,9,3.79899,6,2,126
200,9,3.78,6,2,126
201,9,3.79104,6,3,127
202,9,3.80198,6,4,128
203,9,3.81281,6,5,129
204,9,3.82353,6,6,130
205,9,3.80488,6,6,130
206,9,3.78641,6,6,130
207,9,3.76812,6,6,130
208,9,3.75,6,6,130
209,9,3.73206,6,6,130
210,9,3.71429,6,6,130
211,9,3.72512,6,7,131
212,9,3.76415,6,9,133
213,9,3.74648,6,9,133
214,9,3.72897,6,9,133
215,9,3.71163,6,9,133
216,9,3.69444,6,9,133
217,9,3.67742,6,9,133
218,9,3.66055,6,9,133
219,9,3.67123,6,10,134
220,9,3.65455,6,10,134
221,9,3.63801,6,10,134
222,9,3.72973,6,14,138
223,10,3.73991,6,15,139
224,10,3.75,6,16,140
225,10,3.78667,6,18,142
226,10,3.76991,6,18,142
227,10,3.77974,6,19,143
228,10,3.86842,6,23,147
229,10,3.87773,6,24,148
230,10,3.88696,6,25,149
231,10,3.8961,6,26,150
232,10,3.87931,6,26,150
233,10,3.86266,6,26,150
234,10,3.87179,6,27,151
235,11,3.88085,6,28,152
236,11,3.88983,6,29,153
237,11,3.89873,6,30,154
238,11,3.90756,6,31,155
239,11,3.91632,6,32,156
240,11,3.925,6,33,157
241,11,3.93361,6,34,158
242,11,3.91736,6,34,158
243,11,3.90123,6,34,158
244,11,3.90984,6,35,159
245,11,3.89388,6,35,159
246,11,3.90244,6,36,160
247,11,3.88664,6,36,160
248,12,3.89516,6,37,161
249,12,3.90361,6,38,162
250,12,3.912,6,39,163
251,12,3.92032,6,40,164
252,12,3.92857,6,41,165
253,12,3.91304,6,41,165
254,12,3.92126,6,42,166
255,12,3.90588,6,42,166
256,12,3.91406,6,43,167
257,12,3.92218,6,44,168
258,12,4,6,48,172
259,12,4.03089,6,50,174
260,12,4.03846,6,51,175
261,12,4.04598,6,52,176
262,12,4.05344,6,53,177
263,13,4.06084,6,54,178
264,13,4.06818,6,55,179
265,13,4.09811,6,57,181
266,13,4.10526,6,58,182
267,13,4.08989,5,0,182
268,13,4.09701,5,1,183
269,13,4.08178,5,1,183
270,13,4.06667,5,1,183
271,13,4.0738,5,2,184
272,13,4.08088,5,3,185
273,13,4.08791,5,4,186
274,13,4.07299,5,4,186
275,13,4.05818,5,4,186
276,13,4.04348,5,4,186
277,13,4.02888,5,4,186
278,13,4.10072,5,8,190
279,15,4.12903,5,10,192
280,15,4.11429,5,10,192
281,15,4.18505,5,14,196
282,15,4.19149,5,15,197
283,15,4.17668,5,15,197
284,15,4.16197,5,15,197
285,15,4.14737,5,15,197
286,15,4.13287,4,0,197
287,15,4.11847,4,0,197
288,15,4.125,4,1,198
289,16,4.13149,4,2,199
290,16,4.13793,4,3,200
291,16,4.12371,4,3,200
292,16,4.10959,4,3,200
293,16,4.11604,4,4,201
294,16,4.12245,4,5,202
295,16,4.14915,4,7,204
296,16,4.21622,4,11,208
297,16,4.22222,4,12,209
298,17,4.22819,4,13,210
299,17,4.21405,4,13,210
300,17,4.22,4,14,211
301,17,4.20598,4,14,211
302,18,4.21192,4,15,212
303,18,4.19802,3,0,212
304,18,4.18421,3,0,212
305,18,4.17049,3,0,212
306,22,4.23529,3,4,216
307,22,4.24104,3,5,217
308,22,4.24675,3,6,218
309,22,4.25243,3,7,219
310,22,4.35484,3,13,225
311,22,4.41801,3,17,229