1,0,0,10,0,0
2,0,0,10,0,0
3,0,0,10,0,0
4,0,0,10,0,0
5,0,1.2,10,1,1
6,0,2,10,2,2
7,1,2.57143,10,3,3
8,2,3,10,4,4
9,2,2.66667,10,4,4
10,2,2.4,10,4,4
11,2,2.18182,10,4,4
12,2,2,10,4,4
13,2,1.84615,10,4,4
14,2,2.14286,10,5,5
15,2,2.4,10,6,6
16,2,2.625,10,7,7
17,2,3.88235,10,11,11
18,2,3.66667,10,11,11
19,2,3.47368,10,11,11
20,2,3.3,10,11,11
21,2,3.14286,10,11,11
22,2,3.27273,10,12,12
23,2,3.13043,10,12,12
24,2,3,10,12,12
25,2,2.88,10,12,12
26,2,2.76923,10,12,12
27,2,2.88889,10,13,13
28,2,3.21429,10,15,15
29,2,3.31034,10,16,16
30,2,3.2,10,16,16
31,2,3.09677,10,16,16
32,2,3,10,16,16
33,2,2.90909,10,16,16
34,2,2.82353,10,16,16
35,2,2.74286,10,16,16
36,2,2.66667,10,16,16
37,2,2.59459,10,16,16
38,2,2.52632,10,16,16
39,2,2.46154,10,16,16
40,2,2.4,10,16,16
41,2,2.4878,10,17,17
42,2,3,10,21,21
43,2,2.93023,10,21,21
44,2,3,10,22,22
45,2,2.93333,10,22,22
46,2,2.86957,10,22,22
47,2,2.80851,10,22,22
48,2,2.875,10,23,23
49,2,2.81633,10,23,23
50,2,2.76,10,23,23
51,2,2.70588,10,23,23
52,2,2.65385,10,23,23
53,2,2.60377,10,23,23
54,2,2.55556,9,0,23
55,2,2.50909,9,0,23
56,2,2.46429,9,0,23
57,2,2.42105,9,0,23
58,2,2.37931,9,0,23
59,2,2.44068,9,1,24
60,2,2.5,9,2,25
61,2,2.45902,9,2,25
62,2,2.41935,9,2,25
63,2,2.47619,9,3,26
64,2,2.4375,9,3,26
65,2,2.49231,9,4,27
66,2,2.45455,8,0,27
67,2,2.41791,8,0,27
68,2,2.38235,8,0,27
69,2,2.34783,8,0,27
70,2,2.31429,8,0,27
71,2,2.4507,8,2,29
72,2,2.41667,8,2,29
73,2,2.38356,8,2,29
74,2,2.35135,8,2,29
75,2,2.32,8,2,29
76,2,2.28947,8,2,29
77,2,2.25974,8,2,29
78,2,2.23077,8,2,29
79,2,2.20253,8,2,29
80,2,2.175,8,2,29
81,2,2.14815,8,2,29
82,2,2.12195,8,2,29
83,2,2.09639,8,2,29
84,2,2.5,8,8,35
85,2,2.61176,8,10,37
86,2,2.5814,8,10,37
87,2,2.55172,8,10,37
88,2,2.52273,8,10,37
89,2,2.62921,8,12,39
90,2,2.6,8,12,39
91,2,2.57143,8,12,39
92,2,2.54348,8,12,39
93,2,2.51613,8,12,39
94,2,2.55319,8,13,40
95,2,2.58947,8,14,41
96,3,2.625,8,15,42
97,3,2.65979,8,16,43
98,3,2.63265,8,16,43
99,3,2.60606,8,16,43
100,5,2.7,8,18,45
101,5,2.67327,8,18,45
102,5,2.64706,8,18,45
103,5,2.62136,8,18,45
104,5,2.59615,8,18,45
105,5,2.62857,8,19,46
106,5,2.60377,8,19,46
107,5,2.63551,8,20,47
108,5,2.66667,8,21,48
109,5,2.69725,8,22,49
110,5,2.67273,8,22,49
111,5,2.7027,8,23,50
112,5,2.67857,8,23,50
113,5,2.65487,8,23,50
114,5,2.63158,8,23,50
115,5,2.6087,8,23,50
116,5,2.63793,8,24,51
117,5,2.82051,8,28,55
118,5,2.79661,8,28,55
119,5,2.87395,8,30,57
120,5,3.05,8,34,61
121,5,3.22314,8,38,65
122,5,3.2459,8,39,66
123,5,3.21951,8,39,66
124,5,3.24194,8,40,67
125,5,3.216,8,40,67
126,5,3.19048,8,40,67
127,5,3.2126,8,41,68
128,5,3.1875,8,41,68
129,5,3.16279,8,41,68
130,6,3.18462,8,42,69
131,6,3.20611,8,43,70
132,6,3.22727,8,44,71
133,6,3.20301,8,44,71
134,6,3.22388,8,45,72
135,6,3.37778,8,49,76
136,6,3.35294,8,49,76
137,6,3.32847,8,49,76
138,6,3.30435,8,49,76
139,6,3.28058,8,49,76
140,6,3.25714,8,49,76
141,6,3.2766,8,50,77
142,6,3.25352,7,0,77
143,6,3.23077,7,0,77
144,6,3.375,7,4,81
145,6,3.3931,7,5,82
146,6,3.41096,7,6,83
147,6,3.42857,7,7,84
148,6,3.44595,7,8,85
149,6,3.42282,7,8,85
150,6,3.44,7,9,86
151,6,3.45695,7,10,87
152,6,3.47368,7,11,88
153,6,3.4902,7,12,89
154,6,3.46753,7,12,89
155,6,3.44516,7,12,89
156,6,3.46154,7,13,90
157,6,3.55414,7,16,93
158,6,3.56962,7,17,94
159,6,3.62264,7,19,96
160,6,3.75,7,23,100
161,6,3.72671,7,23,100
162,6,3.7037,7,23,100
163,6,3.68098,7,23,100
164,6,3.65854,7,23,100
165,6,3.63636,7,23,100
166,6,3.61446,7,23,100
167,6,3.59281,7,23,100
168,6,3.60714,7,24,101
169,6,3.72781,7,28,105
170,6,3.74118,7,29,106
171,6,3.75439,7,30,107
172,6,3.87209,7,34,111
173,6,3.84971,7,34,111
174,6,3.86207,7,35,112
175,6,3.87429,7,36,113
176,6,3.85227,7,36,113
177,6,3.86441,7,37,114
178,6,3.8427,7,37,114
179,7,3.85475,7,38,115
180,7,3.86667,7,39,116
181,7,3.87845,7,40,117
182,7,3.89011,7,41,118
183,7,3.90164,7,42,119
184,7,4.07609,7,48,125
185,7,4.11892,7,50,127
186,12,4.25806,7,55,132
187,12,4.23529,7,55,132
188,12,4.34043,7,59,136
189,12,4.34921,7,60,137
190,12,4.35789,7,61,138
191,12,4.33508,7,61,138
192,12,4.34375,7,62,139
193,12,4.32124,6,0,139
194,12,4.29897,6,0,139
195,12,4.27692,6,0,139
196,12,4.31633,6,2,141
197,12,4.29442,6,2,141
198,12,4.27273,6,2,141
199,12,4.31156,6,4,143
200,12,4.29,6,4,143
201,12,4.26866,6,4,143
202,12,4.27723,6,5,144
203,12,4.25616,6,5,144
204,12,4.23529,6,5,144
205,12,4.2439,6,6,145
206,12,4.2233,6,6,145
207,12,4.2029,6,6,145
208,12,4.18269,6,6,145
209,12,4.16268,6,6,145
210,12,4.14286,6,6,145
211,12,4.12322,5,0,145
212,12,4.10377,5,0,145
213,12,4.08451,5,0,145
214,12,4.06542,5,0,145
215,12,4.07442,5,1,146
216,12,4.05556,5,1,146
217,12,4.09217,5,3,148
218,12,4.07339,5,3,148
219,12,4.05479,5,3,148
220,12,4.03636,5,3,148
221,12,4.0181,5,3,148
222,12,4,5,3,148
223,12,3.98206,5,3,148
224,12,3.99107,5,4,149
225,12,3.97333,5,4,149
226,12,3.9823,5,5,150
227,12,3.99119,5,6,151
228,12,4,5,7,152
229,12,3.98253,4,0,152
230,12,3.96522,3,0,152
231,12,3.94805,3,0,152
232,12,3.93103,3,0,152
233,12,3.91416,3,0,152
234,12,3.89744,3,0,152
235,12,3.88085,3,0,152
236,12,3.86441,3,0,152
237,12,3.94937,3,4,156
238,12,3.93277,3,4,156
239,12,3.94142,3,5,157
240,12,3.925,3,5,157
241,12,4.0083,3,9,161
242,12,3.99174,3,9,161
243,12,3.97531,3,9,161
244,12,4.05738,3,13,165
245,12,4.04082,3,13,165
246,12,4.02439,3,13,165
247,12,4.0081,3,13,165
248,12,3.99194,3,13,165
249,12,3.9759,3,13,165
250,12,3.96,3,13,165
251,12,3.94422,3,13,165
252,12,3.92857,3,13,165
253,12,3.93676,3,14,166
254,12,3.92126,3,14,166
255,13,3.92941,3,15,167
256,13,3.91406,3,15,167
257,13,3.89883,3,15,167
258,13,3.88372,2,0,167
259,13,3.86873,2,0,167
260,13,3.85385,2,0,167
261,13,3.93103,2,4,171
262,13,3.96183,2,6,173
263,13,3.96958,2,7,174
264,13,3.97727,2,8,175
265,13,3.96226,2,8,175
266,13,3.94737,2,8,175
267,14,3.95506,2,9,176
268,14,3.9403,2,9,176
269,14,3.92565,2,9,176
270,14,3.91111,2,9,176
271,14,3.89668,2,9,176
272,14,3.88235,2,9,176
273,14,3.86813,2,9,176
274,14,3.89781,2,11,178
275,14,3.88364,2,11,178
276,14,3.86957,2,11,178
277,14,3.8556,2,11,178
278,15,3.86331,2,12,179
279,15,3.84946,2,12,179
280,15,3.83571,2,12,179
281,15,3.86477,2,14,181
282,15,3.85106,2,14,181
283,15,3.83746,2,14,181
284,15,3.84507,2,15,182
285,15,3.83158,1,0,182
286,15,3.81818,1,0,182
287,15,3.80488,1,0,182
288,15,3.8125,1,1,183
289,15,3.79931,1,1,183
290,15,3.78621,1,1,183
291,15,3.7732,1,1,183
292,15,3.76027,1,1,183
293,15,3.7884,1,3,185
294,15,3.77551,1,3,185
295,15,3.76271,1,3,185
296,15,3.75,1,3,185
297,15,3.73737,1,3,185
298,15,3.72483,1,3,185
299,15,3.75251,1,5,187
300,15,3.74,1,5,187
301,15,3.72757,1,5,187
302,15,3.71523,1,5,187
303,15,3.82178,1,11,193
304,15,3.88816,1,15,197
305,15,3.99344,1,21,203
