1,0,0,10,0,0
2,0,0,10,0,0
3,0,0,10,0,0
4,0,0,10,0,0
5,0,2.4,10,2,2
6,0,6,10,6,6
7,0,5.14286,10,6,6
8,0,5.25,10,7,7
9,0,4.66667,10,7,7
10,0,4.2,10,7,7
11,0,4.36364,10,8,8
12,0,4,10,8,8
13,0,3.69231,10,8,8
14,0,3.42857,10,8,8
15,0,3.2,10,8,8
16,0,3,10,8,8
17,0,3.17647,10,9,9
18,0,3,10,9,9
19,0,4.10526,10,13,13
20,0,4.2,10,14,14
21,0,4,10,14,14
22,0,3.81818,10,14,14
23,0,4.69565,10,18,18
24,0,4.5,10,18,18
25,0,4.32,10,18,18
26,0,4.38462,10,19,19
27,0,4.22222,10,19,19
28,0,4.5,10,21,21
29,0,4.34483,10,21,21
30,0,4.6,10,23,23
31,0,4.45161,10,23,23
32,0,4.3125,10,23,23
33,0,4.72727,10,26,26
34,0,4.58824,10,26,26
35,0,4.45714,10,26,26
36,0,4.5,10,27,27
37,0,4.37838,10,27,27
38,0,4.57895,10,29,29
39,0,4.46154,10,29,29
40,0,4.35,10,29,29
41,0,4.2439,10,29,29
42,0,4.14286,10,29,29
43,0,4.04651,10,29,29
44,0,4.09091,10,30,30
45,0,4.53333,10,34,34
46,0,4.43478,10,34,34
47,0,4.34043,10,34,34
48,0,4.5,10,36,36
49,0,4.89796,10,40,40
50,0,4.92,10,41,41
51,0,4.82353,10,41,41
52,0,4.73077,10,41,41
53,0,4.64151,10,41,41
54,0,4.55556,10,41,41
55,0,4.47273,10,41,41
56,0,4.5,10,42,42
57,0,4.42105,10,42,42
58,0,4.55172,10,44,44
59,0,4.47458,10,44,44
60,0,4.4,10,44,44
61,0,4.32787,10,44,44
62,0,4.25806,10,44,44
63,0,4.19048,10,44,44
64,0,4.5,10,48,48
65,0,4.43077,10,48,48
66,0,4.45455,10,49,49
67,0,4.38806,10,49,49
68,0,4.32353,10,49,49
69,1,4.34783,10,50,50
70,1,4.28571,10,50,50
71,1,4.22535,9,0,50
72,1,4.16667,9,0,50
73,1,4.19178,9,1,51
74,1,4.13514,9,1,51
75,1,4.24,9,3,53
76,1,4.18421,9,3,53
77,1,4.12987,9,3,53
78,1,4.07692,9,3,53
79,1,4.02532,9,3,53
80,1,4.05,9,4,54
81,1,4,9,4,54
82,1,3.95122,9,4,54
83,1,3.90361,9,4,54
84,1,3.85714,9,4,54
85,1,3.81176,9,4,54
86,1,3.83721,9,5,55
87,1,3.86207,9,6,56
88,1,3.81818,9,6,56
89,1,3.8427,9,7,57
90,1,3.8,9,7,57
91,1,3.75824,9,7,57
92,1,3.71739,9,7,57
93,1,3.67742,9,7,57
94,1,3.6383,9,7,57
95,1,3.66316,9,8,58
96,1,3.625,9,8,58
97,1,3.58763,9,8,58
98,1,3.61224,9,9,59
99,1,3.63636,9,10,60
100,1,3.66,9,11,61
101,1,3.68317,9,12,62
102,1,3.64706,9,12,62
103,1,3.72816,9,14,64
104,1,3.75,9,15,65
105,2,3.77143,9,16,66
106,2,3.73585,9,16,66
107,2,3.70093,9,16,66
108,2,3.88889,9,20,70
109,2,3.85321,9,20,70
110,2,3.87273,9,21,71
111,2,3.83784,9,21,71
112,2,3.85714,9,22,72
113,2,3.82301,9,22,72
114,2,3.84211,9,23,73
115,2,3.86087,9,24,74
116,2,3.82759,9,24,74
117,2,3.84615,9,25,75
118,2,3.86441,9,26,76
119,2,4.03361,9,30,80
120,2,4,8,0,80
121,2,3.96694,8,0,80
122,2,3.98361,8,1,81
123,2,4,8,2,82
124,3,4.01613,8,3,83
125,3,4.032,8,4,84
126,3,4,8,4,84
127,3,4.01575,8,5,85
128,3,3.98438,8,5,85
129,3,3.95349,8,5,85
130,3,3.92308,8,5,85
131,3,3.89313,8,5,85
132,3,3.86364,8,5,85
133,3,3.83459,8,5,85
134,3,3.85075,8,6,86
135,4,3.86667,8,7,87
136,4,3.83824,8,7,87
137,4,3.85401,8,8,88
138,4,3.86957,8,9,89
139,4,3.84173,8,9,89
140,4,3.85714,8,10,90
141,4,3.87234,8,11,91
142,4,3.88732,8,12,92
143,4,3.9021,8,13,93
144,4,3.91667,8,14,94
145,4,3.88966,8,14,94
146,4,3.86301,8,14,94
147,4,3.87755,8,15,95
148,4,3.85135,7,0,95
149,4,3.86577,7,1,96
150,4,3.92,7,3,98
151,4,3.89404,7,3,98
152,4,3.86842,7,3,98
153,4,3.88235,7,4,99
154,4,3.85714,6,0,99
155,4,3.83226,6,0,99
156,4,3.80769,6,0,99
157,4,3.78344,6,0,99
158,4,3.79747,6,1,100
159,4,3.81132,6,2,101
160,4,3.9375,6,6,105
161,4,3.91304,6,6,105
162,4,3.88889,6,6,105
163,4,3.97546,6,9,108
164,4,3.9878,6,10,109
165,4,4,6,11,110
166,4,3.9759,6,11,110
167,4,3.9521,6,11,110
168,4,3.96429,6,12,111
169,4,3.94083,6,12,111
170,4,3.91765,6,12,111
171,4,3.92982,6,13,112
172,4,3.90698,6,13,112
173,4,3.88439,6,13,112
174,4,3.89655,6,14,113
175,4,3.94286,6,16,115
176,4,3.92045,6,16,115
177,4,3.89831,6,16,115
178,4,3.8764,5,0,115
179,4,3.88827,5,1,116
180,4,3.86667,5,1,116
181,4,3.8453,5,1,116
182,4,3.82418,5,1,116
183,4,3.80328,5,1,116
184,4,3.78261,5,1,116
185,5,3.79459,5,2,117
186,5,3.77419,5,2,117
187,5,3.75401,5,2,117
188,5,3.73404,5,2,117
189,5,3.71429,5,2,117
190,5,3.72632,5,3,118
191,5,3.73822,5,4,119
192,5,3.75,5,5,120
193,5,3.73057,5,5,120
194,5,3.7732,5,7,122
195,5,3.75385,5,7,122
196,5,3.76531,5,8,123
197,5,3.74619,5,8,123
198,5,3.84848,5,12,127
199,5,3.8593,5,13,128
200,5,3.84,5,13,128
201,5,3.8209,5,13,128
202,5,3.86139,5,15,130
203,5,3.84236,5,15,130
204,5,3.85294,5,16,131
205,5,3.89268,5,18,133
206,5,3.90291,5,19,134
207,5,3.91304,5,20,135
208,5,3.92308,5,21,136
209,5,3.90431,5,21,136
210,5,3.91429,5,22,137
211,5,3.89573,5,22,137
212,6,3.90566,5,23,138
213,6,3.91549,5,24,139
214,6,3.92523,5,25,140
215,6,3.96279,5,27,142
216,6,3.94444,5,27,142
217,6,3.95392,5,28,143
218,6,3.93578,5,28,143
219,6,3.91781,5,28,143
220,6,3.92727,5,29,144
221,6,3.9095,4,0,144
222,6,3.89189,4,0,144
223,6,3.87444,4,0,144
224,6,3.91071,4,2,146
225,6,3.92,4,3,147
226,6,3.9292,4,4,148
227,6,3.93833,4,5,149
228,6,3.97368,4,7,151
229,6,3.95633,4,7,151
230,6,3.93913,4,7,151
231,6,3.92208,4,7,151
232,6,3.90517,4,7,151
233,6,3.88841,4,7,151
234,6,3.87179,4,7,151
235,6,3.88085,4,8,152
236,6,3.86441,4,8,152
237,6,3.87342,4,9,153
238,6,3.95798,4,13,157
239,6,3.94142,4,13,157
240,6,3.95,4,14,158
241,6,3.95851,4,15,159
242,6,3.94215,4,15,159
243,6,3.95062,4,16,160
244,6,3.93443,4,16,160
245,6,3.94286,4,17,161
246,6,3.95122,4,18,162
247,6,3.95951,4,19,163
248,6,4.01613,4,22,166
249,6,4,4,22,166
250,6,4.008,4,23,167
251,6,4.01594,4,24,168
252,6,4.02381,4,25,169
253,6,4.00791,4,25,169
254,6,4.03937,4,27,171
255,6,4.04706,4,28,172
256,6,4.03125,4,28,172
257,6,4.01556,4,28,172
258,6,4,4,28,172
259,6,4.00772,4,29,173
260,6,4.01538,4,30,174
261,6,4,4,30,174
262,6,4.00763,4,31,175
263,6,3.9924,4,31,175
264,6,4,4,32,176
265,6,4.00755,4,33,177
266,6,4.08271,4,37,181
267,6,4.06742,4,37,181
268,6,4.09701,4,39,183
269,6,4.10409,4,40,184
270,6,4.17778,4,44,188
271,6,4.22878,4,47,191
272,6,4.23529,4,48,192
273,6,4.26374,4,50,194
274,6,4.27007,4,51,195
275,6,4.25455,3,0,195
276,6,4.23913,3,0,195
277,6,4.22383,3,0,195
278,6,4.20863,3,0,195
279,6,4.23656,3,2,197
280,6,4.24286,3,3,198
281,6,4.22776,3,3,198
282,6,4.23404,3,4,199
283,6,4.24028,3,5,200
284,6,4.24648,3,6,201
285,6,4.23158,3,6,201
286,6,4.23776,3,7,202
287,6,4.34843,3,13,208
288,6,4.33333,3,13,208
289,6,4.31834,3,13,208
290,6,4.32414,3,14,209
291,7,4.3299,3,15,210
292,7,4.31507,3,15,210
293,7,4.32082,3,16,211
294,7,4.32653,3,17,212
295,7,4.4339,3,23,218
296,7,4.45946,3,25,220
297,7,4.56566,3,31,226
298,7,4.57047,3,32,227
299,7,4.55518,3,32,227
300,7,4.54,3,32,227
301,7,4.52492,3,32,227
302,7,4.5894,3,36,231
303,7,4.57426,3,36,231