1,0,0,10,0,0
2,0,0,10,0,0
3,0,0,10,0,0
4,0,0,10,0,0
5,0,0,10,0,0
6,0,0,10,0,0
7,0,0,10,0,0
8,0,0,10,0,0
9,0,0,10,0,0
10,0,0,10,0,0
11,0,0,10,0,0
12,0,0,9,0,0
13,0,0,9,0,0
14,0,1.71429,9,4,4
15,0,1.6,9,4,4
16,0,1.5,9,4,4
17,0,1.76471,9,5,5
18,0,2.33333,9,7,7
19,0,2.21053,9,7,7
20,0,2.1,9,7,7
21,0,2,9,7,7
22,0,2.72727,9,10,10
23,0,2.6087,9,10,10
24,0,2.5,9,10,10
25,0,3.12,9,13,13
26,0,3.23077,9,14,14
27,0,3.11111,9,14,14
28,0,3,9,14,14
29,0,2.89655,9,14,14
30,0,3,9,15,15
31,0,2.90323,9,15,15
32,0,2.8125,9,15,15
33,4,3.45455,9,19,19
34,4,3.35294,9,19,19
35,4,3.6,9,21,21
36,4,3.5,9,21,21
37,4,3.56757,9,22,22
38,4,3.47368,9,22,22
39,4,4,9,26,26
40,4,3.9,9,26,26
41,4,3.80488,9,26,26
42,5,3.85714,9,27,27
43,5,4.04651,9,29,29
44,5,3.95455,9,29,29
45,5,3.86667,9,29,29
46,5,3.78261,9,29,29
47,5,3.70213,9,29,29
48,5,3.625,9,29,29
49,5,3.55102,9,29,29
50,5,3.48,9,29,29
51,5,3.52941,9,30,30
52,5,3.92308,9,34,34
53,5,3.96226,9,35,35
54,5,3.88889,9,35,35
55,5,3.81818,9,35,35
56,5,4.17857,9,39,39
57,5,4.10526,9,39,39
58,5,4.03448,9,39,39
59,5,3.9661,9,39,39
60,5,3.9,9,39,39
61,5,4.03279,9,41,41
62,5,3.96774,9,41,41
63,5,3.90476,9,41,41
64,5,3.84375,9,41,41
65,5,3.78462,9,41,41
66,5,4.09091,9,45,45
67,5,4.1194,9,46,46
68,5,4.14706,9,47,47
69,5,4.08696,9,47,47
70,5,4.11429,9,48,48
71,5,4.05634,9,48,48
72,5,4,9,48,48
73,5,3.94521,9,48,48
74,5,4.21622,9,52,52
75,5,4.16,8,0,52
76,5,4.10526,8,0,52
77,5,4.12987,8,1,53
78,5,4.15385,8,2,54
79,5,4.10127,8,2,54
80,5,4.05,8,2,54
81,5,4.07407,8,3,55
82,5,4.02439,8,3,55
83,5,3.9759,8,3,55
84,5,4,8,4,56
85,5,3.95294,8,4,56
86,5,3.90698,8,4,56
87,5,3.93103,8,5,57
88,6,3.95455,8,6,58
89,6,3.91011,8,6,58
90,6,3.86667,8,6,58
91,6,3.89011,8,7,59
92,6,3.84783,8,7,59
93,6,3.80645,8,7,59
94,6,3.76596,8,7,59
95,6,3.78947,8,8,60
96,6,3.75,8,8,60
97,6,3.7732,8,9,61
98,6,3.73469,8,9,61
99,6,3.69697,8,9,61
100,6,3.9,8,13,65
101,6,3.86139,8,13,65
102,6,3.82353,8,13,65
103,6,3.84466,8,14,66
104,6,3.86538,8,15,67
105,6,3.82857,8,15,67
106,6,3.79245,7,0,67
107,6,3.86916,7,2,69
108,6,3.83333,7,2,69
109,6,3.79817,7,2,69
110,6,3.76364,7,2,69
111,6,3.78378,7,3,70
112,6,3.75,7,3,70
113,6,3.71681,7,3,70
114,6,3.68421,7,3,70
115,6,3.65217,7,3,70
116,6,3.62069,7,3,70
117,6,3.64103,7,4,71
118,6,3.61017,7,4,71
119,6,3.57983,7,4,71
120,6,3.55,7,4,71
121,6,3.52066,7,4,71
122,6,3.4918,7,4,71
123,6,3.46341,6,0,71
124,6,3.43548,6,0,71
125,6,3.408,6,0,71
126,6,3.38095,6,0,71
127,6,3.54331,6,4,75
128,6,3.51562,6,4,75
129,6,3.48837,6,4,75
130,6,3.46154,6,4,75
131,6,3.43511,6,4,75
132,6,3.45455,6,5,76
133,6,3.42857,6,5,76
134,6,3.40299,6,5,76
135,6,3.46667,6,7,78
136,6,3.44118,6,7,78
137,6,3.41606,6,7,78
138,6,3.3913,6,7,78
139,6,3.36691,6,7,78
140,6,3.38571,6,8,79
141,6,3.3617,6,8,79
142,6,3.33803,6,8,79
143,6,3.31469,6,8,79
144,6,3.33333,6,9,80
145,6,3.31034,6,9,80
146,6,3.28767,6,9,80
147,6,3.30612,6,10,81
148,6,3.32432,6,11,82
149,6,3.34228,6,12,83
150,6,3.32,6,12,83
151,6,3.33775,6,13,84
152,6,3.31579,6,13,84
153,6,3.29412,6,13,84
154,6,3.31169,6,14,85
155,6,3.29032,6,14,85
156,6,3.26923,6,14,85
157,6,3.24841,6,14,85
158,6,3.22785,6,14,85
159,6,3.20755,6,14,85
160,6,3.1875,6,14,85
161,6,3.20497,6,15,86
162,6,3.22222,6,16,87
163,6,3.20245,6,16,87
164,6,3.18293,6,16,87
165,6,3.16364,6,16,87
166,6,3.14458,6,16,87
167,6,3.12575,6,16,87
168,6,3.10714,6,16,87
169,7,3.12426,6,17,88
170,7,3.10588,6,17,88
171,7,3.08772,5,0,88
172,7,3.06977,5,0,88
173,7,3.05202,5,0,88
174,7,3.06897,5,1,89
175,7,3.08571,5,2,90
176,7,3.06818,5,2,90
177,7,3.08475,5,3,91
178,7,3.10112,5,4,92
179,7,3.0838,5,4,92
180,7,3.1,5,5,93
181,7,3.08287,5,5,93
182,7,3.1978,5,9,97
183,7,3.18033,5,9,97
184,7,3.16304,5,9,97
185,7,3.14595,5,9,97
186,7,3.22581,5,12,100
187,7,3.20856,5,12,100
188,7,3.2234,5,13,101
189,7,3.20635,5,13,101
190,7,3.25263,5,15,103
191,7,3.2356,5,15,103
192,7,3.21875,4,0,103
193,7,3.20207,4,0,103
194,7,3.18557,4,0,103
195,7,3.2,4,1,104
196,7,3.2449,4,3,106
197,7,3.22843,4,3,106
198,7,3.21212,4,3,106
199,7,3.22613,4,4,107
200,7,3.21,4,4,107
201,7,3.19403,4,4,107
202,7,3.17822,4,4,107
203,7,3.22167,4,6,109
204,7,3.20588,4,6,109
205,7,3.19024,4,6,109
206,7,3.17476,4,6,109
207,7,3.15942,4,6,109
208,7,3.17308,4,7,110
209,7,3.15789,4,7,110
210,7,3.14286,4,7,110
211,7,3.12796,4,7,110
212,7,3.11321,4,7,110
213,7,3.09859,4,7,110
214,7,3.08411,4,7,110
215,7,3.06977,4,7,110
216,7,3.05556,4,7,110
217,7,3.06912,4,8,111
218,7,3.08257,4,9,112
219,7,3.06849,3,0,112
220,7,3.05455,2,0,112
221,7,3.04072,1,0,112
222,7,3.02703,1,0,112
223,7,3.01345,1,0,112
224,7,3.10714,1,4,116
225,7,3.09333,1,4,116
226,7,3.18584,1,8,120
227,7,3.17181,1,8,120
228,7,3.15789,1,8,120
229,7,3.17031,1,9,121
230,7,3.15652,1,9,121
231,7,3.14286,1,9,121
232,7,3.12931,1,9,121
233,11,3.21888,1,13,125
234,11,3.20513,1,13,125
235,11,3.19149,1,13,125
236,11,3.17797,1,13,125
237,11,3.26582,1,17,129
238,11,3.2521,1,17,129
239,13,3.2887,1,19,131
240,13,3.375,1,23,135
241,13,3.361,1,23,135
242,13,3.34711,0,0,135
