1,1,6,10,1,1
2,2,6,10,2,2
3,2,4,10,2,2
4,2,3,10,2,2
5,2,3.6,10,3,3
6,2,3,10,3,3
7,2,6,10,7,7
8,2,5.25,10,7,7
9,2,4.66667,10,7,7
10,2,4.2,10,7,7
11,2,3.81818,10,7,7
12,2,3.5,10,7,7
13,2,3.23077,10,7,7
14,2,3,10,7,7
15,2,2.8,10,7,7
16,2,2.625,10,7,7
17,2,3.88235,10,11,11
18,2,4,10,12,12
19,2,3.78947,10,12,12
20,2,3.6,10,12,12
21,2,3.42857,10,12,12
22,2,4.36364,10,16,16
23,2,4.43478,10,17,17
24,2,4.5,10,18,18
25,2,4.56,10,19,19
26,2,4.38462,10,19,19
27,3,4.44444,10,20,20
28,3,4.28571,10,20,20
29,3,4.96552,10,24,24
30,3,5.2,10,26,26
31,3,5.03226,10,26,26
32,3,4.875,10,26,26
33,3,4.72727,10,26,26
34,3,4.58824,10,26,26
35,4,4.62857,10,27,27
36,4,5.16667,10,31,31
37,4,5.02703,10,31,31
38,4,4.89474,10,31,31
39,5,4.92308,10,32,32
40,6,4.95,10,33,33
41,6,5.41463,10,37,37
42,6,5.28571,10,37,37
43,6,5.30233,10,38,38
44,6,5.18182,10,38,38
45,6,5.06667,10,38,38
46,6,4.95652,10,38,38
47,6,4.85106,10,38,38
48,6,4.75,10,38,38
49,6,4.65306,10,38,38
50,6,5.04,10,42,42
51,6,4.94118,10,42,42
52,6,4.84615,10,42,42
53,6,4.75472,10,42,42
54,6,4.77778,10,43,43
55,6,4.90909,10,45,45
56,6,4.82143,10,45,45
57,6,5.15789,10,49,49
58,6,5.06897,10,49,49
59,6,4.98305,10,49,49
60,6,4.9,10,49,49
61,6,4.81967,10,49,49
62,6,5.12903,10,53,53
63,6,5.04762,10,53,53
64,6,5.0625,10,54,54
65,6,4.98462,10,54,54
66,6,5,10,55,55
67,6,5.01493,10,56,56
68,6,5.02941,10,57,57
69,6,4.95652,10,57,57
70,6,4.88571,10,57,57
71,6,4.8169,10,57,57
72,6,4.75,10,57,57
73,6,4.76712,10,58,58
74,6,4.7027,10,58,58
75,6,4.64,10,58,58
76,6,4.57895,10,58,58
77,6,4.5974,10,59,59
78,6,4.61538,10,60,60
79,6,4.63291,10,61,61
80,6,4.65,10,62,62
81,6,4.59259,9,0,62
82,6,4.53659,9,0,62
83,6,4.55422,9,1,63
84,6,4.5,9,1,63
85,7,4.51765,9,2,64
86,7,4.53488,9,3,65
87,7,4.48276,9,3,65
88,8,4.5,9,4,66
89,8,4.44944,9,4,66
90,8,4.46667,9,5,67
91,8,4.48352,9,6,68
92,8,4.5,9,7,69
93,8,4.45161,9,7,69
94,8,4.40426,9,7,69
95,8,4.35789,9,7,69
96,8,4.3125,9,7,69
97,8,4.26804,9,7,69
98,8,4.34694,9,9,71
99,8,4.54545,9,13,75
100,8,4.5,9,13,75
101,8,4.51485,9,14,76
102,8,4.52941,9,15,77
103,8,4.54369,9,16,78
104,8,4.55769,9,17,79
105,8,4.51429,9,17,79
106,8,4.4717,9,17,79
107,8,4.42991,9,17,79
108,8,4.38889,9,17,79
109,8,4.56881,9,21,83
110,8,4.52727,9,21,83
111,8,4.48649,9,21,83
112,8,4.44643,9,21,83
113,8,4.46018,9,22,84
114,8,4.42105,9,22,84
115,8,4.43478,9,23,85
116,8,4.44828,9,24,86
117,8,4.61538,9,28,90
118,8,4.62712,9,29,91
119,8,4.58824,9,29,91
120,8,4.6,9,30,92
121,8,4.61157,9,31,93
122,8,4.57377,9,31,93
123,8,4.58537,9,32,94
124,8,4.54839,9,32,94
125,8,4.56,9,33,95
126,8,4.52381,9,33,95
127,8,4.53543,9,34,96
128,8,4.54688,9,35,97
129,8,4.51163,9,35,97
130,8,4.52308,9,36,98
131,8,4.53435,9,37,99
132,8,4.5,9,37,99
133,8,4.51128,9,38,100
134,8,4.74627,9,44,106
135,8,4.75556,9,45,107
136,8,4.72059,9,45,107
137,8,4.68613,9,45,107
138,8,4.69565,9,46,108
139,8,4.66187,9,46,108
140,8,4.62857,9,46,108
141,8,4.76596,9,50,112
142,8,4.73239,9,50,112
143,8,4.86713,9,54,116
144,8,4.875,9,55,117
145,8,4.88276,9,56,118
146,8,4.84932,9,56,118
147,8,4.81633,9,56,118
148,8,4.82432,9,57,119
149,8,4.87248,9,59,121
150,8,4.84,9,59,121
151,8,4.80795,9,59,121
152,8,4.81579,9,60,122
153,8,4.78431,9,60,122
154,8,4.75325,9,60,122
155,8,4.76129,9,61,123
156,8,4.76923,9,62,124
157,8,4.77707,9,63,125
158,8,4.78481,9,64,126
159,8,4.79245,9,65,127
160,8,4.8,9,66,128
161,8,4.77019,9,66,128
162,8,4.96296,9,72,134
163,8,4.96933,9,73,135
164,8,4.93902,9,73,135
165,8,4.90909,9,73,135
166,8,4.91566,9,74,136
167,8,4.92216,9,75,137
168,8,4.89286,9,75,137
169,9,4.89941,9,76,138
170,9,4.87059,9,76,138
171,9,4.91228,9,78,140
172,9,4.88372,9,78,140
173,9,4.89017,9,79,141
174,9,4.89655,9,80,142
175,9,4.86857,9,80,142
176,9,4.84091,9,80,142
177,9,4.81356,9,80,142
178,9,4.78652,9,80,142
179,9,4.75978,9,80,142
180,9,4.76667,9,81,143
181,9,4.77348,9,82,144
182,9,4.74725,9,82,144
183,9,4.72131,9,82,144
184,9,4.72826,9,83,145
185,9,4.83243,9,87,149
186,9,4.83871,9,88,150
187,9,4.81283,9,88,150
188,9,4.78723,9,88,150
189,9,4.79365,9,89,151
190,9,4.8,9,90,152
191,9,4.77487,9,90,152
192,9,4.78125,9,91,153
193,9,4.78756,9,92,154
194,9,4.82474,9,94,156
195,9,4.83077,9,95,157
196,9,4.80612,9,95,157
197,9,4.78173,9,95,157
198,9,4.75758,9,95,157
199,9,4.73367,9,95,157
200,9,4.71,9,95,157
201,9,4.71642,9,96,158
202,9,4.69307,9,96,158
203,9,4.66995,8,0,158
204,9,4.64706,8,0,158
205,9,4.65366,8,1,159
206,9,4.68932,8,3,161
207,10,4.69565,8,4,162
208,10,4.70192,8,5,163
209,10,4.67943,8,5,163
210,11,4.68571,8,6,164
211,11,4.69194,8,7,165
212,11,4.69811,8,8,166
213,11,4.70423,8,9,167
214,11,4.71028,8,10,168
215,11,4.71628,8,11,169
216,11,4.72222,8,12,170
217,11,4.72811,8,13,171
218,11,4.70642,8,13,171
219,11,4.68493,7,0,171
220,11,4.77273,7,4,175
221,11,4.77828,7,5,176
222,11,4.75676,7,5,176
223,11,4.76233,7,6,177
224,11,4.74107,7,6,177
225,11,4.74667,7,7,178
226,11,4.75221,7,8,179
227,11,4.75771,7,9,180
228,11,4.89474,7,15,186
229,11,4.89956,7,16,187
230,11,4.98261,7,20,191
231,11,5.06494,7,24,195
232,12,5.06897,7,25,196
233,12,5.04721,7,25,196
234,12,5.02564,7,25,196
235,12,5.10638,7,29,200
236,12,5.11017,7,30,201
237,13,5.11392,7,31,202
238,13,5.19328,7,35,206
239,13,5.19665,7,36,207
240,13,5.175,7,36,207
241,13,5.15353,7,36,207
242,13,5.2314,7,40,211
243,13,5.20988,7,40,211
244,13,5.28689,7,44,215
245,13,5.2898,7,45,216
246,13,5.29268,7,46,217
247,13,5.29555,7,47,218
248,13,5.27419,7,47,218
249,13,5.27711,7,48,219
250,13,5.28,7,49,220
251,13,5.30677,7,51,222
252,13,5.38095,7,55,226
253,13,5.3834,7,56,227
254,13,5.38583,7,57,228
255,13,5.36471,7,57,228
256,13,5.39062,7,59,230
257,13,5.36965,6,0,230
258,13,5.34884,6,0,230
259,13,5.37452,6,2,232
260,13,5.37692,6,3,233
261,13,5.37931,6,4,234
262,13,5.38168,6,5,235
263,13,5.36122,6,5,235
264,13,5.36364,6,6,236
265,13,5.43396,6,10,240
266,13,5.41353,5,0,240
267,13,5.41573,5,1,241
268,13,5.41791,5,2,242
269,13,5.48699,5,6,246
270,13,5.55556,5,10,250
271,13,5.53506,5,10,250
272,13,5.53676,5,11,251
273,13,5.53846,5,12,252
274,13,5.51825,5,12,252
275,14,5.52,5,13,253
276,14,5.52174,5,14,254
277,14,5.50181,5,14,254
278,14,5.48201,5,14,254
279,14,5.48387,5,15,255
280,14,5.55,5,19,259
281,14,5.53025,5,19,259
282,15,5.53191,5,20,260
283,15,5.53357,5,21,261
284,15,5.51408,5,21,261
285,15,5.51579,5,22,262
286,15,5.51748,5,23,263
287,15,5.62369,5,29,269
288,15,5.64583,5,31,271
289,15,5.70934,5,35,275
