1,0,0,10,0,0
2,0,0,10,0,0
3,1,2,10,1,1
4,1,1.5,10,1,1
5,1,1.2,10,1,1
6,1,1,10,1,1
7,1,0.857143,10,1,1
8,1,1.5,10,2,2
9,1,1.33333,10,2,2
10,2,1.8,10,3,3
11,2,1.63636,10,3,3
12,2,3,10,6,6
13,3,3.23077,10,7,7
14,3,4.71429,10,11,11
15,3,4.4,10,11,11
16,3,4.5,10,12,12
17,3,5.64706,10,16,16
18,3,6.66667,10,20,20
19,3,6.31579,10,20,20
20,3,6,10,20,20
21,3,5.71429,10,20,20
22,3,5.72727,10,21,21
23,5,6,10,23,23
24,5,6.75,10,27,27
25,5,6.48,10,27,27
26,5,6.23077,10,27,27
27,5,6.22222,10,28,28
28,5,6.21429,10,29,29
29,5,6,9,0,29
30,5,5.8,9,0,29
31,5,5.80645,9,1,30
32,5,6.375,9,5,34
33,5,6.36364,9,6,35
34,5,6.17647,9,6,35
35,5,6,9,6,35
36,5,6,9,7,36
37,5,6,9,8,37
38,5,6.47368,9,12,41
39,5,6.30769,9,12,41
40,5,6.15,9,12,41
41,5,6.29268,9,14,43
42,5,6.14286,9,14,43
43,5,6,9,14,43
44,5,5.86364,9,14,43
45,5,6.26667,9,18,47
46,5,6.13043,9,18,47
47,5,6.51064,9,22,51
48,5,6.375,9,22,51
49,5,6.2449,9,22,51
50,5,6.24,9,23,52
51,5,6.11765,9,23,52
52,5,6,9,23,52
53,5,6.33962,9,27,56
54,5,6.66667,9,31,60
55,5,6.87273,9,34,63
56,5,6.75,9,34,63
57,5,7.05263,9,38,67
58,5,7.03448,9,39,68
59,5,6.91525,9,39,68
60,5,6.8,9,39,68
61,5,6.68852,9,39,68
62,5,6.58065,9,39,68
63,5,6.47619,9,39,68
64,5,6.375,9,39,68
65,5,6.27692,9,39,68
66,5,6.27273,9,40,69
67,5,6.1791,9,40,69
68,5,6.26471,9,42,71
69,5,6.52174,9,46,75
70,5,6.42857,9,46,75
71,5,6.33803,9,46,75
72,5,6.25,9,46,75
73,5,6.24658,9,47,76
74,5,6.16216,9,47,76
75,5,6.16,9,48,77
76,5,6.07895,9,48,77
77,5,6,9,48,77
78,5,5.92308,9,48,77
79,5,5.92405,9,49,78
80,5,6,9,51,80
81,5,5.92593,9,51,80
82,5,5.85366,9,51,80
83,5,5.78313,9,51,80
84,5,5.71429,9,51,80
85,5,5.71765,9,52,81
86,5,5.72093,9,53,82
87,5,5.65517,9,53,82
88,5,5.59091,9,53,82
89,5,5.52809,9,53,82
90,5,5.53333,9,54,83
91,5,5.47253,9,54,83
92,5,5.47826,9,55,84
93,5,5.48387,9,56,85
94,7,5.55319,9,58,87
95,7,5.49474,9,58,87
96,7,5.6875,9,62,91
97,7,5.62887,9,62,91
98,7,5.57143,9,62,91
99,7,5.57576,9,63,92
100,7,5.52,9,63,92
101,7,5.52475,9,64,93
102,7,5.52941,9,65,94
103,7,5.47573,8,0,94
104,7,5.42308,8,0,94
105,7,5.37143,8,0,94
106,7,5.32075,8,0,94
107,7,5.27103,7,0,94
108,7,5.27778,7,1,95
109,7,5.22936,7,1,95
110,7,5.18182,7,1,95
111,7,5.13514,7,1,95
112,7,5.14286,7,2,96
113,7,5.15044,7,3,97
114,7,5.15789,7,4,98
115,7,5.16522,7,5,99
116,7,5.17241,7,6,100
117,7,5.12821,7,6,100
118,7,5.13559,7,7,101
119,7,5.09244,7,7,101
120,8,5.1,7,8,102
121,8,5.15702,7,10,104
122,8,5.11475,7,10,104
123,8,5.07317,7,10,104
124,8,5.08065,7,11,105
125,8,5.088,7,12,106
126,8,5.04762,7,12,106
127,8,5.00787,7,12,106
128,8,4.96875,7,12,106
129,8,4.97674,7,13,107
130,8,4.98462,7,14,108
131,8,4.94656,7,14,108
132,8,4.90909,7,14,108
133,8,4.96241,7,16,110
134,8,4.92537,7,16,110
135,8,4.88889,7,16,110
136,8,4.85294,7,16,110
137,8,4.81752,7,16,110
138,8,4.78261,7,16,110
139,8,4.92086,7,20,114
140,8,4.88571,7,20,114
141,8,4.89362,7,21,115
142,8,4.85915,7,21,115
143,8,4.82517,7,21,115
144,8,4.83333,7,22,116
145,8,4.8,7,22,116
146,8,4.76712,7,22,116
147,8,4.73469,7,22,116
148,8,4.7027,7,22,116
149,8,4.71141,7,23,117
150,8,4.68,7,23,117
151,8,4.64901,7,23,117
152,8,4.65789,7,24,118
153,8,4.62745,7,24,118
154,8,4.5974,7,24,118
155,8,4.60645,7,25,119
156,8,4.61538,7,26,120
157,8,4.6242,7,27,121
158,8,4.63291,7,28,122
159,8,4.60377,7,28,122
160,8,4.6125,7,29,123
161,8,4.62112,7,30,124
162,8,4.59259,7,30,124
163,8,4.60123,7,31,125
164,8,4.60976,7,32,126
165,8,4.61818,7,33,127
166,8,4.59036,7,33,127
167,8,4.5988,7,34,128
168,10,4.64286,7,36,130
169,10,4.61538,7,36,130
170,10,4.58824,7,36,130
171,10,4.59649,7,37,131
172,10,4.56977,7,37,131
173,10,4.54335,7,37,131
174,10,4.55172,7,38,132
175,10,4.73143,7,44,138
176,10,4.70455,7,44,138
177,10,4.67797,7,44,138
178,10,4.65169,7,44,138
179,10,4.6257,7,44,138
180,10,4.6,7,44,138
181,10,4.60773,7,45,139
182,10,4.61538,7,46,140
183,10,4.65574,7,48,142
184,10,4.76087,7,52,146
185,10,4.76757,7,53,147
186,10,4.74194,7,53,147
187,10,4.71658,7,53,147
188,10,4.7234,7,54,148
189,10,4.73016,7,55,149
190,10,4.73684,7,56,150
191,10,4.71204,7,56,150
192,10,4.6875,7,56,150
193,10,4.78756,7,60,154
194,10,4.76289,7,60,154
195,10,4.76923,7,61,155
196,10,4.77551,7,62,156
197,10,4.75127,7,62,156
198,10,4.72727,7,62,156
199,10,4.73367,7,63,157
200,10,4.74,7,64,158
201,10,4.74627,7,65,159
202,10,4.72277,7,65,159
203,10,4.69951,7,65,159
204,10,4.79412,7,69,163
205,10,4.8,7,70,164
206,10,4.80583,7,71,165
207,10,4.81159,7,72,166
208,10,4.81731,7,73,167
209,10,4.79426,6,0,167
210,10,4.77143,6,0,167
211,10,4.74882,6,0,167
212,10,4.72642,6,0,167
213,10,4.70423,6,0,167
214,10,4.71028,6,1,168
215,10,4.77209,6,4,171
216,10,4.77778,6,5,172
217,10,4.75576,6,5,172
218,10,4.76147,6,6,173
219,10,4.73973,6,6,173
220,10,4.82727,6,10,177
221,10,4.80543,6,10,177
222,10,4.78378,6,10,177
223,10,4.76233,6,10,177
224,10,4.74107,6,10,177
225,10,4.74667,6,11,178
226,10,4.75221,6,12,179
227,10,4.837,6,16,183
228,10,4.84211,6,17,184
229,10,4.82096,6,17,184
230,10,4.8,6,17,184
231,10,4.80519,6,18,185
232,10,4.81034,6,19,186
233,10,4.8412,6,21,188
234,10,4.84615,6,22,189
235,10,4.82553,6,22,189
236,10,4.80508,6,22,189
237,10,4.88608,6,26,193
238,10,4.86555,6,26,193
239,10,4.84519,6,26,193
240,10,4.825,6,26,193
241,10,4.82988,6,27,194
242,10,4.80992,6,27,194
243,10,4.81481,6,28,195
244,10,4.84426,6,30,197
245,10,4.82449,6,30,197
246,10,4.80488,6,30,197
247,10,4.80972,6,31,198
248,10,4.81452,6,32,199
249,10,4.79518,6,32,199
250,10,4.776,6,32,199
251,10,4.75697,6,32,199
252,10,4.7619,6,33,200
253,11,4.7668,6,34,201
254,11,4.84252,6,38,205
255,11,4.84706,6,39,206
256,11,4.85156,6,40,207
257,11,4.92607,6,44,211
258,11,4.90698,6,44,211
259,11,4.88803,6,44,211
260,11,4.86923,6,44,211
261,11,4.85057,6,44,211
262,11,4.85496,6,45,212
263,11,4.90494,6,48,215
264,11,4.90909,6,49,216
265,11,4.98113,6,53,220
266,11,4.98496,6,54,221
267,11,5.03371,6,57,224
268,11,5.01493,6,57,224
269,11,5.01859,6,58,225
270,11,5.02222,6,59,226
271,11,5.02583,6,60,227
272,11,5.09559,6,64,231
273,11,5.0989,6,65,232
274,11,5.10219,6,66,233
275,11,5.10545,6,67,234
276,11,5.1087,6,68,235
277,11,5.11191,6,69,236
278,11,5.11511,6,70,237
279,11,5.11828,6,71,238
280,11,5.12143,6,72,239
281,12,5.12456,6,73,240
282,12,5.12766,6,74,241
283,12,5.10954,6,74,241
284,12,5.17606,6,78,245
285,12,5.17895,6,79,246
286,12,5.16084,6,79,246
287,12,5.16376,6,80,247
288,12,5.14583,6,80,247
289,12,5.14879,6,81,248
290,12,5.21379,6,85,252
291,12,5.19588,6,85,252
292,12,5.19863,6,86,253
