1,0,0,10,0,0
2,0,0,10,0,0
3,0,2,10,1,1
4,1,3,10,2,2
5,1,2.4,10,2,2
6,1,3,10,3,3
7,1,2.57143,10,3,3
8,1,2.25,10,3,3
9,1,2,10,3,3
10,1,1.8,10,3,3
11,1,1.63636,10,3,3
12,1,1.5,10,3,3
13,1,1.38462,9,0,3
14,1,1.28571,9,0,3
15,1,1.2,9,0,3
16,1,1.125,9,0,3
17,1,1.05882,9,0,3
18,1,1,9,0,3
19,1,0.947368,9,0,3
20,1,2.1,9,4,7
21,1,2,9,4,7
22,1,1.90909,9,4,7
23,1,2.08696,9,5,8
24,1,3,9,9,12
25,1,2.88,9,9,12
26,1,2.76923,9,9,12
27,1,2.66667,9,9,12
28,1,3,9,11,14
29,1,2.89655,9,11,14
30,1,2.8,9,11,14
31,1,3.09677,9,13,16
32,1,3,9,13,16
33,1,2.90909,9,13,16
34,1,2.82353,9,13,16
35,1,2.74286,9,13,16
36,1,2.66667,9,13,16
37,1,2.59459,9,13,16
38,1,2.84211,9,15,18
39,1,2.76923,9,15,18
40,1,2.7,9,15,18
41,1,3.21951,9,19,22
42,1,3.42857,9,21,24
43,1,3.48837,9,22,25
44,1,3.95455,9,26,29
45,1,3.86667,9,26,29
46,1,3.78261,8,0,29
47,1,3.82979,8,1,30
48,1,4,8,3,32
49,1,3.91837,8,3,32
50,1,3.84,8,3,32
51,1,3.76471,8,3,32
52,1,3.69231,8,3,32
53,1,3.62264,8,3,32
54,1,3.55556,8,3,32
55,1,3.49091,8,3,32
56,1,3.85714,8,7,36
57,1,3.78947,8,7,36
58,1,3.72414,8,7,36
59,1,3.76271,8,8,37
60,1,3.7,8,8,37
61,1,3.63934,8,8,37
62,1,3.58065,8,8,37
63,1,3.52381,8,8,37
64,1,3.46875,8,8,37
65,1,3.41538,8,8,37
66,1,3.72727,8,12,41
67,1,3.67164,8,12,41
68,1,3.61765,8,12,41
69,1,3.56522,8,12,41
70,1,3.85714,8,16,45
71,1,3.88732,8,17,46
72,1,3.83333,8,17,46
73,1,3.78082,8,17,46
74,1,3.72973,8,17,46
75,1,3.68,8,17,46
76,1,3.63158,8,17,46
77,1,3.58442,8,17,46
78,1,3.53846,8,17,46
79,1,3.56962,8,18,47
80,1,3.675,8,20,49
81,1,3.62963,8,20,49
82,1,3.65854,8,21,50
83,1,3.75904,8,23,52
84,1,3.71429,8,23,52
85,1,3.67059,8,23,52
86,1,3.62791,8,23,52
87,1,3.58621,8,23,52
88,1,3.54545,8,23,52
89,1,3.50562,8,23,52
90,1,3.53333,8,24,53
91,1,3.49451,8,24,53
92,1,3.45652,8,24,53
93,1,3.41935,8,24,53
94,1,3.38298,8,24,53
95,1,3.34737,8,24,53
96,1,3.375,8,25,54
97,1,3.46392,8,27,56
98,1,3.42857,8,27,56
99,1,3.39394,8,27,56
100,1,3.42,8,28,57
101,1,3.38614,8,28,57
102,1,3.35294,8,28,57
103,1,3.32039,8,28,57
104,3,3.40385,8,30,59
105,3,3.37143,8,30,59
106,3,3.33962,8,30,59
107,3,3.36449,8,31,60
108,3,3.33333,8,31,60
109,4,3.3578,8,32,61
110,4,3.32727,8,32,61
111,4,3.35135,8,33,62
112,4,3.32143,8,33,62
113,4,3.29204,8,33,62
114,4,3.26316,8,33,62
115,4,3.23478,8,33,62
116,4,3.2069,8,33,62
117,4,3.17949,8,33,62
118,4,3.20339,8,34,63
119,4,3.17647,8,34,63
120,4,3.15,8,34,63
121,4,3.17355,8,35,64
122,4,3.19672,8,36,65
123,4,3.17073,8,36,65
124,4,3.14516,8,36,65
125,4,3.264,8,39,68
126,4,3.2381,8,39,68
127,4,3.2126,8,39,68
128,4,3.1875,8,39,68
129,4,3.16279,8,39,68
130,4,3.13846,8,39,68
131,4,3.1145,8,39,68
132,4,3.13636,8,40,69
133,4,3.11278,8,40,69
134,4,3.13433,8,41,70
135,4,3.15556,8,42,71
136,4,3.22059,8,44,73
137,4,3.24088,8,45,74
138,4,3.21739,8,45,74
139,4,3.19424,8,45,74
140,4,3.17143,8,45,74
141,4,3.19149,8,46,75
142,4,3.33803,8,50,79
143,4,3.35664,8,51,80
144,4,3.33333,8,51,80
145,4,3.35172,8,52,81
146,4,3.36986,8,53,82
147,4,3.34694,8,53,82
148,4,3.32432,8,53,82
149,4,3.34228,8,54,83
150,4,3.32,8,54,83
151,4,3.29801,8,54,83
152,4,3.31579,8,55,84
153,4,3.33333,8,56,85
154,4,3.31169,8,56,85
155,4,3.32903,8,57,86
156,4,3.34615,8,58,87
157,4,3.32484,8,58,87
158,4,3.37975,8,60,89
159,4,3.35849,8,60,89
160,4,3.375,8,61,90
161,4,3.35404,8,61,90
162,4,3.33333,8,61,90
163,4,3.31288,8,61,90
164,4,3.29268,8,61,90
165,4,3.34545,8,63,92
166,4,3.3253,8,63,92
167,4,3.34132,8,64,93
168,4,3.35714,8,65,94
169,4,3.33728,8,65,94
170,5,3.35294,8,66,95
171,5,3.36842,8,67,96
172,5,3.34884,8,67,96
173,5,3.32948,8,67,96
174,5,3.34483,8,68,97
175,5,3.36,8,69,98
176,5,3.375,8,70,99
177,5,3.38983,8,71,100
178,5,3.40449,8,72,101
179,5,3.41899,8,73,102
180,5,3.43333,8,74,103
181,5,3.44751,8,75,104
182,5,3.42857,8,75,104
183,5,3.40984,8,75,104
184,5,3.42391,8,76,105
185,5,3.43784,8,77,106
186,5,3.41935,8,77,106
187,5,3.40107,8,77,106
188,5,3.38298,8,77,106
189,5,3.39683,8,78,107
190,5,3.37895,8,78,107
191,5,3.39267,8,79,108
192,5,3.375,8,79,108
193,5,3.48187,8,83,112
194,5,3.49485,8,84,113
195,6,3.50769,8,85,114
196,6,3.4898,8,85,114
197,6,3.59391,8,89,118
198,6,3.60606,8,90,119
199,6,3.58794,8,90,119
200,6,3.57,8,90,119
201,6,3.55224,8,90,119
202,6,3.56436,8,91,120
203,6,3.5468,8,91,120
204,6,3.52941,8,91,120
205,6,3.5122,8,91,120
206,6,3.49515,8,91,120
207,6,3.47826,8,91,120
208,6,3.49038,8,92,121
209,6,3.58852,8,96,125
210,6,3.6,8,97,126
211,6,3.58294,8,97,126
212,6,3.59434,8,98,127
213,6,3.6338,8,100,129
214,6,3.61682,8,100,129
215,6,3.62791,8,101,130
216,6,3.63889,8,102,131
217,6,3.64977,8,103,132
218,6,3.74312,8,107,136
219,6,3.78082,8,109,138
220,6,3.79091,8,110,139
221,6,3.88235,8,114,143
222,6,3.91892,8,116,145
223,6,3.95516,8,118,147
224,6,3.96429,8,119,148
225,6,3.94667,8,119,148
226,6,3.95575,8,120,149
227,6,3.96476,8,121,150
228,6,3.94737,8,121,150
229,6,3.95633,8,122,151
230,6,3.96522,8,123,152
231,6,4,8,125,154
232,6,3.98276,7,0,154
233,6,3.96567,7,0,154
234,6,3.94872,7,0,154
235,6,3.95745,7,1,155
236,6,3.9661,7,2,156
237,6,3.94937,7,2,156
238,6,3.93277,7,2,156
239,6,4.01674,7,6,160
240,6,4.025,7,7,161
241,6,4.0083,7,7,161
242,6,3.99174,7,7,161
243,6,3.97531,6,0,161
244,6,3.95902,6,0,161
245,6,3.96735,6,1,162
246,6,3.95122,6,1,162
247,6,3.93522,6,1,162
248,6,3.96774,6,3,164
249,6,3.9759,6,4,165
250,6,4.056,6,8,169
251,6,4.06375,6,9,170
252,6,4.04762,6,9,170
253,6,4.05534,6,10,171
254,6,4.1811,6,16,177
255,6,4.18824,6,17,178
256,6,4.19531,6,18,179
257,6,4.20233,6,19,180
258,6,4.18605,6,19,180
259,6,4.21622,6,21,182
260,6,4.29231,6,25,186
261,6,4.27586,6,25,186
262,6,4.30534,6,27,188
263,6,4.31179,6,28,189
264,6,4.31818,6,29,190
265,6,4.32453,6,30,191
266,6,4.3985,6,34,195
267,6,4.38202,6,34,195
268,6,4.38806,6,35,196
269,6,4.37175,6,35,196
270,6,4.44444,6,39,200
271,6,4.45018,6,40,201
272,6,4.45588,6,41,202
273,6,4.48352,6,43,204
274,6,4.46715,5,0,204
275,11,4.56,5,5,209
276,11,4.56522,5,6,210
277,12,4.5704,5,7,211
278,12,4.57554,5,8,212
279,12,4.58065,5,9,213
280,12,4.56429,4,0,213
281,12,4.5694,4,1,214
282,12,4.55319,4,1,214
283,12,4.5371,4,1,214
284,12,4.54225,4,2,215
285,12,4.61053,4,6,219
286,12,4.61538,4,7,220
287,12,4.62021,4,8,221
288,12,4.66667,4,11,224
289,12,4.67128,4,12,225
290,12,4.65517,4,12,225
291,12,4.63918,4,12,225
292,12,4.62329,4,12,225
293,12,4.62799,4,13,226
294,12,4.63265,4,14,227
295,13,4.63729,4,15,228
296,13,4.64189,4,16,229
297,13,4.62626,4,16,229
298,13,4.61074,3,0,229
299,13,4.59532,3,0,229
300,13,4.58,2,0,229
301,13,4.56478,1,0,229
302,13,4.56954,1,1,230
303,17,4.63366,1,5,234
304,17,4.65789,1,7,236
305,17,4.64262,0,0,236