1,0,0,10,0,0
2,0,0,10,0,0
3,0,0,10,0,0
4,1,1.5,10,1,1
5,2,2.4,10,2,2
6,3,3,10,3,3
7,3,2.57143,10,3,3
8,3,2.25,10,3,3
9,3,4.66667,10,7,7
10,3,4.2,10,7,7
11,4,4.36364,10,8,8
12,6,5,10,10,10
13,6,4.61538,10,10,10
14,6,4.28571,10,10,10
15,7,4.4,10,11,11
16,8,4.5,10,12,12
17,8,4.58824,10,13,13
18,8,5,10,15,15
19,8,6,10,19,19
20,8,5.7,10,19,19
21,8,5.42857,10,19,19
22,8,5.18182,10,19,19
23,8,4.95652,10,19,19
24,8,4.75,10,19,19
25,8,4.56,10,19,19
26,8,4.38462,10,19,19
27,8,4.66667,10,21,21
28,8,4.92857,10,23,23
29,8,4.75862,10,23,23
30,8,4.6,9,0,23
31,8,4.45161,9,0,23
32,8,4.3125,9,0,23
33,8,4.18182,9,0,23
34,8,4.05882,9,0,23
35,8,4.62857,9,4,27
36,8,4.5,9,4,27
37,8,4.37838,9,4,27
38,8,4.26316,9,4,27
39,8,4.15385,9,4,27
40,8,4.05,9,4,27
41,8,3.95122,9,4,27
42,9,4,9,5,28
43,9,4.46512,9,9,32
44,9,4.5,9,10,33
45,9,4.53333,9,11,34
46,9,4.43478,9,11,34
47,9,4.34043,9,11,34
48,9,4.25,9,11,34
49,9,4.16327,9,11,34
50,9,4.08,9,11,34
51,9,4,9,11,34
52,9,3.92308,9,11,34
53,9,3.84906,9,11,34
54,9,4.22222,9,15,38
55,9,4.14545,9,15,38
56,9,4.07143,9,15,38
57,9,4.21053,9,17,40
58,9,4.13793,9,17,40
59,9,4.0678,9,17,40
60,9,4,9,17,40
61,9,4.03279,9,18,41
62,9,3.96774,9,18,41
63,9,4,9,19,42
64,9,4.03125,9,20,43
65,9,4.52308,9,26,49
66,9,4.54545,9,27,50
67,9,4.47761,9,27,50
68,9,4.5,9,28,51
69,9,4.43478,9,28,51
70,9,4.37143,9,28,51
71,9,4.30986,9,28,51
72,9,4.33333,9,29,52
73,9,4.27397,9,29,52
74,9,4.37838,9,31,54
75,9,4.4,9,32,55
76,9,4.34211,9,32,55
77,9,4.28571,9,32,55
78,9,4.30769,9,33,56
79,9,4.32911,9,34,57
80,10,4.35,9,35,58
81,10,4.2963,9,35,58
82,10,4.31707,9,36,59
83,10,4.55422,9,40,63
84,11,4.57143,9,41,64
85,11,4.58824,9,42,65
86,11,4.53488,9,42,65
87,11,4.75862,9,46,69
88,11,4.70455,9,46,69
89,11,4.7191,9,47,70
90,11,4.66667,9,47,70
91,11,4.61538,9,47,70
92,11,4.63043,9,48,71
93,11,4.58065,9,48,71
94,11,4.53191,9,48,71
95,11,4.73684,9,52,75
96,11,4.75,9,53,76
97,11,4.70103,9,53,76
98,11,4.65306,9,53,76
99,11,4.60606,9,53,76
100,11,4.56,9,53,76
101,11,4.57426,9,54,77
102,11,4.52941,9,54,77
103,11,4.48544,9,54,77
104,11,4.67308,9,58,81
105,11,4.62857,9,58,81
106,11,4.64151,9,59,82
107,11,4.65421,9,60,83
108,12,4.66667,9,61,84
109,12,4.62385,9,61,84
110,12,4.69091,9,63,86
111,12,4.64865,9,63,86
112,12,4.60714,9,63,86
113,12,4.56637,9,63,86
114,12,4.52632,9,63,86
115,12,4.48696,9,63,86
116,12,4.5,9,64,87
117,12,4.51282,9,65,88
118,12,4.47458,9,65,88
119,12,4.48739,9,66,89
120,12,4.45,9,66,89
121,12,4.41322,9,66,89
122,12,4.42623,9,67,90
123,12,4.39024,9,67,90
124,12,4.35484,9,67,90
125,12,4.32,9,67,90
126,12,4.28571,9,67,90
127,12,4.29921,9,68,91
128,12,4.3125,9,69,92
129,12,4.32558,9,70,93
130,12,4.29231,8,0,93
131,12,4.25954,8,0,93
132,12,4.27273,8,1,94
133,12,4.28571,8,2,95
134,12,4.25373,8,2,95
135,12,4.26667,8,3,96
136,12,4.23529,8,3,96
137,12,4.24818,8,4,97
138,12,4.26087,8,5,98
139,12,4.23022,8,5,98
140,12,4.2,8,5,98
141,12,4.21277,8,6,99
142,12,4.22535,8,7,100
143,13,4.23776,8,8,101
144,13,4.25,8,9,102
145,13,4.26207,8,10,103
146,13,4.27397,8,11,104
147,13,4.40816,8,15,108
148,13,4.37838,8,15,108
149,13,4.42953,8,17,110
150,13,4.4,8,17,110
151,13,4.45033,8,19,112
152,13,4.57895,8,23,116
153,13,4.54902,8,23,116
154,13,4.51948,8,23,116
155,13,4.52903,8,24,117
156,13,4.5,8,24,117
157,13,4.50955,8,25,118
158,13,4.51899,8,26,119
159,13,4.49057,8,26,119
160,13,4.5,8,27,120
161,13,4.47205,8,27,120
162,13,4.44444,8,27,120
163,13,4.45399,8,28,121
164,13,4.46341,8,29,122
165,14,4.47273,8,30,123
166,14,4.44578,8,30,123
167,14,4.45509,8,31,124
168,14,4.57143,8,35,128
169,14,4.68639,8,39,132
170,14,4.65882,8,39,132
171,14,4.66667,8,40,133
172,14,4.63953,8,40,133
173,14,4.6474,8,41,134
174,14,4.62069,8,41,134
175,14,4.66286,8,43,136
176,14,4.67045,8,44,137
177,14,4.67797,8,45,138
178,14,4.85393,8,51,144
179,14,4.86034,8,52,145
180,14,4.83333,8,52,145
181,14,4.83978,8,53,146
182,14,4.81319,8,53,146
183,14,4.85246,8,55,148
184,14,4.82609,8,55,148
185,14,4.83243,8,56,149
186,14,4.83871,8,57,150
187,14,4.84492,8,58,151
188,14,4.85106,8,59,152
189,14,4.8254,8,59,152
190,14,4.8,8,59,152
191,14,4.77487,8,59,152
192,14,4.78125,8,60,153
193,14,4.78756,8,61,154
194,14,4.82474,8,63,156
195,14,4.83077,8,64,157
196,14,4.80612,8,64,157
197,14,4.78173,8,64,157
198,14,4.75758,8,64,157
199,14,4.73367,8,64,157
200,15,4.74,8,65,158
201,15,4.71642,8,65,158
202,15,4.72277,8,66,159
203,15,4.72906,8,67,160
204,15,4.82353,8,71,164
205,15,4.82927,8,72,165
206,15,4.86408,8,74,167
207,15,4.84058,8,74,167
208,15,4.81731,8,74,167
209,15,4.79426,8,74,167
210,15,4.77143,8,74,167
211,15,4.74882,8,74,167
212,15,4.72642,7,0,167
213,15,4.70423,7,0,167
214,15,4.68224,7,0,167
215,15,4.68837,7,1,168
216,15,4.69444,7,2,169
217,15,4.70046,7,3,170
218,15,4.6789,7,3,170
219,15,4.68493,7,4,171
220,15,4.66364,7,4,171
221,15,4.64253,7,4,171
222,15,4.62162,7,4,171
223,15,4.6278,7,5,172
224,15,4.60714,7,5,172
225,15,4.58667,7,5,172
226,15,4.67257,7,9,176
227,15,4.67841,7,10,177
228,15,4.65789,7,10,177
229,15,4.66376,7,11,178
230,15,4.64348,7,11,178
231,15,4.62338,7,11,178
232,15,4.65517,7,13,180
233,15,4.66094,7,14,181
234,15,4.66667,7,15,182
235,15,4.64681,7,15,182
236,15,4.62712,7,15,182
237,15,4.63291,7,16,183
238,15,4.61345,7,16,183
239,16,4.61925,7,17,184
240,16,4.7,7,21,188
241,16,4.82988,7,27,194
242,16,4.90909,7,31,198
243,16,4.98765,7,35,202
244,16,4.96721,7,35,202
245,16,4.97143,7,36,203
246,16,4.97561,7,37,204
247,16,4.97976,7,38,205
248,16,4.95968,7,38,205
249,16,5.03614,7,42,209
250,16,5.16,7,48,215
251,17,5.16335,7,49,216
252,17,5.16667,7,50,217
253,18,5.16996,7,51,218
254,18,5.24409,7,55,222
255,18,5.24706,7,56,223
256,18,5.25,7,57,224
257,18,5.25292,7,58,225
258,18,5.23256,7,58,225
259,18,5.21236,7,58,225
260,18,5.19231,7,58,225
261,18,5.1954,7,59,226
262,18,5.17557,7,59,226
263,18,5.17871,7,60,227
264,18,5.18182,7,61,228
265,18,5.16226,7,61,228
266,18,5.23308,7,65,232
267,18,5.21348,7,65,232
268,18,5.21642,7,66,233
269,18,5.19703,7,66,233
270,18,5.2,7,67,234
271,18,5.18081,7,67,234
272,18,5.16176,7,67,234
273,18,5.14286,7,67,234
274,18,5.14599,7,68,235
275,18,5.21455,7,72,239
276,18,5.28261,7,76,243
277,18,5.26354,7,76,243
278,18,5.26619,7,77,244
279,18,5.33333,7,81,248
280,18,5.44286,7,87,254
281,18,5.5089,7,91,258
282,18,5.51064,7,92,259
283,18,5.51237,7,93,260
284,19,5.51408,7,94,261
285,19,5.51579,7,95,262
286,19,5.51748,7,96,263
287,19,5.51916,7,97,264
288,19,5.52083,7,98,265
289,20,5.52249,7,99,266
290,20,5.58621,7,103,270
291,20,5.58763,7,104,271
292,20,5.65068,7,108,275
293,20,5.71331,7,112,279
294,20,5.69388,7,112,279
295,21,5.69492,7,113,280
296,21,5.75676,7,117,284
297,21,5.75758,7,118,285
298,21,5.81879,7,122,289
299,21,5.8194,7,123,290
300,21,5.8,6,0,290
301,21,5.78073,6,0,290
302,21,5.80132,6,2,292
303,21,5.80198,6,3,293
304,21,5.80263,6,4,294
305,21,5.80328,6,5,295
306,21,5.82353,6,7,297
307,21,5.92182,6,13,303
308,21,5.9026,5,0,303
309,22,5.90291,5,1,304
310,22,5.96129,5,5,308
311,22,6.01929,5,9,312
312,22,6.01923,5,10,313
313,22,6.01917,5,11,314
314,22,6,5,11,314
315,22,6.09524,5,17,320