1,0,0,10,0,0
2,0,0,10,0,0
3,0,0,10,0,0
4,0,0,10,0,0
5,0,0,10,0,0
6,0,1,10,1,1
7,0,0.857143,10,1,1
8,0,0.75,10,1,1
9,0,0.666667,10,1,1
10,0,0.6,10,1,1
11,1,1.09091,10,2,2
12,1,1,10,2,2
13,1,0.923077,10,2,2
14,1,0.857143,10,2,2
15,1,0.8,10,2,2
16,1,2.25,10,6,6
17,1,2.11765,10,6,6
18,1,2,10,6,6
19,1,1.89474,10,6,6
20,1,3,10,10,10
21,1,3.42857,10,12,12
22,1,3.27273,10,12,12
23,1,3.13043,10,12,12
24,1,3,10,12,12
25,1,2.88,10,12,12
26,1,2.76923,10,12,12
27,1,2.66667,10,12,12
28,1,3,10,14,14
29,1,2.89655,10,14,14
30,1,2.8,10,14,14
31,1,2.90323,10,15,15
32,1,2.8125,10,15,15
33,1,2.90909,10,16,16
34,1,2.82353,10,16,16
35,1,2.74286,10,16,16
36,1,3.33333,10,20,20
37,1,3.24324,10,20,20
38,1,3.31579,10,21,21
39,1,3.23077,10,21,21
40,1,3.15,10,21,21
41,1,3.07317,10,21,21
42,1,3,10,21,21
43,1,3.06977,10,22,22
44,2,3.13636,10,23,23
45,2,3.33333,10,25,25
46,2,3.26087,10,25,25
47,2,3.19149,10,25,25
48,2,3.25,10,26,26
49,2,3.18367,10,26,26
50,2,3.12,10,26,26
51,2,3.05882,10,26,26
52,2,3,10,26,26
53,2,2.9434,10,26,26
54,2,2.88889,10,26,26
55,2,2.83636,10,26,26
56,2,2.78571,10,26,26
57,2,2.73684,10,26,26
58,2,2.89655,10,28,28
59,2,2.94915,10,29,29
60,2,2.9,10,29,29
61,2,2.85246,10,29,29
62,2,2.80645,10,29,29
63,2,2.7619,10,29,29
64,2,3.09375,10,33,33
65,2,3.13846,10,34,34
66,2,3.27273,10,36,36
67,2,3.22388,10,36,36
68,2,3.17647,10,36,36
69,2,3.13043,10,36,36
70,2,3.08571,10,36,36
71,2,3.21127,10,38,38
72,2,3.25,10,39,39
73,2,3.20548,9,0,39
74,2,3.16216,9,0,39
75,2,3.12,8,0,39
76,2,3.07895,8,0,39
77,2,3.03896,8,0,39
78,2,3.15385,8,2,41
79,2,3.18987,8,3,42
80,2,3.15,8,3,42
81,2,3.11111,8,3,42
82,2,3.07317,8,3,42
83,2,3.03614,8,3,42
84,2,3.07143,8,4,43
85,2,3.10588,8,5,44
86,2,3.06977,8,5,44
87,2,3.03448,8,5,44
88,2,3,8,5,44
89,2,2.96629,8,5,44
90,2,2.93333,8,5,44
91,2,2.96703,8,6,45
92,2,2.93478,8,6,45
93,2,2.90323,8,6,45
94,2,2.93617,8,7,46
95,2,3.15789,8,11,50
96,2,3.125,8,11,50
97,2,3.09278,8,11,50
98,2,3.12245,8,12,51
99,2,3.09091,8,12,51
100,2,3.06,8,12,51
101,2,3.0297,8,12,51
102,4,3.11765,8,14,53
103,4,3.08738,8,14,53
104,4,3.11538,8,15,54
105,4,3.14286,8,16,55
106,4,3.11321,8,16,55
107,4,3.14019,8,17,56
108,4,3.16667,8,18,57
109,4,3.19266,8,19,58
110,4,3.16364,8,19,58
111,4,3.18919,8,20,59
112,4,3.21429,8,21,60
113,4,3.18584,8,21,60
114,4,3.15789,8,21,60
115,4,3.13043,8,21,60
116,4,3.10345,8,21,60
117,4,3.07692,8,21,60
118,4,3.10169,8,22,61
119,4,3.12605,8,23,62
120,4,3.15,8,24,63
121,4,3.12397,8,24,63
122,4,3.14754,8,25,64
123,4,3.17073,8,26,65
124,4,3.14516,8,26,65
125,4,3.12,8,26,65
126,4,3.09524,8,26,65
127,4,3.07087,8,26,65
128,4,3.09375,8,27,66
129,4,3.06977,8,27,66
130,4,3.04615,8,27,66
131,4,3.0229,8,27,66
132,4,3,8,27,66
133,4,3.02256,8,28,67
134,4,3,8,28,67
135,4,2.97778,8,28,67
136,4,2.95588,8,28,67
137,4,2.9781,8,29,68
138,4,3.04348,8,31,70
139,4,3.02158,8,31,70
140,4,3,8,31,70
141,4,2.97872,8,31,70
142,4,3.21127,8,37,76
143,4,3.23077,8,38,77
144,4,3.25,8,39,78
145,4,3.26897,8,40,79
146,4,3.24658,8,40,79
147,4,3.22449,8,40,79
148,4,3.2027,8,40,79
149,4,3.22148,8,41,80
150,4,3.24,8,42,81
151,4,3.21854,8,42,81
152,5,3.23684,8,43,82
153,5,3.2549,8,44,83
154,5,3.23377,8,44,83
155,6,3.25161,8,45,84
156,6,3.23077,8,45,84
157,6,3.24841,8,46,85
158,6,3.22785,8,46,85
159,6,3.24528,8,47,86
160,6,3.225,8,47,86
161,6,3.20497,8,47,86
162,6,3.18519,8,47,86
163,6,3.23926,8,49,88
164,6,3.36585,8,53,92
165,6,3.34545,8,53,92
166,6,3.3253,7,0,92
167,6,3.30539,7,0,92
168,6,3.28571,7,0,92
169,6,3.30178,7,1,93
170,6,3.28235,7,1,93
171,6,3.29825,7,2,94
172,6,3.27907,7,2,94
173,6,3.26012,7,2,94
174,6,3.27586,7,3,95
175,6,3.29143,7,4,96
176,6,3.27273,7,4,96
177,6,3.28814,7,5,97
178,6,3.26966,7,5,97
179,6,3.28492,7,6,98
180,6,3.26667,7,6,98
181,6,3.24862,7,6,98
182,6,3.23077,7,6,98
183,6,3.21311,7,6,98
184,6,3.26087,7,8,100
185,6,3.24324,7,8,100
186,6,3.22581,7,8,100
187,6,3.20856,7,8,100
188,6,3.2234,7,9,101
189,6,3.20635,7,9,101
190,6,3.18947,7,9,101
191,6,3.17277,7,9,101
192,6,3.1875,7,10,102
193,6,3.17098,7,10,102
194,6,3.21649,7,12,104
195,6,3.2,7,12,104
196,6,3.18367,7,12,104
197,6,3.19797,7,13,105
198,6,3.18182,7,13,105
199,6,3.16583,7,13,105
200,6,3.15,7,13,105
201,6,3.13433,7,13,105
202,6,3.11881,7,13,105
203,6,3.10345,7,13,105
204,6,3.08824,7,13,105
205,6,3.07317,7,13,105
206,7,3.08738,7,14,106
207,7,3.07246,7,14,106
208,7,3.08654,7,15,107
209,7,3.10048,7,16,108
210,7,3.08571,7,16,108
211,7,3.07109,7,16,108
212,7,3.11321,7,18,110
213,7,3.09859,7,18,110
214,7,3.11215,7,19,111
215,7,3.12558,7,20,112
216,7,3.22222,7,24,116
217,7,3.23502,7,25,117
218,7,3.22018,7,25,117
219,7,3.23288,7,26,118
220,7,3.24545,7,27,119
221,7,3.23077,7,27,119
222,7,3.27027,7,29,121
223,7,3.25561,7,29,121
224,7,3.34821,7,33,125
225,7,3.33333,7,33,125
226,7,3.31858,7,33,125
227,10,3.38326,7,36,128
228,10,3.52632,7,42,134
229,10,3.51092,7,42,134
230,10,3.52174,7,43,135
231,10,3.50649,7,43,135
232,10,3.49138,7,43,135
233,10,3.50215,7,44,136
234,10,3.48718,7,44,136
235,10,3.49787,7,45,137
236,10,3.5339,7,47,139
237,10,3.5443,7,48,140
238,10,3.55462,7,49,141
239,10,3.61506,7,52,144
240,10,3.6,7,52,144
241,10,3.58506,7,52,144
242,10,3.59504,7,53,145
243,10,3.58025,7,53,145
244,10,3.63934,7,56,148
245,10,3.64898,7,57,149
246,10,3.68293,7,59,151
247,10,3.69231,7,60,152
248,10,3.67742,7,60,152
249,10,3.66265,6,0,152
250,10,3.648,6,0,152
251,10,3.63347,6,0,152
252,13,3.69048,6,3,155
253,13,3.6996,6,4,156
254,13,3.68504,6,4,156
255,13,3.67059,6,4,156
256,13,3.65625,6,4,156
257,13,3.64202,6,4,156
258,13,3.65116,6,5,157
259,13,3.66023,6,6,158
260,13,3.66923,6,7,159
261,13,3.65517,6,7,159
262,13,3.64122,6,7,159
263,13,3.65019,6,8,160
264,13,3.72727,6,12,164
265,13,3.73585,6,13,165
266,13,3.7218,6,13,165
267,13,3.73034,6,14,166
268,13,3.76119,6,16,168
269,13,3.74721,6,16,168
270,13,3.82222,6,20,172
271,13,3.8524,6,22,174
272,13,3.83824,5,0,174
273,13,3.82418,5,0,174
274,13,3.83212,5,1,175
275,13,3.84,5,2,176
276,13,3.84783,5,3,177
277,13,3.83394,5,3,177
278,13,3.82014,5,3,177
279,13,3.80645,4,0,177
280,13,3.81429,4,1,178
281,13,3.82206,4,2,179
282,13,3.82979,4,3,180
283,13,3.90106,4,7,184
284,13,3.97183,4,11,188
285,13,4.04211,4,15,192
286,13,4.04895,4,16,193
287,13,4.07666,4,18,195
288,13,4.08333,4,19,196
289,13,4.0692,4,19,196
290,14,4.07586,4,20,197
291,14,4.06186,4,20,197
292,14,4.04795,4,20,197
293,14,4.11604,4,24,201
294,14,4.12245,4,25,202
295,14,4.12881,4,26,203
296,14,4.15541,4,28,205
297,14,4.14141,4,28,205
298,14,4.24832,4,34,211
299,14,4.35452,4,40,217
300,14,4.36,4,41,218
301,15,4.36545,4,42,219
302,16,4.37086,4,43,220
303,16,4.37624,4,44,221
304,17,4.38158,4,45,222
305,17,4.40656,4,47,224
306,17,4.47059,4,51,228
307,17,4.47557,4,52,229