1,0,0,10,0,0
2,0,0,10,0,0
3,0,0,10,0,0
4,0,1.5,10,1,1
5,0,1.2,10,1,1
6,0,5,10,5,5
7,0,4.28571,10,5,5
8,0,3.75,10,5,5
9,0,4.66667,10,7,7
10,0,4.2,10,7,7
11,0,3.81818,10,7,7
12,0,5.5,10,11,11
13,0,5.07692,10,11,11
14,0,4.71429,10,11,11
15,0,5.2,10,13,13
16,0,4.875,9,0,13
17,0,4.58824,9,0,13
18,1,4.66667,9,1,14
19,1,4.42105,9,1,14
20,1,4.5,9,2,15
21,1,4.28571,9,2,15
22,1,4.09091,9,2,15
23,1,4.17391,9,3,16
24,1,4,8,0,16
25,1,4.08,8,1,17
26,1,3.92308,8,1,17
27,1,3.77778,8,1,17
28,1,3.64286,8,1,17
29,1,3.51724,8,1,17
30,1,3.6,8,2,18
31,2,3.67742,8,3,19
32,2,3.5625,8,3,19
33,2,3.63636,8,4,20
34,3,3.70588,8,5,21
35,3,3.6,8,5,21
36,3,3.5,8,5,21
37,3,3.40541,8,5,21
38,3,3.94737,8,9,25
39,3,3.84615,8,9,25
40,3,3.75,8,9,25
41,3,3.65854,8,9,25
42,3,3.71429,8,10,26
43,3,3.62791,8,10,26
44,3,3.54545,8,10,26
45,3,3.46667,8,10,26
46,4,3.52174,8,11,27
47,4,3.44681,8,11,27
48,4,3.375,8,11,27
49,4,3.30612,8,11,27
50,4,3.36,8,12,28
51,4,3.29412,8,12,28
52,4,3.23077,8,12,28
53,4,3.16981,8,12,28
54,4,3.11111,8,12,28
55,4,3.05455,8,12,28
56,4,3.42857,8,16,32
57,4,3.36842,8,16,32
58,4,3.31034,8,16,32
59,4,3.25424,8,16,32
60,4,3.2,8,16,32
61,4,3.14754,8,16,32
62,4,3.09677,8,16,32
63,4,3.04762,8,16,32
64,4,3.375,8,20,36
65,4,3.41538,8,21,37
66,4,3.36364,8,21,37
67,4,3.67164,8,25,41
68,4,3.61765,8,25,41
69,4,3.56522,8,25,41
70,4,3.51429,8,25,41
71,4,3.46479,8,25,41
72,5,3.5,8,26,42
73,5,3.53425,8,27,43
74,5,3.56757,8,28,44
75,5,3.52,8,28,44
76,5,3.55263,8,29,45
77,5,3.58442,8,30,46
78,5,3.53846,8,30,46
79,5,3.49367,8,30,46
80,5,3.525,8,31,47
81,5,3.48148,8,31,47
82,6,3.5122,8,32,48
83,6,3.46988,8,32,48
84,6,3.42857,8,32,48
85,6,3.38824,8,32,48
86,6,3.34884,8,32,48
87,6,3.31034,8,32,48
88,6,3.34091,8,33,49
89,6,3.30337,8,33,49
90,6,3.26667,8,33,49
91,6,3.23077,8,33,49
92,6,3.19565,8,33,49
93,6,3.16129,8,33,49
94,6,3.12766,8,33,49
95,6,3.09474,8,33,49
96,6,3.0625,8,33,49
97,6,3.03093,8,33,49
98,6,3,8,33,49
99,6,2.9697,8,33,49
100,6,3,8,34,50
101,6,2.9703,8,34,50
102,6,2.94118,7,0,50
103,6,2.91262,7,0,50
104,7,2.94231,7,1,51
105,7,2.91429,7,1,51
106,7,2.88679,7,1,51
107,7,2.85981,7,1,51
108,7,2.83333,7,1,51
109,7,2.80734,7,1,51
110,7,2.78182,7,1,51
111,7,2.81081,7,2,52
112,7,2.78571,7,2,52
113,7,2.76106,7,2,52
114,7,2.73684,7,2,52
115,7,2.71304,7,2,52
116,7,2.74138,7,3,53
117,7,2.92308,7,7,57
118,7,2.89831,7,7,57
119,7,2.87395,7,7,57
120,7,2.85,7,7,57
121,7,2.92562,7,9,59
122,7,2.90164,7,9,59
123,7,2.92683,7,10,60
124,7,2.95161,7,11,61
125,7,2.976,7,12,62
126,7,3,7,13,63
127,7,3.16535,7,17,67
128,8,3.1875,7,18,68
129,8,3.16279,7,18,68
130,8,3.13846,7,18,68
131,8,3.1145,7,18,68
132,8,3.13636,7,19,69
133,8,3.11278,7,19,69
134,8,3.08955,7,19,69
135,8,3.11111,7,20,70
136,9,3.13235,7,21,71
137,9,3.10949,7,21,71
138,9,3.08696,7,21,71
139,9,3.10791,7,22,72
140,9,3.08571,7,22,72
141,9,3.06383,7,22,72
142,9,3.04225,7,22,72
143,9,3.02098,7,22,72
144,9,3,7,22,72
145,9,3.02069,7,23,73
146,9,3,7,23,73
147,9,3.06122,7,25,75
148,9,3.08108,7,26,76
149,9,3.10067,7,27,77
150,9,3.08,7,27,77
151,9,3.0596,7,27,77
152,9,3.03947,7,27,77
153,9,3.05882,7,28,78
154,9,3.03896,7,28,78
155,9,3.01935,7,28,78
156,9,3,7,28,78
157,9,3.13376,7,32,82
158,9,3.11392,7,32,82
159,9,3.09434,7,32,82
160,9,3.15,7,34,84
161,9,3.1677,7,35,85
162,9,3.14815,7,35,85
163,9,3.12883,7,35,85
164,9,3.10976,7,35,85
165,9,3.09091,7,35,85
166,9,3.07229,7,35,85
167,9,3.26946,7,41,91
168,9,3.28571,7,42,92
169,9,3.26627,7,42,92
170,9,3.38824,7,46,96
171,9,3.36842,7,46,96
172,9,3.34884,7,46,96
173,9,3.36416,7,47,97
174,9,3.34483,7,47,97
175,9,3.39429,7,49,99
176,9,3.375,7,49,99
177,9,3.38983,7,50,100
178,9,3.37079,7,50,100
179,9,3.35196,7,50,100
180,9,3.36667,7,51,101
181,9,3.38122,7,52,102
182,9,3.36264,7,52,102
183,9,3.34426,7,52,102
184,9,3.3587,7,53,103
185,9,3.34054,7,53,103
186,9,3.35484,7,54,104
187,9,3.36898,7,55,105
188,9,3.35106,7,55,105
189,10,3.36508,7,56,106
190,10,3.37895,7,57,107
191,10,3.36126,7,57,107
192,10,3.375,7,58,108
193,10,3.35751,7,58,108
194,10,3.40206,7,60,110
195,10,3.41538,7,61,111
196,10,3.39796,7,61,111
197,10,3.38071,7,61,111
198,10,3.36364,7,61,111
199,10,3.34673,7,61,111
200,10,3.33,7,61,111
201,10,3.31343,7,61,111
202,10,3.29703,7,61,111
203,10,3.28079,7,61,111
204,10,3.26471,7,61,111
205,10,3.24878,7,61,111
206,10,3.23301,7,61,111
207,10,3.27536,7,63,113
208,10,3.28846,7,64,114
209,10,3.30144,7,65,115
210,10,3.28571,7,65,115
211,10,3.29858,7,66,116
212,10,3.28302,7,66,116
213,10,3.26761,7,66,116
214,10,3.25234,7,66,116
215,10,3.23721,7,66,116
216,10,3.33333,7,70,120
217,10,3.31797,7,70,120
218,10,3.33028,7,71,121
219,10,3.31507,7,71,121
220,10,3.32727,7,72,122
221,10,3.31222,7,72,122
222,10,3.2973,7,72,122
223,10,3.30942,7,73,123
224,10,3.32143,7,74,124
225,10,3.33333,7,75,125
226,10,3.31858,7,75,125
227,10,3.35683,7,77,127
228,10,3.36842,7,78,128
229,10,3.45852,7,82,132
230,10,3.6,7,88,138
231,10,3.63636,7,90,140
232,10,3.62069,7,90,140
233,10,3.60515,7,90,140
234,10,3.58974,7,90,140
235,10,3.6,7,91,141
236,10,3.58475,7,91,141
237,10,3.56962,7,91,141
238,10,3.55462,6,0,141
239,10,3.53975,6,0,141
240,10,3.525,6,0,141
241,10,3.51037,6,0,141
242,10,3.52066,6,1,142
243,10,3.53086,6,2,143
244,10,3.51639,6,2,143
245,11,3.52653,6,3,144
246,11,3.5122,6,3,144
247,11,3.49798,6,3,144
248,11,3.48387,6,3,144
249,11,3.49398,6,4,145
250,11,3.48,6,4,145
251,11,3.46614,6,4,145
252,11,3.47619,6,5,146
253,11,3.46245,6,5,146
254,11,3.47244,6,6,147
255,11,3.45882,6,6,147
256,11,3.46875,6,7,148
257,11,3.4786,6,8,149
258,11,3.55814,6,12,153
259,11,3.5444,6,12,153
260,11,3.62308,6,16,157
261,12,3.63218,6,17,158
262,12,3.64122,6,18,159
263,12,3.62738,6,18,159
264,12,3.63636,6,19,160
265,12,3.64528,6,20,161
266,12,3.7218,6,24,165
267,12,3.73034,6,25,166
268,12,3.76119,6,27,168
269,12,3.74721,6,27,168
270,13,3.75556,6,28,169
271,13,3.7417,6,28,169
272,13,3.75,6,29,170
273,13,3.75824,6,30,171
274,13,3.74453,6,30,171
275,13,3.75273,6,31,172
276,13,3.73913,6,31,172
277,13,3.72563,6,31,172
278,13,3.73381,6,32,173
279,13,3.74194,6,33,174
280,13,3.81429,6,37,178
281,13,3.80071,6,37,178
282,13,3.78723,5,0,178
283,14,3.79505,5,1,179
284,14,3.78169,5,1,179
285,14,3.76842,4,0,179
286,14,3.77622,4,1,180
287,14,3.76307,4,1,180
288,15,3.77083,4,2,181
289,15,3.79931,4,4,183
290,15,3.8069,4,5,184
291,15,3.79381,3,0,184
292,15,3.80137,3,1,185
293,15,3.91126,3,7,191
294,15,3.89796,2,0,191
295,15,4.00678,2,6,197
296,15,4.07432,2,10,201
297,15,4.06061,2,10,201
298,15,4.12752,2,14,205
299,15,4.11371,1,0,205
300,15,4.12,1,1,206
301,15,4.14618,1,3,208
302,15,4.17219,1,5,210
303,15,4.17822,1,6,211
304,15,4.16447,1,6,211
305,15,4.22951,1,10,215
306,15,4.21569,1,10,215
307,15,4.2215,1,11,216
308,15,4.22727,1,12,217
309,15,4.29126,1,16,221
310,15,4.27742,1,16,221
311,15,4.37942,1,22,227
312,15,4.40385,1,24,229
